5.0 -1.0 0.0151560662656
5.0 -0.8 0.0183941243709
5.0 -0.666666666667 0.0220443147254
5.0 -0.533333333333 0.0251955242771
5.0 -0.4 0.0273397733448
5.0 -0.266666666667 0.0316407348067
5.0 -0.133333333333 0.0343439091561
5.0 0.0 0.0345531684366
5.0 0.133333333333 0.0365672653486
5.0 0.266666666667 0.0387384575301
5.0 0.4 0.0400624640523
5.0 0.533333333333 0.0406312529431
5.0 0.666666666667 0.0412551060187
5.0 0.8 0.0444150299475
5.0 1.0 0.0517001470757
9.75 -1.0 0.00959804759724
9.75 -0.8 0.0130333507635
9.75 -0.666666666667 0.0160416269822
9.75 -0.533333333333 0.0204124016806
9.75 -0.4 0.0223457450776
9.75 -0.266666666667 0.026433183308
9.75 -0.133333333333 0.0291659800502
9.75 0.0 0.0307264941533
9.75 0.133333333333 0.0327323536954
9.75 0.266666666667 0.0354683216958
9.75 0.4 0.0358329594634
9.75 0.533333333333 0.03803649816
9.75 0.666666666667 0.0387151501249
9.75 0.8 0.0366594736991
9.75 1.0 0.0379717117371
12.9166666667 -1.0 0.00576819863077
12.9166666667 -0.8 0.00770208803422
12.9166666667 -0.666666666667 0.0126359103662
12.9166666667 -0.533333333333 0.0153181818149
12.9166666667 -0.4 0.0187325318157
12.9166666667 -0.266666666667 0.0213411591977
12.9166666667 -0.133333333333 0.0236468611587
12.9166666667 0.0 0.0281287262221
12.9166666667 0.133333333333 0.0288857269856
12.9166666667 0.266666666667 0.0317290148989
12.9166666667 0.4 0.0320426405278
12.9166666667 0.533333333333 0.0340256267354
12.9166666667 0.666666666667 0.0313128909075
12.9166666667 0.8 0.0304315147664
12.9166666667 1.0 0.0295996695302
16.0833333333 -1.0 0.00319681365729
16.0833333333 -0.8 0.00537036022292
16.0833333333 -0.666666666667 0.00847374979801
16.0833333333 -0.533333333333 0.0120277667976
16.0833333333 -0.4 0.0134746451063
16.0833333333 -0.266666666667 0.0168106295458
16.0833333333 -0.133333333333 0.0203139701689
16.0833333333 0.0 0.0230450677765
16.0833333333 0.133333333333 0.0237223309921
16.0833333333 0.266666666667 0.0272027073893
16.0833333333 0.4 0.0264588239773
16.0833333333 0.533333333333 0.0262914427134
16.0833333333 0.666666666667 0.0266647686053
16.0833333333 0.8 0.0240675939524
16.0833333333 1.0 0.0236489633951
19.25 -1.0 0.00231183859736
19.25 -0.8 0.00406258505102
19.25 -0.666666666667 0.00621129417469
19.25 -0.533333333333 0.00779870126939
19.25 -0.4 0.0104430963044
19.25 -0.266666666667 0.0132414016668
19.25 -0.133333333333 0.0157165651235
19.25 0.0 0.0164602436694
19.25 0.133333333333 0.0198994782257
19.25 0.266666666667 0.0204279105047
19.25 0.4 0.0204995143007
19.25 0.533333333333 0.0213599280145
19.25 0.666666666667 0.0202628208603
19.25 0.8 0.0189602730786
19.25 1.0 0.0177238981047
22.4166666667 -1.0 0.00114420365057
22.4166666667 -0.8 0.00263753970248
22.4166666667 -0.666666666667 0.0037819694984
22.4166666667 -0.533333333333 0.00515906910328
22.4166666667 -0.4 0.00791998067505
22.4166666667 -0.266666666667 0.00996591298779
22.4166666667 -0.133333333333 0.0127027837215
22.4166666667 0.0 0.0137746191278
22.4166666667 0.133333333333 0.0157860088394
22.4166666667 0.266666666667 0.0171407759506
22.4166666667 0.4 0.0183776710091
22.4166666667 0.533333333333 0.0171133400959
22.4166666667 0.666666666667 0.0144589853687
22.4166666667 0.8 0.0137490673309
22.4166666667 1.0 0.0125409584238
25.5833333333 -1.0 0.000817851439781
25.5833333333 -0.8 0.00140074157653
25.5833333333 -0.666666666667 0.00308156714547
25.5833333333 -0.533333333333 0.00394294850423
25.5833333333 -0.4 0.0059075843808
25.5833333333 -0.266666666667 0.00705338071268
25.5833333333 -0.133333333333 0.00866218966848
25.5833333333 0.0 0.0102719640235
25.5833333333 0.133333333333 0.0122096150616
25.5833333333 0.266666666667 0.0115796005864
25.5833333333 0.4 0.0127278456595
25.5833333333 0.533333333333 0.0130064878685
25.5833333333 0.666666666667 0.0121611899852
25.5833333333 0.8 0.0103178615322
25.5833333333 1.0 0.00791492034418
28.75 -1.0 0.000420516093223
28.75 -0.8 0.000817643714993
28.75 -0.666666666667 0.00156390590466
28.75 -0.533333333333 0.00275571069082
28.75 -0.4 0.00373687129385
28.75 -0.266666666667 0.00586522361432
28.75 -0.133333333333 0.00686492623167
28.75 0.0 0.00767797529115
28.75 0.133333333333 0.00801072363135
28.75 0.266666666667 0.00999149872787
28.75 0.4 0.00908182730624
28.75 0.533333333333 0.00931636968914
28.75 0.666666666667 0.00882393529976
28.75 0.8 0.0072638467591
28.75 1.0 0.00523045722571
31.9166666667 -1.0 9.34480191626e-05
31.9166666667 -0.8 0.000303420508059
31.9166666667 -0.666666666667 0.00130745659274
31.9166666667 -0.533333333333 0.00198540633069
31.9166666667 -0.4 0.00277931503593
31.9166666667 -0.266666666667 0.00385317080853
31.9166666667 -0.133333333333 0.00420086845791
31.9166666667 0.0 0.00572288465197
31.9166666667 0.133333333333 0.00613977762556
31.9166666667 0.266666666667 0.00679477715939
31.9166666667 0.4 0.0080812834097
31.9166666667 0.533333333333 0.0072846064857
31.9166666667 0.666666666667 0.00616525747253
31.9166666667 0.8 0.00511657253782
31.9166666667 1.0 0.00404044775582
35.0833333333 -1.0 4.67559736411e-05
35.0833333333 -0.8 0.000279494238861
35.0833333333 -0.666666666667 0.000630558495443
35.0833333333 -0.533333333333 0.00123706509573
35.0833333333 -0.4 0.00219610214101
35.0833333333 -0.266666666667 0.00271180717969
35.0833333333 -0.133333333333 0.00366454374925
35.0833333333 0.0 0.00443834687314
35.0833333333 0.133333333333 0.00457710108667
35.0833333333 0.266666666667 0.00576674054539
35.0833333333 0.4 0.00525578339591
35.0833333333 0.533333333333 0.00499688980891
35.0833333333 0.666666666667 0.00506351889163
35.0833333333 0.8 0.00387491754453
35.0833333333 1.0 0.00242953998723
38.25 -1.0 2.33456979067e-05
38.25 -0.8 0.000186951943523
38.25 -0.666666666667 0.000490428726185
38.25 -0.533333333333 0.000724169018307
38.25 -0.4 0.00140205996795
38.25 -0.266666666667 0.00214845858864
38.25 -0.133333333333 0.00228887778123
38.25 0.0 0.00284784555787
38.25 0.133333333333 0.00336262409556
38.25 0.266666666667 0.00398957795706
38.25 0.4 0.00415578187893
38.25 0.533333333333 0.00396937211705
38.25 0.666666666667 0.0031966308518
38.25 0.8 0.00242725720215
38.25 1.0 0.0017279733703
41.4166666667 -1.0 1e-05
41.4166666667 -0.8 2.33526035558e-05
41.4166666667 -0.666666666667 0.000350300234067
41.4166666667 -0.533333333333 0.000467026789119
41.4166666667 -0.4 0.00109762300238
41.4166666667 -0.266666666667 0.00105056091711
41.4166666667 -0.133333333333 0.00163350616839
41.4166666667 0.0 0.00209922268618
41.4166666667 0.133333333333 0.0030817804112
41.4166666667 0.266666666667 0.00249828054897
41.4166666667 0.4 0.00331563062277
41.4166666667 0.533333333333 0.00291683807379
41.4166666667 0.666666666667 0.00193620884031
41.4166666667 0.8 0.00175128888899
41.4166666667 1.0 0.00123708995583
44.5833333333 -1.0 1e-05
44.5833333333 -0.8 2.34497133924e-05
44.5833333333 -0.666666666667 0.000303087678035
44.5833333333 -0.533333333333 0.000513702635986
44.5833333333 -0.4 0.000537064964668
44.5833333333 -0.266666666667 0.000864682397649
44.5833333333 -0.133333333333 0.00116848159153
44.5833333333 0.0 0.00168074036393
44.5833333333 0.133333333333 0.00154234308798
44.5833333333 0.266666666667 0.00177379684354
44.5833333333 0.4 0.002546104486
44.5833333333 0.533333333333 0.00207860112034
44.5833333333 0.666666666667 0.00200891484634
44.5833333333 0.8 0.00128424108549
44.5833333333 1.0 0.000676885831809
47.75 -1.0 1e-05
47.75 -0.8 1e-05
47.75 -0.666666666667 2.34497133924e-05
47.75 -0.533333333333 0.000117023359399
47.75 -0.4 0.000373836056721
47.75 -0.266666666667 0.000630093891827
47.75 -0.133333333333 0.000770616665792
47.75 0.0 0.0010737161771
47.75 0.133333333333 0.00098076028651
47.75 0.266666666667 0.00114479321935
47.75 0.4 0.00144669304417
47.75 0.533333333333 0.00142375672483
47.75 0.666666666667 0.00147064708811
47.75 0.8 0.000863941905159
47.75 1.0 0.00028041473832
50.9166666667 -1.0 1e-05
50.9166666667 -0.8 1e-05
50.9166666667 -0.666666666667 7.01524380773e-05
50.9166666667 -0.533333333333 0.000163124660846
50.9166666667 -0.4 0.000139940744429
50.9166666667 -0.266666666667 0.000397382202008
50.9166666667 -0.133333333333 0.000629443533518
50.9166666667 0.0 0.000863506763535
50.9166666667 0.133333333333 0.00109821450959
50.9166666667 0.266666666667 0.00112231917673
50.9166666667 0.4 0.00123788779447
50.9166666667 0.533333333333 0.00135348460174
50.9166666667 0.666666666667 0.000816432647713
50.9166666667 0.8 0.000676851696491
50.9166666667 1.0 0.000420480166434
54.0833333333 -1.0 1e-05
54.0833333333 -0.8 1e-05
54.0833333333 -0.666666666667 1e-05
54.0833333333 -0.533333333333 9.31401318916e-05
54.0833333333 -0.4 0.000163301787754
54.0833333333 -0.266666666667 0.000280364121275
54.0833333333 -0.133333333333 0.000140165984713
54.0833333333 0.0 0.000630899866118
54.0833333333 0.133333333333 0.00070028501293
54.0833333333 0.266666666667 0.000677673076278
54.0833333333 0.4 0.000863254707932
54.0833333333 0.533333333333 0.000514215472903
54.0833333333 0.666666666667 0.000607234343237
54.0833333333 0.8 0.000467115433225
54.0833333333 1.0 0.000163298260187
57.25 -1.0 1e-05
57.25 -0.8 1e-05
57.25 -0.666666666667 1e-05
57.25 -0.533333333333 4.65460420868e-05
57.25 -0.4 7.00311082097e-05
57.25 -0.266666666667 0.000163802573588
57.25 -0.133333333333 0.000302989759007
57.25 0.0 0.000373736184394
57.25 0.133333333333 0.000537423413624
57.25 0.266666666667 0.000583839070483
57.25 0.4 0.000513337294985
57.25 0.533333333333 0.000631534939882
57.25 0.666666666667 0.00030336226528
57.25 0.8 0.000420278093321
57.25 1.0 7.01006920653e-05
60.4166666667 -1.0 1e-05
60.4166666667 -0.8 1e-05
60.4166666667 -0.666666666667 2.33526035558e-05
60.4166666667 -0.533333333333 7.0349277967e-05
60.4166666667 -0.4 7.0023306905e-05
60.4166666667 -0.266666666667 9.37989913594e-05
60.4166666667 -0.133333333333 0.000233630405758
60.4166666667 0.0 0.000140287361268
60.4166666667 0.133333333333 0.000209963013469
60.4166666667 0.266666666667 0.000443515092671
60.4166666667 0.4 0.000607291891527
60.4166666667 0.533333333333 0.00025714208191
60.4166666667 0.666666666667 0.000490502003631
60.4166666667 0.8 0.000186887468042
60.4166666667 1.0 6.98202809998e-05
63.5833333333 -1.0 1e-05
63.5833333333 -0.8 1e-05
63.5833333333 -0.666666666667 1e-05
63.5833333333 -0.533333333333 2.34729539408e-05
63.5833333333 -0.4 2.32243680391e-05
63.5833333333 -0.266666666667 9.35504054577e-05
63.5833333333 -0.133333333333 0.000140033734856
63.5833333333 0.0 0.000163900368576
63.5833333333 0.133333333333 0.000233631133329
63.5833333333 0.266666666667 0.000256309431633
63.5833333333 0.4 0.000234118327275
63.5833333333 0.533333333333 0.000280635043164
63.5833333333 0.666666666667 0.000163582210514
63.5833333333 0.8 0.000139911509333
63.5833333333 1.0 7.00164012558e-05
66.75 -1.0 1e-05
66.75 -0.8 1e-05
66.75 -0.666666666667 1e-05
66.75 -0.533333333333 4.6749067992e-05
66.75 -0.4 1e-05
66.75 -0.266666666667 4.66277381244e-05
66.75 -0.133333333333 0.000116815292984
66.75 0.0 0.00018626484469
66.75 0.133333333333 0.000163411081905
66.75 0.266666666667 0.000186674125984
66.75 0.4 0.000140387091321
66.75 0.533333333333 0.000210279509256
66.75 0.666666666667 0.000163449736252
66.75 0.8 2.32243680391e-05
66.75 1.0 2.34497133924e-05
69.9166666667 -1.0 1e-05
69.9166666667 -0.8 1e-05
69.9166666667 -0.666666666667 1e-05
69.9166666667 -0.533333333333 1e-05
69.9166666667 -0.4 1e-05
69.9166666667 -0.266666666667 1e-05
69.9166666667 -0.133333333333 4.68186518475e-05
69.9166666667 0.0 6.9961323849e-05
69.9166666667 0.133333333333 7.01229648259e-05
69.9166666667 0.266666666667 9.32562197827e-05
69.9166666667 0.4 9.32200768308e-05
69.9166666667 0.533333333333 0.0001868452329
69.9166666667 0.666666666667 0.000163181365236
69.9166666667 0.8 2.33250054425e-05
69.9166666667 1.0 1e-05
73.0833333333 -1.0 1e-05
73.0833333333 -0.8 1e-05
73.0833333333 -0.666666666667 1e-05
73.0833333333 -0.533333333333 1e-05
73.0833333333 -0.4 2.34033700853e-05
73.0833333333 -0.266666666667 1e-05
73.0833333333 -0.133333333333 6.9999086874e-05
73.0833333333 0.0 7.014365729e-05
73.0833333333 0.133333333333 7.00189960276e-05
73.0833333333 0.266666666667 4.67841847738e-05
73.0833333333 0.4 9.34937127616e-05
73.0833333333 0.533333333333 6.98986456426e-05
73.0833333333 0.666666666667 4.67283755278e-05
73.0833333333 0.8 6.98572729198e-05
73.0833333333 1.0 1e-05
76.25 -1.0 1e-05
76.25 -0.8 1e-05
76.25 -0.666666666667 1e-05
76.25 -0.533333333333 1e-05
76.25 -0.4 1e-05
76.25 -0.266666666667 1e-05
76.25 -0.133333333333 2.33526035558e-05
76.25 0.0 1e-05
76.25 0.133333333333 1e-05
76.25 0.266666666667 4.65460420868e-05
76.25 0.4 9.31737802112e-05
76.25 0.533333333333 2.34729539408e-05
76.25 0.666666666667 4.669732198e-05
76.25 0.8 1e-05
76.25 1.0 1e-05
79.4166666667 -1.0 1e-05
79.4166666667 -0.8 1e-05
79.4166666667 -0.666666666667 1e-05
79.4166666667 -0.533333333333 1e-05
79.4166666667 -0.4 1e-05
79.4166666667 -0.266666666667 1e-05
79.4166666667 -0.133333333333 1e-05
79.4166666667 0.0 2.34033700853e-05
79.4166666667 0.133333333333 2.34497133924e-05
79.4166666667 0.266666666667 2.32243680391e-05
79.4166666667 0.4 4.68530834777e-05
79.4166666667 0.533333333333 1e-05
79.4166666667 0.666666666667 1e-05
79.4166666667 0.8 1e-05
79.4166666667 1.0 1e-05
82.5833333333 -1.0 1e-05
82.5833333333 -0.8 1e-05
82.5833333333 -0.666666666667 1e-05
82.5833333333 -0.533333333333 1e-05
82.5833333333 -0.4 1e-05
82.5833333333 -0.266666666667 1e-05
82.5833333333 -0.133333333333 1e-05
82.5833333333 0.0 1e-05
82.5833333333 0.133333333333 1e-05
82.5833333333 0.266666666667 1e-05
82.5833333333 0.4 1e-05
82.5833333333 0.533333333333 1e-05
82.5833333333 0.666666666667 1e-05
82.5833333333 0.8 1e-05
82.5833333333 1.0 1e-05
85.75 -1.0 1e-05
85.75 -0.8 1e-05
85.75 -0.666666666667 1e-05
85.75 -0.533333333333 1e-05
85.75 -0.4 1e-05
85.75 -0.266666666667 1e-05
85.75 -0.133333333333 1e-05
85.75 0.0 1e-05
85.75 0.133333333333 1e-05
85.75 0.266666666667 1e-05
85.75 0.4 1e-05
85.75 0.533333333333 1e-05
85.75 0.666666666667 1e-05
85.75 0.8 1e-05
85.75 1.0 1e-05
88.9166666667 -1.0 1e-05
88.9166666667 -0.8 1e-05
88.9166666667 -0.666666666667 1e-05
88.9166666667 -0.533333333333 1e-05
88.9166666667 -0.4 1e-05
88.9166666667 -0.266666666667 1e-05
88.9166666667 -0.133333333333 1e-05
88.9166666667 0.0 1e-05
88.9166666667 0.133333333333 1e-05
88.9166666667 0.266666666667 1e-05
88.9166666667 0.4 1e-05
88.9166666667 0.533333333333 1e-05
88.9166666667 0.666666666667 1e-05
88.9166666667 0.8 1e-05
88.9166666667 1.0 1e-05
92.0833333333 -1.0 1e-05
92.0833333333 -0.8 1e-05
92.0833333333 -0.666666666667 1e-05
92.0833333333 -0.533333333333 1e-05
92.0833333333 -0.4 1e-05
92.0833333333 -0.266666666667 1e-05
92.0833333333 -0.133333333333 1e-05
92.0833333333 0.0 1e-05
92.0833333333 0.133333333333 1e-05
92.0833333333 0.266666666667 1e-05
92.0833333333 0.4 1e-05
92.0833333333 0.533333333333 1e-05
92.0833333333 0.666666666667 1e-05
92.0833333333 0.8 1e-05
92.0833333333 1.0 1e-05
95.25 -1.0 1e-05
95.25 -0.8 1e-05
95.25 -0.666666666667 1e-05
95.25 -0.533333333333 1e-05
95.25 -0.4 1e-05
95.25 -0.266666666667 1e-05
95.25 -0.133333333333 1e-05
95.25 0.0 1e-05
95.25 0.133333333333 1e-05
95.25 0.266666666667 1e-05
95.25 0.4 1e-05
95.25 0.533333333333 1e-05
95.25 0.666666666667 1e-05
95.25 0.8 1e-05
95.25 1.0 1e-05
100.0 -1.0 1e-05
100.0 -0.8 1e-05
100.0 -0.666666666667 1e-05
100.0 -0.533333333333 1e-05
100.0 -0.4 1e-05
100.0 -0.266666666667 1e-05
100.0 -0.133333333333 1e-05
100.0 0.0 1e-05
100.0 0.133333333333 1e-05
100.0 0.266666666667 1e-05
100.0 0.4 1e-05
100.0 0.533333333333 1e-05
100.0 0.666666666667 1e-05
100.0 0.8 1e-05
100.0 1.0 1e-05
