5.0 -1.0 0.00874667775703
5.0 -0.8 0.0101311945727
5.0 -0.666666666667 0.0114233701678
5.0 -0.533333333333 0.0121062021965
5.0 -0.4 0.01298734265
5.0 -0.266666666667 0.0137173346868
5.0 -0.133333333333 0.0142395289129
5.0 0.0 0.0145309426668
5.0 0.133333333333 0.0150689005457
5.0 0.266666666667 0.0156694215923
5.0 0.4 0.0164770060423
5.0 0.533333333333 0.0170871867941
5.0 0.666666666667 0.0182349648438
5.0 0.8 0.0195459386097
5.0 1.0 0.0214390984113
9.75 -1.0 0.00772137771689
9.75 -0.8 0.00924280755568
9.75 -0.666666666667 0.0106153390499
9.75 -0.533333333333 0.0119288820277
9.75 -0.4 0.0131060233826
9.75 -0.266666666667 0.0134883120477
9.75 -0.133333333333 0.0141308649025
9.75 0.0 0.015009996442
9.75 0.133333333333 0.0156147210585
9.75 0.266666666667 0.0163850863148
9.75 0.4 0.017391362002
9.75 0.533333333333 0.0180442296632
9.75 0.666666666667 0.0187766471799
9.75 0.8 0.0201510958066
9.75 1.0 0.0215612048921
12.9166666667 -1.0 0.00635773165347
12.9166666667 -0.8 0.00814678482031
12.9166666667 -0.666666666667 0.00987092173231
12.9166666667 -0.533333333333 0.0114040986449
12.9166666667 -0.4 0.0123518765704
12.9166666667 -0.266666666667 0.0133635635393
12.9166666667 -0.133333333333 0.0141858528679
12.9166666667 0.0 0.0150618191518
12.9166666667 0.133333333333 0.0155921636722
12.9166666667 0.266666666667 0.0160138983242
12.9166666667 0.4 0.0173609103737
12.9166666667 0.533333333333 0.0179730236751
12.9166666667 0.666666666667 0.0185282489039
12.9166666667 0.8 0.0205350195219
12.9166666667 1.0 0.021174416114
16.0833333333 -1.0 0.00536546618446
16.0833333333 -0.8 0.0072301451144
16.0833333333 -0.666666666667 0.00893099659788
16.0833333333 -0.533333333333 0.0100861904837
16.0833333333 -0.4 0.0115633060335
16.0833333333 -0.266666666667 0.0125814617787
16.0833333333 -0.133333333333 0.0135663928208
16.0833333333 0.0 0.0145077835569
16.0833333333 0.133333333333 0.0150831773662
16.0833333333 0.266666666667 0.0158041981373
16.0833333333 0.4 0.0171014760808
16.0833333333 0.533333333333 0.0175387240404
16.0833333333 0.666666666667 0.0184519914549
16.0833333333 0.8 0.0192906647362
16.0833333333 1.0 0.0203970089701
19.25 -1.0 0.00441584852341
19.25 -0.8 0.00599811208057
19.25 -0.666666666667 0.00760782830592
19.25 -0.533333333333 0.00906564063507
19.25 -0.4 0.0105538626585
19.25 -0.266666666667 0.0116341127693
19.25 -0.133333333333 0.0128336295481
19.25 0.0 0.0136254988409
19.25 0.133333333333 0.0144481200289
19.25 0.266666666667 0.0148867213763
19.25 0.4 0.0155700805198
19.25 0.533333333333 0.0164236306786
19.25 0.666666666667 0.0169665994993
19.25 0.8 0.0178123540874
19.25 1.0 0.0185899393526
22.4166666667 -1.0 0.00333376574415
22.4166666667 -0.8 0.0049335967551
22.4166666667 -0.666666666667 0.00648294816622
22.4166666667 -0.533333333333 0.00773787392614
22.4166666667 -0.4 0.00922551861187
22.4166666667 -0.266666666667 0.0100559324554
22.4166666667 -0.133333333333 0.0111141400036
22.4166666667 0.0 0.0120640870003
22.4166666667 0.133333333333 0.0134666926467
22.4166666667 0.266666666667 0.0138781217195
22.4166666667 0.4 0.0144672007405
22.4166666667 0.533333333333 0.0150765375494
22.4166666667 0.666666666667 0.0155393169286
22.4166666667 0.8 0.0159743563416
22.4166666667 1.0 0.0169165952723
25.5833333333 -1.0 0.00266040840487
25.5833333333 -0.8 0.00412764814774
25.5833333333 -0.666666666667 0.0056231792498
25.5833333333 -0.533333333333 0.00694349784302
25.5833333333 -0.4 0.00788912335891
25.5833333333 -0.266666666667 0.0090659160277
25.5833333333 -0.133333333333 0.0100031702224
25.5833333333 0.0 0.0109797167265
25.5833333333 0.133333333333 0.0120782120191
25.5833333333 0.266666666667 0.0125405627296
25.5833333333 0.4 0.0131081138909
25.5833333333 0.533333333333 0.0136024549864
25.5833333333 0.666666666667 0.0139518878448
25.5833333333 0.8 0.014459379084
25.5833333333 1.0 0.014788554325
28.75 -1.0 0.00205766132638
28.75 -0.8 0.00335035602896
28.75 -0.666666666667 0.00441128225501
28.75 -0.533333333333 0.00569165265831
28.75 -0.4 0.00684454327663
28.75 -0.266666666667 0.00798133285403
28.75 -0.133333333333 0.00879652783229
28.75 0.0 0.00966782737361
28.75 0.133333333333 0.0107625093177
28.75 0.266666666667 0.0112297408452
28.75 0.4 0.0117337853197
28.75 0.533333333333 0.0122431365474
28.75 0.666666666667 0.0125312152677
28.75 0.8 0.0127582145227
28.75 1.0 0.0127538745102
31.9166666667 -1.0 0.00168698979026
31.9166666667 -0.8 0.00263682527886
31.9166666667 -0.666666666667 0.0037161532267
31.9166666667 -0.533333333333 0.0049593386955
31.9166666667 -0.4 0.00615470439479
31.9166666667 -0.266666666667 0.00686624899848
31.9166666667 -0.133333333333 0.00774255236767
31.9166666667 0.0 0.00894783832027
31.9166666667 0.133333333333 0.00934198279329
31.9166666667 0.266666666667 0.00983098919292
31.9166666667 0.4 0.0104664698159
31.9166666667 0.533333333333 0.0111448463915
31.9166666667 0.666666666667 0.0110053623943
31.9166666667 0.8 0.0112722030942
31.9166666667 1.0 0.0112725238932
35.0833333333 -1.0 0.00131818702388
35.0833333333 -0.8 0.00208850347123
35.0833333333 -0.666666666667 0.00323467695485
35.0833333333 -0.533333333333 0.00417967029958
35.0833333333 -0.4 0.00508228083228
35.0833333333 -0.266666666667 0.00603914626903
35.0833333333 -0.133333333333 0.00681647428448
35.0833333333 0.0 0.00762453472426
35.0833333333 0.133333333333 0.00833291741797
35.0833333333 0.266666666667 0.00860759230306
35.0833333333 0.4 0.00941144188216
35.0833333333 0.533333333333 0.0094650948517
35.0833333333 0.666666666667 0.00978617305784
35.0833333333 0.8 0.00950057198945
35.0833333333 1.0 0.00945790796682
38.25 -1.0 0.00110564040276
38.25 -0.8 0.00199891228266
38.25 -0.666666666667 0.00262245760152
38.25 -0.533333333333 0.00353696080668
38.25 -0.4 0.0042719349326
38.25 -0.266666666667 0.00530183419584
38.25 -0.133333333333 0.00616420438521
38.25 0.0 0.0065805749322
38.25 0.133333333333 0.00723399900837
38.25 0.266666666667 0.00813057409893
38.25 0.4 0.00827630498112
38.25 0.533333333333 0.00851541957026
38.25 0.666666666667 0.00836629803611
38.25 0.8 0.00858354657879
38.25 1.0 0.00827191220124
41.4166666667 -1.0 0.000829189455987
41.4166666667 -0.8 0.00133752406293
41.4166666667 -0.666666666667 0.0022613051559
41.4166666667 -0.533333333333 0.00307141431279
41.4166666667 -0.4 0.00364301845194
41.4166666667 -0.266666666667 0.00450564645822
41.4166666667 -0.133333333333 0.00522167861607
41.4166666667 0.0 0.00597721609896
41.4166666667 0.133333333333 0.00636981675856
41.4166666667 0.266666666667 0.00681144793396
41.4166666667 0.4 0.00719656261739
41.4166666667 0.533333333333 0.00762471763803
41.4166666667 0.666666666667 0.00765020819977
41.4166666667 0.8 0.00738819991965
41.4166666667 1.0 0.00723926381022
44.5833333333 -1.0 0.000607279032191
44.5833333333 -0.8 0.00110080985595
44.5833333333 -0.666666666667 0.0018760604713
44.5833333333 -0.533333333333 0.00267214508768
44.5833333333 -0.4 0.00330545180955
44.5833333333 -0.266666666667 0.00392709598569
44.5833333333 -0.133333333333 0.00471602158238
44.5833333333 0.0 0.00523106072412
44.5833333333 0.133333333333 0.00584989595157
44.5833333333 0.266666666667 0.0062133586624
44.5833333333 0.4 0.00636749252037
44.5833333333 0.533333333333 0.00642657990782
44.5833333333 0.666666666667 0.00676445337566
44.5833333333 0.8 0.00657311999626
44.5833333333 1.0 0.006027275373
47.75 -1.0 0.000479508339037
47.75 -0.8 0.000893065020607
47.75 -0.666666666667 0.00160918469742
47.75 -0.533333333333 0.00220000199988
47.75 -0.4 0.00293422292844
47.75 -0.266666666667 0.00335726490127
47.75 -0.133333333333 0.00402810070011
47.75 0.0 0.0046193374552
47.75 0.133333333333 0.00498032960338
47.75 0.266666666667 0.00544148958968
47.75 0.4 0.00561607038902
47.75 0.533333333333 0.00571297786145
47.75 0.666666666667 0.00559505073106
47.75 0.8 0.00557120338977
47.75 1.0 0.00511994910334
50.9166666667 -1.0 0.000389828397908
50.9166666667 -0.8 0.000805743294465
50.9166666667 -0.666666666667 0.00124059488766
50.9166666667 -0.533333333333 0.00175541368359
50.9166666667 -0.4 0.0024952839371
50.9166666667 -0.266666666667 0.00309984955716
50.9166666667 -0.133333333333 0.00342828839325
50.9166666667 0.0 0.00401880218072
50.9166666667 0.133333333333 0.00448893270919
50.9166666667 0.266666666667 0.00464478790809
50.9166666667 0.4 0.00528472951329
50.9166666667 0.533333333333 0.00516039509805
50.9166666667 0.666666666667 0.00507271856617
50.9166666667 0.8 0.00469012097824
50.9166666667 1.0 0.00450826215947
54.0833333333 -1.0 0.000288246040853
54.0833333333 -0.8 0.000609608876592
54.0833333333 -0.666666666667 0.00105358683284
54.0833333333 -0.533333333333 0.0014884407116
54.0833333333 -0.4 0.0020061177525
54.0833333333 -0.266666666667 0.00258008252005
54.0833333333 -0.133333333333 0.00306913669232
54.0833333333 0.0 0.00345873512251
54.0833333333 0.133333333333 0.00382029825577
54.0833333333 0.266666666667 0.0043947373677
54.0833333333 0.4 0.00447491297116
54.0833333333 0.533333333333 0.00435949212779
54.0833333333 0.666666666667 0.00451993181628
54.0833333333 0.8 0.00425045565293
54.0833333333 1.0 0.0039409161102
57.25 -1.0 0.000224377119268
57.25 -0.8 0.000538617742722
57.25 -0.666666666667 0.000862379973615
57.25 -0.533333333333 0.00126881532446
57.25 -0.4 0.00160180924732
57.25 -0.266666666667 0.00232265130807
57.25 -0.133333333333 0.00264851467504
57.25 0.0 0.00305008015993
57.25 0.133333333333 0.0033454216185
57.25 0.266666666667 0.00362678738778
57.25 0.4 0.00379901852471
57.25 0.533333333333 0.0037991503452
57.25 0.666666666667 0.00387971771571
57.25 0.8 0.00360080731552
57.25 1.0 0.00320175801869
60.4166666667 -1.0 0.00017478885745
60.4166666667 -0.8 0.000427608996995
60.4166666667 -0.666666666667 0.000701798299613
60.4166666667 -0.533333333333 0.00105134479158
60.4166666667 -0.4 0.00152400963898
60.4166666667 -0.266666666667 0.00185475548427
60.4166666667 -0.133333333333 0.00226819179404
60.4166666667 0.0 0.00262740702477
60.4166666667 0.133333333333 0.00297904126539
60.4166666667 0.266666666667 0.00316608194909
60.4166666667 0.4 0.00335990692012
60.4166666667 0.533333333333 0.00343042566957
60.4166666667 0.666666666667 0.00342375256685
60.4166666667 0.8 0.00293676873957
60.4166666667 1.0 0.00274522169596
63.5833333333 -1.0 0.000155921010193
63.5833333333 -0.8 0.000302366167515
63.5833333333 -0.666666666667 0.000602646871058
63.5833333333 -0.533333333333 0.000919162840555
63.5833333333 -0.4 0.00127105548389
63.5833333333 -0.266666666667 0.00165870859943
63.5833333333 -0.133333333333 0.00196340992135
63.5833333333 0.0 0.00223028276961
63.5833333333 0.133333333333 0.00272882404076
63.5833333333 0.266666666667 0.00265588879503
63.5833333333 0.4 0.00300755121361
63.5833333333 0.533333333333 0.0029178695358
63.5833333333 0.666666666667 0.00299576314005
63.5833333333 0.8 0.00280703423675
63.5833333333 1.0 0.00240052772644
66.75 -1.0 0.000118101743497
66.75 -0.8 0.000264641195387
66.75 -0.666666666667 0.00054364327534
66.75 -0.533333333333 0.000779922545674
66.75 -0.4 0.000964004793995
66.75 -0.266666666667 0.00150731671819
66.75 -0.133333333333 0.0017600099894
66.75 0.0 0.00199408533687
66.75 0.133333333333 0.0024072355887
66.75 0.266666666667 0.00255187731464
66.75 0.4 0.0026742327103
66.75 0.533333333333 0.0026293823352
66.75 0.666666666667 0.0025704545663
66.75 0.8 0.00247120277151
66.75 1.0 0.0021098361572
69.9166666667 -1.0 8.26847018045e-05
69.9166666667 -0.8 0.000214992994007
69.9166666667 -0.666666666667 0.000434675322332
69.9166666667 -0.533333333333 0.000668789489146
69.9166666667 -0.4 0.000968926361558
69.9166666667 -0.266666666667 0.00119317141508
69.9166666667 -0.133333333333 0.0014436837325
69.9166666667 0.0 0.00173634619773
69.9166666667 0.133333333333 0.0019231840259
69.9166666667 0.266666666667 0.00219737185211
69.9166666667 0.4 0.00215492010573
69.9166666667 0.533333333333 0.00246636860536
69.9166666667 0.666666666667 0.00224217593598
69.9166666667 0.8 0.00206046894563
69.9166666667 1.0 0.00171267904632
73.0833333333 -1.0 5.4345784242e-05
73.0833333333 -0.8 0.000177146936521
73.0833333333 -0.666666666667 0.000352002275518
73.0833333333 -0.533333333333 0.000583711302813
73.0833333333 -0.4 0.000767695479164
73.0833333333 -0.266666666667 0.00100160008991
73.0833333333 -0.133333333333 0.00135880917253
73.0833333333 0.0 0.00141050787523
73.0833333333 0.133333333333 0.00181683687783
73.0833333333 0.266666666667 0.00192535955969
73.0833333333 0.4 0.00202246333727
73.0833333333 0.533333333333 0.00198231143425
73.0833333333 0.666666666667 0.00197519278525
73.0833333333 0.8 0.00186416557624
73.0833333333 1.0 0.00148373127184
76.25 -1.0 4.72364670885e-05
76.25 -0.8 0.000137048220727
76.25 -0.666666666667 0.00025042841215
76.25 -0.533333333333 0.000453696049479
76.25 -0.4 0.000725426588555
76.25 -0.266666666667 0.000886079136414
76.25 -0.133333333333 0.00120260816518
76.25 0.0 0.00137744248913
76.25 0.133333333333 0.00153344848464
76.25 0.266666666667 0.00171077891909
76.25 0.4 0.00179116270202
76.25 0.533333333333 0.00180054063751
76.25 0.666666666667 0.00176029036026
76.25 0.8 0.00171065914719
76.25 1.0 0.00122617962605
79.4166666667 -1.0 2.36234495033e-05
79.4166666667 -0.8 0.000125235448282
79.4166666667 -0.666666666667 0.000236187756645
79.4166666667 -0.533333333333 0.00038750937107
79.4166666667 -0.4 0.000607191532983
79.4166666667 -0.266666666667 0.000756001206857
79.4166666667 -0.133333333333 0.00101597580549
79.4166666667 0.0 0.00118375490637
79.4166666667 0.133333333333 0.00140581230775
79.4166666667 0.266666666667 0.00150756679081
79.4166666667 0.4 0.00153594377634
79.4166666667 0.533333333333 0.00159717980462
79.4166666667 0.666666666667 0.00140585369207
79.4166666667 0.8 0.00129237907527
79.4166666667 1.0 0.00104177821587
82.5833333333 -1.0 1.41933655628e-05
82.5833333333 -0.8 6.14490270807e-05
82.5833333333 -0.666666666667 0.000181892988203
82.5833333333 -0.533333333333 0.000333040317462
82.5833333333 -0.4 0.000491514704469
82.5833333333 -0.266666666667 0.000606973839337
82.5833333333 -0.133333333333 0.000900177480216
82.5833333333 0.0 0.000985242377274
82.5833333333 0.133333333333 0.00119079957428
82.5833333333 0.266666666667 0.00137507037134
82.5833333333 0.4 0.00140571088333
82.5833333333 0.533333333333 0.00141285268077
82.5833333333 0.666666666667 0.00124989518929
82.5833333333 0.8 0.00113185176757
82.5833333333 1.0 0.00086468742257
85.75 -1.0 2.12788731946e-05
85.75 -0.8 6.61763487632e-05
85.75 -0.666666666667 0.000170093481444
85.75 -0.533333333333 0.000264637683388
85.75 -0.4 0.000356892397531
85.75 -0.266666666667 0.000609664449633
85.75 -0.133333333333 0.000760637816291
85.75 0.0 0.000876606452637
85.75 0.133333333333 0.000985302576652
85.75 0.266666666667 0.0010913708492
85.75 0.4 0.00124500110147
85.75 0.533333333333 0.0011410938847
85.75 0.666666666667 0.00114585109388
85.75 0.8 0.00100896154152
85.75 1.0 0.000732409345767
88.9166666667 -1.0 1.18078456519e-05
88.9166666667 -0.8 4.25455471154e-05
88.9166666667 -0.666666666667 0.000153570982219
88.9166666667 -0.533333333333 0.000245727559973
88.9166666667 -0.4 0.000363881573744
88.9166666667 -0.266666666667 0.000524585320959
88.9166666667 -0.133333333333 0.000703913980172
88.9166666667 0.0 0.000775013714589
88.9166666667 0.133333333333 0.000834003509993
88.9166666667 0.266666666667 0.000942709368018
88.9166666667 0.4 0.00107250952105
88.9166666667 0.533333333333 0.00107024751008
88.9166666667 0.666666666667 0.00109858596008
88.9166666667 0.8 0.00082938719813
88.9166666667 1.0 0.000609648828567
92.0833333333 -1.0 1.18168243392e-05
92.0833333333 -0.8 5.43590600573e-05
92.0833333333 -0.666666666667 0.000101564038201
92.0833333333 -0.533333333333 0.000146421338872
92.0833333333 -0.4 0.000342582782661
92.0833333333 -0.266666666667 0.000420535736821
92.0833333333 -0.133333333333 0.000557652888748
92.0833333333 0.0 0.000647351667834
92.0833333333 0.133333333333 0.000706309220436
92.0833333333 0.266666666667 0.000855269822835
92.0833333333 0.4 0.000923811376318
92.0833333333 0.533333333333 0.000966311319615
92.0833333333 0.666666666667 0.00087657452578
92.0833333333 0.8 0.000701700747858
92.0833333333 1.0 0.000569484920639
95.25 -1.0 2.36494458409e-06
95.25 -0.8 3.30643485304e-05
95.25 -0.666666666667 9.22202361144e-05
95.25 -0.533333333333 0.000144084581859
95.25 -0.4 0.000233959374559
95.25 -0.266666666667 0.000399393981944
95.25 -0.133333333333 0.00041582600879
95.25 0.0 0.000574047887496
95.25 0.133333333333 0.0006447989082
95.25 0.266666666667 0.000704177192397
95.25 0.4 0.000852945965714
95.25 0.533333333333 0.000864923515382
95.25 0.666666666667 0.000701522082297
95.25 0.8 0.000652052582264
95.25 1.0 0.000456178562965
100.0 -1.0 2.35401448399e-06
100.0 -0.8 3.07177434849e-05
100.0 -0.666666666667 7.08933305152e-05
100.0 -0.533333333333 0.000129975992794
100.0 -0.4 0.000200825028888
100.0 -0.266666666667 0.000288157850562
100.0 -0.133333333333 0.000373301491529
100.0 0.0 0.000500799381761
100.0 0.133333333333 0.00060940566192
100.0 0.266666666667 0.000637990347127
100.0 0.4 0.000626095314116
100.0 0.533333333333 0.000701701023318
100.0 0.666666666667 0.000607115896479
100.0 0.8 0.000576648665443
100.0 1.0 0.000418175921879
