5.0 -1.0 0.0109572089556
5.0 -0.8 0.0121723945074
5.0 -0.666666666667 0.0115092742268
5.0 -0.533333333333 0.0127082344761
5.0 -0.4 0.012591614119
5.0 -0.266666666667 0.013090388671
5.0 -0.133333333333 0.013004999396
5.0 0.0 0.0141937403329
5.0 0.133333333333 0.0143335568026
5.0 0.266666666667 0.0151349533165
5.0 0.4 0.0151758986053
5.0 0.533333333333 0.0167501993011
5.0 0.666666666667 0.0172065617498
5.0 0.8 0.0184504365486
5.0 1.0 0.0222577877187
9.75 -1.0 0.00905279748043
9.75 -0.8 0.0101776610598
9.75 -0.666666666667 0.0110213432048
9.75 -0.533333333333 0.012885009796
9.75 -0.4 0.0138726296529
9.75 -0.266666666667 0.0140344183751
9.75 -0.133333333333 0.0139198558924
9.75 0.0 0.0143184782142
9.75 0.133333333333 0.0157173618866
9.75 0.266666666667 0.0152999822755
9.75 0.4 0.0153461543781
9.75 0.533333333333 0.0165922655532
9.75 0.666666666667 0.017022498821
9.75 0.8 0.0194500550249
9.75 1.0 0.0218642648105
12.9166666667 -1.0 0.00847714001725
12.9166666667 -0.8 0.00944022723325
12.9166666667 -0.666666666667 0.0103593484672
12.9166666667 -0.533333333333 0.0117590758646
12.9166666667 -0.4 0.0123162663047
12.9166666667 -0.266666666667 0.0138006481363
12.9166666667 -0.133333333333 0.0142018687008
12.9166666667 0.0 0.0149327583932
12.9166666667 0.133333333333 0.0155521387039
12.9166666667 0.266666666667 0.0166310205084
12.9166666667 0.4 0.0169734774816
12.9166666667 0.533333333333 0.0171354748331
12.9166666667 0.666666666667 0.018466952912
12.9166666667 0.8 0.0178766322658
12.9166666667 1.0 0.0220558287811
16.0833333333 -1.0 0.0069804839147
16.0833333333 -0.8 0.00734943887778
16.0833333333 -0.666666666667 0.00927443635147
16.0833333333 -0.533333333333 0.0106613177994
16.0833333333 -0.4 0.0114845321445
16.0833333333 -0.266666666667 0.0128864016138
16.0833333333 -0.133333333333 0.014270049813
16.0833333333 0.0 0.0146758269392
16.0833333333 0.133333333333 0.0146966361838
16.0833333333 0.266666666667 0.0157360668852
16.0833333333 0.4 0.0164684153735
16.0833333333 0.533333333333 0.0157124880749
16.0833333333 0.666666666667 0.0175078965772
16.0833333333 0.8 0.01837502246
16.0833333333 1.0 0.0189957930038
19.25 -1.0 0.00544557745735
19.25 -0.8 0.00675243734941
19.25 -0.666666666667 0.00840531292337
19.25 -0.533333333333 0.0100582647028
19.25 -0.4 0.0112318995274
19.25 -0.266666666667 0.0111409008546
19.25 -0.133333333333 0.013593688624
19.25 0.0 0.0127090671768
19.25 0.133333333333 0.0149774380948
19.25 0.266666666667 0.0148397273098
19.25 0.4 0.0162651987461
19.25 0.533333333333 0.0154148845228
19.25 0.666666666667 0.017230086551
19.25 0.8 0.0168606260577
19.25 1.0 0.0169982478101
22.4166666667 -1.0 0.00422670857635
22.4166666667 -0.8 0.00624812217583
22.4166666667 -0.666666666667 0.00748350210444
22.4166666667 -0.533333333333 0.00734803873008
22.4166666667 -0.4 0.00983228165507
22.4166666667 -0.266666666667 0.0107754016748
22.4166666667 -0.133333333333 0.0111355844181
22.4166666667 0.0 0.0121315468558
22.4166666667 0.133333333333 0.0136676890821
22.4166666667 0.266666666667 0.0141767353037
22.4166666667 0.4 0.014477100078
22.4166666667 0.533333333333 0.014927757418
22.4166666667 0.666666666667 0.0158834558519
22.4166666667 0.8 0.0150743871369
22.4166666667 1.0 0.0154119674568
25.5833333333 -1.0 0.00314804589556
25.5833333333 -0.8 0.00487041442729
25.5833333333 -0.666666666667 0.0058585582685
25.5833333333 -0.533333333333 0.00702605354904
25.5833333333 -0.4 0.00896118490713
25.5833333333 -0.266666666667 0.00918945148604
25.5833333333 -0.133333333333 0.0100798999283
25.5833333333 0.0 0.0113032359739
25.5833333333 0.133333333333 0.0113497613263
25.5833333333 0.266666666667 0.0121709376182
25.5833333333 0.4 0.0126584382859
25.5833333333 0.533333333333 0.0135025087288
25.5833333333 0.666666666667 0.013300548757
25.5833333333 0.8 0.0136438213303
25.5833333333 1.0 0.0142006673508
28.75 -1.0 0.00270896347278
28.75 -0.8 0.00429549441237
28.75 -0.666666666667 0.00530474616689
28.75 -0.533333333333 0.00597144236111
28.75 -0.4 0.00670935680907
28.75 -0.266666666667 0.00852235544369
28.75 -0.133333333333 0.00971891697252
28.75 0.0 0.0100637760191
28.75 0.133333333333 0.0105683143562
28.75 0.266666666667 0.0116463646024
28.75 0.4 0.0113807033867
28.75 0.533333333333 0.011714667298
28.75 0.666666666667 0.0118741977274
28.75 0.8 0.0124270026656
28.75 1.0 0.0113689818737
31.9166666667 -1.0 0.00202270087109
31.9166666667 -0.8 0.0039280185238
31.9166666667 -0.666666666667 0.00431724119699
31.9166666667 -0.533333333333 0.0047570772569
31.9166666667 -0.4 0.00652505703056
31.9166666667 -0.266666666667 0.00721608747509
31.9166666667 -0.133333333333 0.00778520036098
31.9166666667 0.0 0.00866114351577
31.9166666667 0.133333333333 0.00905037841144
31.9166666667 0.266666666667 0.00964615621569
31.9166666667 0.4 0.0104274855953
31.9166666667 0.533333333333 0.0107755977779
31.9166666667 0.666666666667 0.0107502214981
31.9166666667 0.8 0.0105872306151
31.9166666667 1.0 0.0113748934311
35.0833333333 -1.0 0.00165217435345
35.0833333333 -0.8 0.00234329749616
35.0833333333 -0.666666666667 0.00362993241706
35.0833333333 -0.533333333333 0.00454673729846
35.0833333333 -0.4 0.00581012249488
35.0833333333 -0.266666666667 0.00712025996009
35.0833333333 -0.133333333333 0.00675520104786
35.0833333333 0.0 0.00815257074618
35.0833333333 0.133333333333 0.00831599363133
35.0833333333 0.266666666667 0.00849872739253
35.0833333333 0.4 0.00904921326569
35.0833333333 0.533333333333 0.00966908732722
35.0833333333 0.666666666667 0.00886749400661
35.0833333333 0.8 0.00900307080965
35.0833333333 1.0 0.0085884040866
38.25 -1.0 0.00121557712505
38.25 -0.8 0.00215974550713
38.25 -0.666666666667 0.00298574615675
38.25 -0.533333333333 0.00452222766331
38.25 -0.4 0.0051897416871
38.25 -0.266666666667 0.00564931368267
38.25 -0.133333333333 0.0069378239273
38.25 0.0 0.00732837099481
38.25 0.133333333333 0.00741991741175
38.25 0.266666666667 0.00728498982443
38.25 0.4 0.00739476413992
38.25 0.533333333333 0.00806752105354
38.25 0.666666666667 0.00776280998129
38.25 0.8 0.00714440360591
38.25 1.0 0.00815285251403
41.4166666667 -1.0 0.000918012266287
41.4166666667 -0.8 0.00174601078737
41.4166666667 -0.666666666667 0.00252750355181
41.4166666667 -0.533333333333 0.00355888684387
41.4166666667 -0.4 0.0040443472039
41.4166666667 -0.266666666667 0.00496104949823
41.4166666667 -0.133333333333 0.00583099333795
41.4166666667 0.0 0.00650138812443
41.4166666667 0.133333333333 0.00714305563003
41.4166666667 0.266666666667 0.00684481345395
41.4166666667 0.4 0.00757698606335
41.4166666667 0.533333333333 0.00712086747274
41.4166666667 0.666666666667 0.00736988051051
41.4166666667 0.8 0.00663439794408
41.4166666667 1.0 0.00673086991617
44.5833333333 -1.0 0.000711482884493
44.5833333333 -0.8 0.00142522546801
44.5833333333 -0.666666666667 0.002320724296
44.5833333333 -0.533333333333 0.00323987919563
44.5833333333 -0.4 0.00323815968878
44.5833333333 -0.266666666667 0.0036992581742
44.5833333333 -0.133333333333 0.00486756059409
44.5833333333 0.0 0.00518952316155
44.5833333333 0.133333333333 0.00503189322944
44.5833333333 0.266666666667 0.00585816848515
44.5833333333 0.4 0.00679473459503
44.5833333333 0.533333333333 0.0062481855857
44.5833333333 0.666666666667 0.00640900721698
44.5833333333 0.8 0.00583611584179
44.5833333333 1.0 0.00574525885703
47.75 -1.0 0.00057373182348
47.75 -0.8 0.0011967494699
47.75 -0.666666666667 0.00172317364704
47.75 -0.533333333333 0.00204523381822
47.75 -0.4 0.00321438080026
47.75 -0.266666666667 0.0034250710712
47.75 -0.133333333333 0.00410942014829
47.75 0.0 0.00445500672766
47.75 0.133333333333 0.00480206285247
47.75 0.266666666667 0.00539976479242
47.75 0.4 0.00537800883836
47.75 0.533333333333 0.00498493579543
47.75 0.666666666667 0.0056710710456
47.75 0.8 0.00523784092674
47.75 1.0 0.00493578873472
50.9166666667 -1.0 0.000413242193001
50.9166666667 -0.8 0.00114839321747
50.9166666667 -0.666666666667 0.00149471979568
50.9166666667 -0.533333333333 0.00227626166616
50.9166666667 -0.4 0.00250075170487
50.9166666667 -0.266666666667 0.00282543569222
50.9166666667 -0.133333333333 0.00331046120894
50.9166666667 0.0 0.00372054559734
50.9166666667 0.133333333333 0.00429600660063
50.9166666667 0.266666666667 0.004573990383
50.9166666667 0.4 0.00479813119045
50.9166666667 0.533333333333 0.00503060809882
50.9166666667 0.666666666667 0.00526061583337
50.9166666667 0.8 0.00402069293475
50.9166666667 1.0 0.00342006354552
54.0833333333 -1.0 0.00045890373478
54.0833333333 -0.8 0.00105507625087
54.0833333333 -0.666666666667 0.00112643876385
54.0833333333 -0.533333333333 0.00176866803895
54.0833333333 -0.4 0.00206576676832
54.0833333333 -0.266666666667 0.00289134883489
54.0833333333 -0.133333333333 0.00294013148081
54.0833333333 0.0 0.00374134337572
54.0833333333 0.133333333333 0.00397478951979
54.0833333333 0.266666666667 0.00429401009975
54.0833333333 0.4 0.00420188108731
54.0833333333 0.533333333333 0.0040663823025
54.0833333333 0.666666666667 0.00431973961198
54.0833333333 0.8 0.0039270262031
54.0833333333 1.0 0.00353571392982
57.25 -1.0 0.000505698914288
57.25 -0.8 0.000575028232972
57.25 -0.666666666667 0.00107948352145
57.25 -0.533333333333 0.0012864898492
57.25 -0.4 0.00199927823942
57.25 -0.266666666667 0.00248136205132
57.25 -0.133333333333 0.00312713823423
57.25 0.0 0.00333061510103
57.25 0.133333333333 0.00358330795388
57.25 0.266666666667 0.00333087600094
57.25 0.4 0.00356239031936
57.25 0.533333333333 0.00390535150773
57.25 0.666666666667 0.00365266275772
57.25 0.8 0.0037439327456
57.25 1.0 0.0028494178819
60.4166666667 -1.0 0.000115113564158
60.4166666667 -0.8 0.000712827379886
60.4166666667 -0.666666666667 0.00100956803956
60.4166666667 -0.533333333333 0.00158653049982
60.4166666667 -0.4 0.00183843915879
60.4166666667 -0.266666666667 0.00204316036328
60.4166666667 -0.133333333333 0.00252539038761
60.4166666667 0.0 0.00222887086368
60.4166666667 0.133333333333 0.00305683843994
60.4166666667 0.266666666667 0.00347124051505
60.4166666667 0.4 0.00280203380775
60.4166666667 0.533333333333 0.00305709879314
60.4166666667 0.666666666667 0.00308055707653
60.4166666667 0.8 0.00305485347085
60.4166666667 1.0 0.00236652866043
63.5833333333 -1.0 0.000206470122473
63.5833333333 -0.8 0.000412485589874
63.5833333333 -0.666666666667 0.000758514226612
63.5833333333 -0.533333333333 0.00105603286306
63.5833333333 -0.4 0.00124088351016
63.5833333333 -0.266666666667 0.00179187248824
63.5833333333 -0.133333333333 0.00225092739944
63.5833333333 0.0 0.00238836082288
63.5833333333 0.133333333333 0.00229708570486
63.5833333333 0.266666666667 0.00298404059015
63.5833333333 0.4 0.00280222464431
63.5833333333 0.533333333333 0.00234539552641
63.5833333333 0.666666666667 0.00312299400533
63.5833333333 0.8 0.00245794955914
63.5833333333 1.0 0.00229592044848
66.75 -1.0 9.17173743911e-05
66.75 -0.8 0.00041297623239
66.75 -0.666666666667 0.000689258098295
66.75 -0.533333333333 0.000918901355993
66.75 -0.4 0.00128550068558
66.75 -0.266666666667 0.00151520062488
66.75 -0.133333333333 0.00188187946666
66.75 0.0 0.002137814063
66.75 0.133333333333 0.00190766642081
66.75 0.266666666667 0.00229722397365
66.75 0.4 0.00250475599775
66.75 0.533333333333 0.00264124388345
66.75 0.666666666667 0.00259950582144
66.75 0.8 0.00227738974763
66.75 1.0 0.00183805243998
69.9166666667 -1.0 6.93547611019e-05
69.9166666667 -0.8 0.000184484184462
69.9166666667 -0.666666666667 0.000481571912643
69.9166666667 -0.533333333333 0.000598572025294
69.9166666667 -0.4 0.000986451943929
69.9166666667 -0.266666666667 0.00124158743476
69.9166666667 -0.133333333333 0.00165420110008
69.9166666667 0.0 0.00176826294122
69.9166666667 0.133333333333 0.00183650625399
69.9166666667 0.266666666667 0.00206722565141
69.9166666667 0.4 0.00222618274555
69.9166666667 0.533333333333 0.00245927210068
69.9166666667 0.666666666667 0.0019993166225
69.9166666667 0.8 0.00169904566777
69.9166666667 1.0 0.0011041951533
73.0833333333 -1.0 2.29320396266e-05
73.0833333333 -0.8 0.000251852858537
73.0833333333 -0.666666666667 0.000297808834328
73.0833333333 -0.533333333333 0.000780182185973
73.0833333333 -0.4 0.000965463560843
73.0833333333 -0.266666666667 0.00108031155707
73.0833333333 -0.133333333333 0.00156281584365
73.0833333333 0.0 0.00119387408975
73.0833333333 0.133333333333 0.00216152801946
73.0833333333 0.266666666667 0.00204492217762
73.0833333333 0.4 0.0019984118026
73.0833333333 0.533333333333 0.00229658550923
73.0833333333 0.666666666667 0.00151425695906
73.0833333333 0.8 0.00165344218112
73.0833333333 1.0 0.00128659511463
76.25 -1.0 6.92183574516e-05
76.25 -0.8 0.000275556633847
76.25 -0.666666666667 0.000276145306251
76.25 -0.533333333333 0.000689942168932
76.25 -0.4 0.000690421483126
76.25 -0.266666666667 0.00101010348317
76.25 -0.133333333333 0.00105772352308
76.25 0.0 0.00131023952496
76.25 0.133333333333 0.00144654026755
76.25 0.266666666667 0.00160726103935
76.25 0.4 0.00158328655671
76.25 0.533333333333 0.00188551281586
76.25 0.666666666667 0.00140229230642
76.25 0.8 0.00121660025582
76.25 1.0 0.00110191469203
79.4166666667 -1.0 4.60871969767e-05
79.4166666667 -0.8 0.000183685291205
79.4166666667 -0.666666666667 0.000345333855643
79.4166666667 -0.533333333333 0.000412995656309
79.4166666667 -0.4 0.000574950211863
79.4166666667 -0.266666666667 0.000758011838773
79.4166666667 -0.133333333333 0.00105609177676
79.4166666667 0.0 0.00144820920526
79.4166666667 0.133333333333 0.00146897600503
79.4166666667 0.266666666667 0.00117137596744
79.4166666667 0.4 0.00153851706357
79.4166666667 0.533333333333 0.0015625547054
79.4166666667 0.666666666667 0.00142447103559
79.4166666667 0.8 0.00158476258907
79.4166666667 1.0 0.00110131030397
82.5833333333 -1.0 1e-05
82.5833333333 -0.8 0.000207136989429
82.5833333333 -0.666666666667 0.000276057333893
82.5833333333 -0.533333333333 0.000299092029966
82.5833333333 -0.4 0.00041357025356
82.5833333333 -0.266666666667 0.000643689819052
82.5833333333 -0.133333333333 0.000712305872281
82.5833333333 0.0 0.00114906159837
82.5833333333 0.133333333333 0.0012407562431
82.5833333333 0.266666666667 0.00135614104682
82.5833333333 0.4 0.00142485417185
82.5833333333 0.533333333333 0.00130822890062
82.5833333333 0.666666666667 0.00117195506816
82.5833333333 0.8 0.00092049851253
82.5833333333 1.0 0.00080402734745
85.75 -1.0 2.296316708e-05
85.75 -0.8 0.000114757888676
85.75 -0.666666666667 9.21884190973e-05
85.75 -0.533333333333 0.000299340092615
85.75 -0.4 0.000321690882087
85.75 -0.266666666667 0.000712725040564
85.75 -0.133333333333 0.000895701610493
85.75 0.0 0.000895059066298
85.75 0.133333333333 0.00121693128668
85.75 0.266666666667 0.00121811544019
85.75 0.4 0.00114911618484
85.75 0.533333333333 0.00107930284141
85.75 0.666666666667 0.00110287040072
85.75 0.8 0.00101162723355
85.75 1.0 0.000666272027759
88.9166666667 -1.0 1e-05
88.9166666667 -0.8 0.000114397441226
88.9166666667 -0.666666666667 0.000114747795649
88.9166666667 -0.533333333333 0.0002301453686
88.9166666667 -0.4 0.000321290243104
88.9166666667 -0.266666666667 0.000458789172395
88.9166666667 -0.133333333333 0.000688918900831
88.9166666667 0.0 0.00107871049863
88.9166666667 0.133333333333 0.000735024069145
88.9166666667 0.266666666667 0.00103258608581
88.9166666667 0.4 0.0011259026686
88.9166666667 0.533333333333 0.00107913544995
88.9166666667 0.666666666667 0.000873362663265
88.9166666667 0.8 0.000505807295819
88.9166666667 1.0 0.000298291547819
92.0833333333 -1.0 1e-05
92.0833333333 -0.8 2.27864253669e-05
92.0833333333 -0.666666666667 9.1691911052e-05
92.0833333333 -0.533333333333 0.000161124659527
92.0833333333 -0.4 0.000275341727564
92.0833333333 -0.266666666667 0.000458864562752
92.0833333333 -0.133333333333 0.000873591837268
92.0833333333 0.0 0.000575535321802
92.0833333333 0.133333333333 0.000919484491979
92.0833333333 0.266666666667 0.00084999907571
92.0833333333 0.4 0.000896015558713
92.0833333333 0.533333333333 0.000895829093502
92.0833333333 0.666666666667 0.000964317436652
92.0833333333 0.8 0.000482694952839
92.0833333333 1.0 0.000529366874059
95.25 -1.0 2.32585785391e-05
95.25 -0.8 0.000115239409972
95.25 -0.666666666667 0.000160902668959
95.25 -0.533333333333 0.000206256393466
95.25 -0.4 0.000321490506585
95.25 -0.266666666667 0.000436260944649
95.25 -0.133333333333 0.000551153354364
95.25 0.0 0.000644037147752
95.25 0.133333333333 0.000711876081197
95.25 0.266666666667 0.000711871579779
95.25 0.4 0.00068959497295
95.25 0.533333333333 0.000575152105238
95.25 0.666666666667 0.000688990020328
95.25 0.8 0.000550707161227
95.25 1.0 0.000504885360139
100.0 -1.0 4.58936344562e-05
100.0 -0.8 9.1836044137e-05
100.0 -0.666666666667 0.000114783014966
100.0 -0.533333333333 0.000114682248125
100.0 -0.4 0.000252935266025
100.0 -0.266666666667 0.000252122906794
100.0 -0.133333333333 0.000321682671897
100.0 0.0 0.000528068248595
100.0 0.133333333333 0.000413491411131
100.0 0.266666666667 0.000643615023367
100.0 0.4 0.000757876312122
100.0 0.533333333333 0.000689352949273
100.0 0.666666666667 0.000871255154689
100.0 0.8 0.000436305869253
100.0 1.0 0.000251714510059
