5.0 -1.0 0.0452692867197
5.0 -0.8 0.0382966134466
5.0 -0.666666666667 0.0385079797797
5.0 -0.533333333333 0.0390187276057
5.0 -0.4 0.0393226682094
5.0 -0.266666666667 0.0391787230431
5.0 -0.133333333333 0.0371639450411
5.0 0.0 0.0357281244876
5.0 0.133333333333 0.0333225678265
5.0 0.266666666667 0.0339048310565
5.0 0.4 0.0289516647136
5.0 0.533333333333 0.0275502935464
5.0 0.666666666667 0.0245413272783
5.0 0.8 0.0218837976948
5.0 1.0 0.0193967878503
9.75 -1.0 0.0327145661191
9.75 -0.8 0.0325046425682
9.75 -0.666666666667 0.0349403271659
9.75 -0.533333333333 0.0347923399515
9.75 -0.4 0.0356091262899
9.75 -0.266666666667 0.0343499278067
9.75 -0.133333333333 0.0331370577449
9.75 0.0 0.0327515766408
9.75 0.133333333333 0.0302363315046
9.75 0.266666666667 0.0290235281748
9.75 0.4 0.0257766837395
9.75 0.533333333333 0.0211972847258
9.75 0.666666666667 0.0186086649504
9.75 0.8 0.0151819719813
9.75 1.0 0.0123492688249
12.9166666667 -1.0 0.0238376000603
12.9166666667 -0.8 0.0257098394623
12.9166666667 -0.666666666667 0.0294867033952
12.9166666667 -0.533333333333 0.0313882015422
12.9166666667 -0.4 0.0314545033515
12.9166666667 -0.266666666667 0.0308639965125
12.9166666667 -0.133333333333 0.0300511235519
12.9166666667 0.0 0.0264812599714
12.9166666667 0.133333333333 0.0266896653445
12.9166666667 0.266666666667 0.0247467639936
12.9166666667 0.4 0.0204097636734
12.9166666667 0.533333333333 0.0183280803678
12.9166666667 0.666666666667 0.0146667660521
12.9166666667 0.8 0.0104352947964
12.9166666667 1.0 0.00675117951721
16.0833333333 -1.0 0.0195845599465
16.0833333333 -0.8 0.0197291174891
16.0833333333 -0.666666666667 0.0238346949334
16.0833333333 -0.533333333333 0.0264118580098
16.0833333333 -0.4 0.0253586485611
16.0833333333 -0.266666666667 0.024332710841
16.0833333333 -0.133333333333 0.0252872165488
16.0833333333 0.0 0.022582357794
16.0833333333 0.133333333333 0.0224605619832
16.0833333333 0.266666666667 0.0187979323559
16.0833333333 0.4 0.0172298649391
16.0833333333 0.533333333333 0.013539980546
16.0833333333 0.666666666667 0.00928993900401
16.0833333333 0.8 0.00740147390792
16.0833333333 1.0 0.00492871723805
19.25 -1.0 0.0141020677612
19.25 -0.8 0.0151075517947
19.25 -0.666666666667 0.0173917329984
19.25 -0.533333333333 0.01928862101
19.25 -0.4 0.021361372576
19.25 -0.266666666667 0.0208036487231
19.25 -0.133333333333 0.0197313164758
19.25 0.0 0.018071754359
19.25 0.133333333333 0.0155029961614
19.25 0.266666666667 0.0158105350228
19.25 0.4 0.0122380793805
19.25 0.533333333333 0.0100900947909
19.25 0.666666666667 0.00723887237503
19.25 0.8 0.00539510890692
19.25 1.0 0.00324579660994
22.4166666667 -1.0 0.00838166617843
22.4166666667 -0.8 0.0122575889798
22.4166666667 -0.666666666667 0.0141783426946
22.4166666667 -0.533333333333 0.0159011205811
22.4166666667 -0.4 0.0156925750218
22.4166666667 -0.266666666667 0.016861406983
22.4166666667 -0.133333333333 0.0167637086058
22.4166666667 0.0 0.0144987599219
22.4166666667 0.133333333333 0.0135909758963
22.4166666667 0.266666666667 0.0114865165453
22.4166666667 0.4 0.00917345543749
22.4166666667 0.533333333333 0.00765825038502
22.4166666667 0.666666666667 0.00460106564962
22.4166666667 0.8 0.0033622364485
22.4166666667 1.0 0.00184521615654
25.5833333333 -1.0 0.00667876405268
25.5833333333 -0.8 0.00802881824877
25.5833333333 -0.666666666667 0.0106673938396
25.5833333333 -0.533333333333 0.0109483182922
25.5833333333 -0.4 0.0123066438821
25.5833333333 -0.266666666667 0.0124964650344
25.5833333333 -0.133333333333 0.0124208626357
25.5833333333 0.0 0.0101817049041
25.5833333333 0.133333333333 0.00975613027665
25.5833333333 0.266666666667 0.00810187245332
25.5833333333 0.4 0.00702466099214
25.5833333333 0.533333333333 0.00532567453046
25.5833333333 0.666666666667 0.00345183943611
25.5833333333 0.8 0.00245131090471
25.5833333333 1.0 0.00121528900598
28.75 -1.0 0.00415722192485
28.75 -0.8 0.00588101655592
28.75 -0.666666666667 0.0074057436501
28.75 -0.533333333333 0.00793898923029
28.75 -0.4 0.0098306962961
28.75 -0.266666666667 0.00877824053505
28.75 -0.133333333333 0.00906117988896
28.75 0.0 0.00812173337775
28.75 0.133333333333 0.00691231497062
28.75 0.266666666667 0.00681940790761
28.75 0.4 0.00499915464415
28.75 0.533333333333 0.00359527406047
28.75 0.666666666667 0.00214573301158
28.75 0.8 0.00126084123696
28.75 1.0 0.000513884183474
31.9166666667 -1.0 0.00263933492553
31.9166666667 -0.8 0.00469427509879
31.9166666667 -0.666666666667 0.00607135851554
31.9166666667 -0.533333333333 0.00639985517745
31.9166666667 -0.4 0.00667782873728
31.9166666667 -0.266666666667 0.00684288193654
31.9166666667 -0.133333333333 0.00627914379471
31.9166666667 0.0 0.00642444479687
31.9166666667 0.133333333333 0.00546568613685
31.9166666667 0.266666666667 0.00404061610518
31.9166666667 0.4 0.0028938587536
31.9166666667 0.533333333333 0.00266115338325
31.9166666667 0.666666666667 0.00182087563192
31.9166666667 0.8 0.000747185549115
31.9166666667 1.0 0.000210194308889
35.0833333333 -1.0 0.00193863227142
35.0833333333 -0.8 0.00291868982824
35.0833333333 -0.666666666667 0.00424839471017
35.0833333333 -0.533333333333 0.00522845706985
35.0833333333 -0.4 0.00478793146541
35.0833333333 -0.266666666667 0.00492741490306
35.0833333333 -0.133333333333 0.00499734426652
35.0833333333 0.0 0.0048580984194
35.0833333333 0.133333333333 0.00399091269244
35.0833333333 0.266666666667 0.00326999989965
35.0833333333 0.4 0.00252252149909
35.0833333333 0.533333333333 0.00191586063046
35.0833333333 0.666666666667 0.000793627208742
35.0833333333 0.8 0.000537372567607
35.0833333333 1.0 0.000233907574986
38.25 -1.0 0.00126154936134
38.25 -0.8 0.00191584220573
38.25 -0.666666666667 0.00258973929702
38.25 -0.533333333333 0.00376050158166
38.25 -0.4 0.00359438475237
38.25 -0.266666666667 0.00352293235744
38.25 -0.133333333333 0.00350085981334
38.25 0.0 0.00357253438315
38.25 0.133333333333 0.00305808599331
38.25 0.266666666667 0.00254475486917
38.25 0.4 0.00130726195007
38.25 0.533333333333 0.000910868200709
38.25 0.666666666667 0.000888075594141
38.25 0.8 0.000443638357603
38.25 1.0 7.03260374185e-05
41.4166666667 -1.0 0.000886394724943
41.4166666667 -0.8 0.00153958498936
41.4166666667 -0.666666666667 0.00212507886417
41.4166666667 -0.533333333333 0.0021714783382
41.4166666667 -0.4 0.00308089621537
41.4166666667 -0.266666666667 0.00284788364839
41.4166666667 -0.133333333333 0.00277767755718
41.4166666667 0.0 0.00231116108756
41.4166666667 0.133333333333 0.0017733030874
41.4166666667 0.266666666667 0.00135314313894
41.4166666667 0.4 0.00112129827229
41.4166666667 0.533333333333 0.000700246215863
41.4166666667 0.666666666667 0.00051339920165
41.4166666667 0.8 0.00021044980044
41.4166666667 1.0 4.67146009183e-05
44.5833333333 -1.0 0.000536904866412
44.5833333333 -0.8 0.0011211426327
44.5833333333 -0.666666666667 0.00189234408777
44.5833333333 -0.533333333333 0.00172749529515
44.5833333333 -0.4 0.00219557244374
44.5833333333 -0.266666666667 0.00168247550907
44.5833333333 -0.133333333333 0.00198464250449
44.5833333333 0.0 0.00144915872014
44.5833333333 0.133333333333 0.00109815554036
44.5833333333 0.266666666667 0.00142410926012
44.5833333333 0.4 0.000911477909539
44.5833333333 0.533333333333 0.00055902286869
44.5833333333 0.666666666667 0.000373002623133
44.5833333333 0.8 4.65923853939e-05
44.5833333333 1.0 1e-05
47.75 -1.0 0.000256611492441
47.75 -0.8 0.000655007618543
47.75 -0.666666666667 0.000910858781908
47.75 -0.533333333333 0.00107318968623
47.75 -0.4 0.00139901769194
47.75 -0.266666666667 0.00163528253044
47.75 -0.133333333333 0.00109809857074
47.75 0.0 0.0011195733778
47.75 0.133333333333 0.00102788634512
47.75 0.266666666667 0.000490226567929
47.75 0.4 0.000374101879652
47.75 0.533333333333 0.000443277026449
47.75 0.666666666667 9.33000706643e-05
47.75 0.8 2.3311230833e-05
47.75 1.0 1e-05
50.9166666667 -1.0 0.000116293896816
50.9166666667 -0.8 0.000607448536475
50.9166666667 -0.666666666667 0.000886772614515
50.9166666667 -0.533333333333 0.000957435539804
50.9166666667 -0.4 0.00112026265228
50.9166666667 -0.266666666667 0.00126096802497
50.9166666667 -0.133333333333 0.000910901251308
50.9166666667 0.0 0.000747835513755
50.9166666667 0.133333333333 0.000934123534287
50.9166666667 0.266666666667 0.00058349369395
50.9166666667 0.4 0.000489964782786
50.9166666667 0.533333333333 0.000210437924207
50.9166666667 0.666666666667 0.000116476230257
50.9166666667 0.8 4.68067401706e-05
50.9166666667 1.0 1e-05
54.0833333333 -1.0 9.32201235183e-05
54.0833333333 -0.8 0.000210643348712
54.0833333333 -0.666666666667 0.000489796003518
54.0833333333 -0.533333333333 0.000489973859449
54.0833333333 -0.4 0.000770922362244
54.0833333333 -0.266666666667 0.000794279936384
54.0833333333 -0.133333333333 0.000630314896089
54.0833333333 0.0 0.000350716707399
54.0833333333 0.133333333333 0.000630992984853
54.0833333333 0.266666666667 0.000397082815095
54.0833333333 0.4 0.000163319919928
54.0833333333 0.533333333333 0.000186330990536
54.0833333333 0.666666666667 9.33542507196e-05
54.0833333333 0.8 1e-05
54.0833333333 1.0 1e-05
57.25 -1.0 4.65700659458e-05
57.25 -0.8 0.000233603967336
57.25 -0.666666666667 0.000280081728007
57.25 -0.533333333333 0.000537079656626
57.25 -0.4 0.000491248501777
57.25 -0.266666666667 0.000653385571733
57.25 -0.133333333333 0.00044380436835
57.25 0.0 0.000443923739253
57.25 0.133333333333 0.000303773394289
57.25 0.266666666667 0.00025692637058
57.25 0.4 0.000140045681015
57.25 0.533333333333 9.34429764461e-05
57.25 0.666666666667 9.30954155684e-05
57.25 0.8 1e-05
57.25 1.0 1e-05
60.4166666667 -1.0 9.33784353071e-05
60.4166666667 -0.8 0.000140160095235
60.4166666667 -0.666666666667 0.000233609940641
60.4166666667 -0.533333333333 0.000420139484515
60.4166666667 -0.4 0.000467409878684
60.4166666667 -0.266666666667 0.000327148769584
60.4166666667 -0.133333333333 0.000257009819848
60.4166666667 0.0 0.000303399286913
60.4166666667 0.133333333333 0.000257169481645
60.4166666667 0.266666666667 0.000186949248386
60.4166666667 0.4 7.02476727757e-05
60.4166666667 0.533333333333 9.33646939343e-05
60.4166666667 0.666666666667 4.6576971595e-05
60.4166666667 0.8 1e-05
60.4166666667 1.0 1e-05
63.5833333333 -1.0 2.33250054425e-05
63.5833333333 -0.8 9.33240923165e-05
63.5833333333 -0.666666666667 0.000256927439621
63.5833333333 -0.533333333333 0.000140294196991
63.5833333333 -0.4 0.000280289111477
63.5833333333 -0.266666666667 0.000210323430063
63.5833333333 -0.133333333333 0.000280270133422
63.5833333333 0.0 0.00023390656727
63.5833333333 0.133333333333 4.68763240261e-05
63.5833333333 0.266666666667 0.000140300158601
63.5833333333 0.4 9.33250601044e-05
63.5833333333 0.533333333333 2.32243680391e-05
63.5833333333 0.666666666667 1e-05
63.5833333333 0.8 1e-05
63.5833333333 1.0 1e-05
66.75 -1.0 2.34497133924e-05
66.75 -0.8 4.68023169482e-05
66.75 -0.666666666667 9.29371059864e-05
66.75 -0.533333333333 2.34729539408e-05
66.75 -0.4 0.000350475526125
66.75 -0.266666666667 0.00025675944094
66.75 -0.133333333333 9.34919499685e-05
66.75 0.0 0.000162889809777
66.75 0.133333333333 0.000140288246924
66.75 0.266666666667 7.00164379446e-05
66.75 0.4 2.33456979067e-05
66.75 0.533333333333 2.34033700853e-05
66.75 0.666666666667 1e-05
66.75 0.8 1e-05
66.75 1.0 1e-05
69.9166666667 -1.0 1e-05
69.9166666667 -0.8 1e-05
69.9166666667 -0.666666666667 0.000139710073723
69.9166666667 -0.533333333333 0.000139934677749
69.9166666667 -0.4 0.000187055164455
69.9166666667 -0.266666666667 9.33542507196e-05
69.9166666667 -0.133333333333 6.97926828865e-05
69.9166666667 0.0 7.03956212741e-05
69.9166666667 0.133333333333 1e-05
69.9166666667 0.266666666667 2.31426720015e-05
69.9166666667 0.4 2.33456979067e-05
69.9166666667 0.533333333333 1e-05
69.9166666667 0.666666666667 1e-05
69.9166666667 0.8 1e-05
69.9166666667 1.0 1e-05
73.0833333333 -1.0 1e-05
73.0833333333 -0.8 1e-05
73.0833333333 -0.666666666667 7.00396063608e-05
73.0833333333 -0.533333333333 9.30413176441e-05
73.0833333333 -0.4 2.34033700853e-05
73.0833333333 -0.266666666667 9.34523400387e-05
73.0833333333 -0.133333333333 7.0349277967e-05
73.0833333333 0.0 6.99682294982e-05
73.0833333333 0.133333333333 4.67747188349e-05
73.0833333333 0.266666666667 9.32984414736e-05
73.0833333333 0.4 1e-05
73.0833333333 0.533333333333 1e-05
73.0833333333 0.666666666667 1e-05
73.0833333333 0.8 1e-05
73.0833333333 1.0 1e-05
76.25 -1.0 1e-05
76.25 -0.8 1e-05
76.25 -0.666666666667 1e-05
76.25 -0.533333333333 7.01702759208e-05
76.25 -0.4 4.65460420868e-05
76.25 -0.266666666667 4.68067401706e-05
76.25 -0.133333333333 2.32243680391e-05
76.25 0.0 2.31426720015e-05
76.25 0.133333333333 1e-05
76.25 0.266666666667 2.33526035558e-05
76.25 0.4 1e-05
76.25 0.533333333333 1e-05
76.25 0.666666666667 1e-05
76.25 0.8 1e-05
76.25 1.0 1e-05
79.4166666667 -1.0 1e-05
79.4166666667 -0.8 1e-05
79.4166666667 -0.666666666667 1e-05
79.4166666667 -0.533333333333 1e-05
79.4166666667 -0.4 1e-05
79.4166666667 -0.266666666667 1e-05
79.4166666667 -0.133333333333 4.66277381244e-05
79.4166666667 0.0 7.03027968701e-05
79.4166666667 0.133333333333 1e-05
79.4166666667 0.266666666667 1e-05
79.4166666667 0.4 1e-05
79.4166666667 0.533333333333 1e-05
79.4166666667 0.666666666667 1e-05
79.4166666667 0.8 1e-05
79.4166666667 1.0 1e-05
82.5833333333 -1.0 1e-05
82.5833333333 -0.8 1e-05
82.5833333333 -0.666666666667 1e-05
82.5833333333 -0.533333333333 1e-05
82.5833333333 -0.4 1e-05
82.5833333333 -0.266666666667 1e-05
82.5833333333 -0.133333333333 1e-05
82.5833333333 0.0 1e-05
82.5833333333 0.133333333333 1e-05
82.5833333333 0.266666666667 1e-05
82.5833333333 0.4 1e-05
82.5833333333 0.533333333333 1e-05
82.5833333333 0.666666666667 1e-05
82.5833333333 0.8 1e-05
82.5833333333 1.0 1e-05
85.75 -1.0 1e-05
85.75 -0.8 1e-05
85.75 -0.666666666667 1e-05
85.75 -0.533333333333 1e-05
85.75 -0.4 1e-05
85.75 -0.266666666667 1e-05
85.75 -0.133333333333 1e-05
85.75 0.0 1e-05
85.75 0.133333333333 1e-05
85.75 0.266666666667 1e-05
85.75 0.4 1e-05
85.75 0.533333333333 1e-05
85.75 0.666666666667 1e-05
85.75 0.8 1e-05
85.75 1.0 1e-05
88.9166666667 -1.0 1e-05
88.9166666667 -0.8 1e-05
88.9166666667 -0.666666666667 1e-05
88.9166666667 -0.533333333333 1e-05
88.9166666667 -0.4 1e-05
88.9166666667 -0.266666666667 1e-05
88.9166666667 -0.133333333333 1e-05
88.9166666667 0.0 1e-05
88.9166666667 0.133333333333 1e-05
88.9166666667 0.266666666667 1e-05
88.9166666667 0.4 1e-05
88.9166666667 0.533333333333 1e-05
88.9166666667 0.666666666667 1e-05
88.9166666667 0.8 1e-05
88.9166666667 1.0 1e-05
92.0833333333 -1.0 1e-05
92.0833333333 -0.8 1e-05
92.0833333333 -0.666666666667 1e-05
92.0833333333 -0.533333333333 1e-05
92.0833333333 -0.4 1e-05
92.0833333333 -0.266666666667 1e-05
92.0833333333 -0.133333333333 1e-05
92.0833333333 0.0 1e-05
92.0833333333 0.133333333333 1e-05
92.0833333333 0.266666666667 1e-05
92.0833333333 0.4 1e-05
92.0833333333 0.533333333333 1e-05
92.0833333333 0.666666666667 1e-05
92.0833333333 0.8 1e-05
92.0833333333 1.0 1e-05
95.25 -1.0 1e-05
95.25 -0.8 1e-05
95.25 -0.666666666667 1e-05
95.25 -0.533333333333 1e-05
95.25 -0.4 1e-05
95.25 -0.266666666667 1e-05
95.25 -0.133333333333 1e-05
95.25 0.0 1e-05
95.25 0.133333333333 1e-05
95.25 0.266666666667 1e-05
95.25 0.4 1e-05
95.25 0.533333333333 1e-05
95.25 0.666666666667 1e-05
95.25 0.8 1e-05
95.25 1.0 1e-05
100.0 -1.0 1e-05
100.0 -0.8 1e-05
100.0 -0.666666666667 1e-05
100.0 -0.533333333333 1e-05
100.0 -0.4 1e-05
100.0 -0.266666666667 1e-05
100.0 -0.133333333333 1e-05
100.0 0.0 1e-05
100.0 0.133333333333 1e-05
100.0 0.266666666667 1e-05
100.0 0.4 1e-05
100.0 0.533333333333 1e-05
100.0 0.666666666667 1e-05
100.0 0.8 1e-05
100.0 1.0 1e-05
