5.0 -1.0 0.00411877142244
5.0 -0.8 0.0113863596437
5.0 -0.666666666667 0.0288559032416
5.0 -0.533333333333 0.0491435409769
5.0 -0.4 0.0777636192977
5.0 -0.266666666667 0.112252640286
5.0 -0.133333333333 0.146601585538
5.0 0.0 0.18483258118
5.0 0.133333333333 0.2152760171
5.0 0.266666666667 0.24559962676
5.0 0.4 0.266665192698
5.0 0.533333333333 0.263803319095
5.0 0.666666666667 0.242519991315
5.0 0.8 0.214374560116
5.0 1.0 0.170297293461
9.75 -1.0 1e-05
9.75 -0.8 7.10266028447e-05
9.75 -0.666666666667 0.000213072708231
9.75 -0.533333333333 0.000497134155344
9.75 -0.4 0.00229622309713
9.75 -0.266666666667 0.00501868154587
9.75 -0.133333333333 0.00790642781639
9.75 0.0 0.0117172691708
9.75 0.133333333333 0.0151737297367
9.75 0.266666666667 0.0186534701289
9.75 0.4 0.0210915309224
9.75 0.533333333333 0.019268864257
9.75 0.666666666667 0.0169256773633
9.75 0.8 0.0111254595957
9.75 1.0 0.00471108486956
12.9166666667 -1.0 1e-05
12.9166666667 -0.8 1e-05
12.9166666667 -0.666666666667 1e-05
12.9166666667 -0.533333333333 1e-05
12.9166666667 -0.4 1e-05
12.9166666667 -0.266666666667 1e-05
12.9166666667 -0.133333333333 1e-05
12.9166666667 0.0 1e-05
12.9166666667 0.133333333333 2.36605499763e-05
12.9166666667 0.266666666667 2.36818423421e-05
12.9166666667 0.4 7.1026598588e-05
12.9166666667 0.533333333333 0.000118366623196
12.9166666667 0.666666666667 2.36629139038e-05
12.9166666667 0.8 1e-05
12.9166666667 1.0 1e-05
16.0833333333 -1.0 1e-05
16.0833333333 -0.8 1e-05
16.0833333333 -0.666666666667 1e-05
16.0833333333 -0.533333333333 1e-05
16.0833333333 -0.4 1e-05
16.0833333333 -0.266666666667 1e-05
16.0833333333 -0.133333333333 1e-05
16.0833333333 0.0 1e-05
16.0833333333 0.133333333333 1e-05
16.0833333333 0.266666666667 1e-05
16.0833333333 0.4 1e-05
16.0833333333 0.533333333333 1e-05
16.0833333333 0.666666666667 1e-05
16.0833333333 0.8 1e-05
16.0833333333 1.0 1e-05
19.25 -1.0 1e-05
19.25 -0.8 1e-05
19.25 -0.666666666667 1e-05
19.25 -0.533333333333 1e-05
19.25 -0.4 1e-05
19.25 -0.266666666667 1e-05
19.25 -0.133333333333 1e-05
19.25 0.0 1e-05
19.25 0.133333333333 1e-05
19.25 0.266666666667 1e-05
19.25 0.4 1e-05
19.25 0.533333333333 1e-05
19.25 0.666666666667 1e-05
19.25 0.8 1e-05
19.25 1.0 1e-05
22.4166666667 -1.0 1e-05
22.4166666667 -0.8 1e-05
22.4166666667 -0.666666666667 1e-05
22.4166666667 -0.533333333333 1e-05
22.4166666667 -0.4 1e-05
22.4166666667 -0.266666666667 1e-05
22.4166666667 -0.133333333333 1e-05
22.4166666667 0.0 1e-05
22.4166666667 0.133333333333 1e-05
22.4166666667 0.266666666667 1e-05
22.4166666667 0.4 1e-05
22.4166666667 0.533333333333 1e-05
22.4166666667 0.666666666667 1e-05
22.4166666667 0.8 1e-05
22.4166666667 1.0 1e-05
25.5833333333 -1.0 1e-05
25.5833333333 -0.8 1e-05
25.5833333333 -0.666666666667 1e-05
25.5833333333 -0.533333333333 1e-05
25.5833333333 -0.4 1e-05
25.5833333333 -0.266666666667 1e-05
25.5833333333 -0.133333333333 1e-05
25.5833333333 0.0 1e-05
25.5833333333 0.133333333333 1e-05
25.5833333333 0.266666666667 1e-05
25.5833333333 0.4 1e-05
25.5833333333 0.533333333333 1e-05
25.5833333333 0.666666666667 1e-05
25.5833333333 0.8 1e-05
25.5833333333 1.0 1e-05
28.75 -1.0 1e-05
28.75 -0.8 1e-05
28.75 -0.666666666667 1e-05
28.75 -0.533333333333 1e-05
28.75 -0.4 1e-05
28.75 -0.266666666667 1e-05
28.75 -0.133333333333 1e-05
28.75 0.0 1e-05
28.75 0.133333333333 1e-05
28.75 0.266666666667 1e-05
28.75 0.4 1e-05
28.75 0.533333333333 1e-05
28.75 0.666666666667 1e-05
28.75 0.8 1e-05
28.75 1.0 1e-05
31.9166666667 -1.0 1e-05
31.9166666667 -0.8 1e-05
31.9166666667 -0.666666666667 1e-05
31.9166666667 -0.533333333333 1e-05
31.9166666667 -0.4 1e-05
31.9166666667 -0.266666666667 1e-05
31.9166666667 -0.133333333333 1e-05
31.9166666667 0.0 1e-05
31.9166666667 0.133333333333 1e-05
31.9166666667 0.266666666667 1e-05
31.9166666667 0.4 1e-05
31.9166666667 0.533333333333 1e-05
31.9166666667 0.666666666667 1e-05
31.9166666667 0.8 1e-05
31.9166666667 1.0 1e-05
35.0833333333 -1.0 1e-05
35.0833333333 -0.8 1e-05
35.0833333333 -0.666666666667 1e-05
35.0833333333 -0.533333333333 1e-05
35.0833333333 -0.4 1e-05
35.0833333333 -0.266666666667 1e-05
35.0833333333 -0.133333333333 1e-05
35.0833333333 0.0 1e-05
35.0833333333 0.133333333333 1e-05
35.0833333333 0.266666666667 1e-05
35.0833333333 0.4 1e-05
35.0833333333 0.533333333333 1e-05
35.0833333333 0.666666666667 1e-05
35.0833333333 0.8 1e-05
35.0833333333 1.0 1e-05
38.25 -1.0 1e-05
38.25 -0.8 1e-05
38.25 -0.666666666667 1e-05
38.25 -0.533333333333 1e-05
38.25 -0.4 1e-05
38.25 -0.266666666667 1e-05
38.25 -0.133333333333 1e-05
38.25 0.0 1e-05
38.25 0.133333333333 1e-05
38.25 0.266666666667 1e-05
38.25 0.4 1e-05
38.25 0.533333333333 1e-05
38.25 0.666666666667 1e-05
38.25 0.8 1e-05
38.25 1.0 1e-05
41.4166666667 -1.0 1e-05
41.4166666667 -0.8 1e-05
41.4166666667 -0.666666666667 1e-05
41.4166666667 -0.533333333333 1e-05
41.4166666667 -0.4 1e-05
41.4166666667 -0.266666666667 1e-05
41.4166666667 -0.133333333333 1e-05
41.4166666667 0.0 1e-05
41.4166666667 0.133333333333 1e-05
41.4166666667 0.266666666667 1e-05
41.4166666667 0.4 1e-05
41.4166666667 0.533333333333 1e-05
41.4166666667 0.666666666667 1e-05
41.4166666667 0.8 1e-05
41.4166666667 1.0 1e-05
44.5833333333 -1.0 1e-05
44.5833333333 -0.8 1e-05
44.5833333333 -0.666666666667 1e-05
44.5833333333 -0.533333333333 1e-05
44.5833333333 -0.4 1e-05
44.5833333333 -0.266666666667 1e-05
44.5833333333 -0.133333333333 1e-05
44.5833333333 0.0 1e-05
44.5833333333 0.133333333333 1e-05
44.5833333333 0.266666666667 1e-05
44.5833333333 0.4 1e-05
44.5833333333 0.533333333333 1e-05
44.5833333333 0.666666666667 1e-05
44.5833333333 0.8 1e-05
44.5833333333 1.0 1e-05
47.75 -1.0 1e-05
47.75 -0.8 1e-05
47.75 -0.666666666667 1e-05
47.75 -0.533333333333 1e-05
47.75 -0.4 1e-05
47.75 -0.266666666667 1e-05
47.75 -0.133333333333 1e-05
47.75 0.0 1e-05
47.75 0.133333333333 1e-05
47.75 0.266666666667 1e-05
47.75 0.4 1e-05
47.75 0.533333333333 1e-05
47.75 0.666666666667 1e-05
47.75 0.8 1e-05
47.75 1.0 1e-05
50.9166666667 -1.0 1e-05
50.9166666667 -0.8 1e-05
50.9166666667 -0.666666666667 1e-05
50.9166666667 -0.533333333333 1e-05
50.9166666667 -0.4 1e-05
50.9166666667 -0.266666666667 1e-05
50.9166666667 -0.133333333333 1e-05
50.9166666667 0.0 1e-05
50.9166666667 0.133333333333 1e-05
50.9166666667 0.266666666667 1e-05
50.9166666667 0.4 1e-05
50.9166666667 0.533333333333 1e-05
50.9166666667 0.666666666667 1e-05
50.9166666667 0.8 1e-05
50.9166666667 1.0 1e-05
54.0833333333 -1.0 1e-05
54.0833333333 -0.8 1e-05
54.0833333333 -0.666666666667 1e-05
54.0833333333 -0.533333333333 1e-05
54.0833333333 -0.4 1e-05
54.0833333333 -0.266666666667 1e-05
54.0833333333 -0.133333333333 1e-05
54.0833333333 0.0 1e-05
54.0833333333 0.133333333333 1e-05
54.0833333333 0.266666666667 1e-05
54.0833333333 0.4 1e-05
54.0833333333 0.533333333333 1e-05
54.0833333333 0.666666666667 1e-05
54.0833333333 0.8 1e-05
54.0833333333 1.0 1e-05
57.25 -1.0 1e-05
57.25 -0.8 1e-05
57.25 -0.666666666667 1e-05
57.25 -0.533333333333 1e-05
57.25 -0.4 1e-05
57.25 -0.266666666667 1e-05
57.25 -0.133333333333 1e-05
57.25 0.0 1e-05
57.25 0.133333333333 1e-05
57.25 0.266666666667 1e-05
57.25 0.4 1e-05
57.25 0.533333333333 1e-05
57.25 0.666666666667 1e-05
57.25 0.8 1e-05
57.25 1.0 1e-05
60.4166666667 -1.0 1e-05
60.4166666667 -0.8 1e-05
60.4166666667 -0.666666666667 1e-05
60.4166666667 -0.533333333333 1e-05
60.4166666667 -0.4 1e-05
60.4166666667 -0.266666666667 1e-05
60.4166666667 -0.133333333333 1e-05
60.4166666667 0.0 1e-05
60.4166666667 0.133333333333 1e-05
60.4166666667 0.266666666667 1e-05
60.4166666667 0.4 1e-05
60.4166666667 0.533333333333 1e-05
60.4166666667 0.666666666667 1e-05
60.4166666667 0.8 1e-05
60.4166666667 1.0 1e-05
63.5833333333 -1.0 1e-05
63.5833333333 -0.8 1e-05
63.5833333333 -0.666666666667 1e-05
63.5833333333 -0.533333333333 1e-05
63.5833333333 -0.4 1e-05
63.5833333333 -0.266666666667 1e-05
63.5833333333 -0.133333333333 1e-05
63.5833333333 0.0 1e-05
63.5833333333 0.133333333333 1e-05
63.5833333333 0.266666666667 1e-05
63.5833333333 0.4 1e-05
63.5833333333 0.533333333333 1e-05
63.5833333333 0.666666666667 1e-05
63.5833333333 0.8 1e-05
63.5833333333 1.0 1e-05
66.75 -1.0 1e-05
66.75 -0.8 1e-05
66.75 -0.666666666667 1e-05
66.75 -0.533333333333 1e-05
66.75 -0.4 1e-05
66.75 -0.266666666667 1e-05
66.75 -0.133333333333 1e-05
66.75 0.0 1e-05
66.75 0.133333333333 1e-05
66.75 0.266666666667 1e-05
66.75 0.4 1e-05
66.75 0.533333333333 1e-05
66.75 0.666666666667 1e-05
66.75 0.8 1e-05
66.75 1.0 1e-05
69.9166666667 -1.0 1e-05
69.9166666667 -0.8 1e-05
69.9166666667 -0.666666666667 1e-05
69.9166666667 -0.533333333333 1e-05
69.9166666667 -0.4 1e-05
69.9166666667 -0.266666666667 1e-05
69.9166666667 -0.133333333333 1e-05
69.9166666667 0.0 1e-05
69.9166666667 0.133333333333 1e-05
69.9166666667 0.266666666667 1e-05
69.9166666667 0.4 1e-05
69.9166666667 0.533333333333 1e-05
69.9166666667 0.666666666667 1e-05
69.9166666667 0.8 1e-05
69.9166666667 1.0 1e-05
73.0833333333 -1.0 1e-05
73.0833333333 -0.8 1e-05
73.0833333333 -0.666666666667 1e-05
73.0833333333 -0.533333333333 1e-05
73.0833333333 -0.4 1e-05
73.0833333333 -0.266666666667 1e-05
73.0833333333 -0.133333333333 1e-05
73.0833333333 0.0 1e-05
73.0833333333 0.133333333333 1e-05
73.0833333333 0.266666666667 1e-05
73.0833333333 0.4 1e-05
73.0833333333 0.533333333333 1e-05
73.0833333333 0.666666666667 1e-05
73.0833333333 0.8 1e-05
73.0833333333 1.0 1e-05
76.25 -1.0 1e-05
76.25 -0.8 1e-05
76.25 -0.666666666667 1e-05
76.25 -0.533333333333 1e-05
76.25 -0.4 1e-05
76.25 -0.266666666667 1e-05
76.25 -0.133333333333 1e-05
76.25 0.0 1e-05
76.25 0.133333333333 1e-05
76.25 0.266666666667 1e-05
76.25 0.4 1e-05
76.25 0.533333333333 1e-05
76.25 0.666666666667 1e-05
76.25 0.8 1e-05
76.25 1.0 1e-05
79.4166666667 -1.0 1e-05
79.4166666667 -0.8 1e-05
79.4166666667 -0.666666666667 1e-05
79.4166666667 -0.533333333333 1e-05
79.4166666667 -0.4 1e-05
79.4166666667 -0.266666666667 1e-05
79.4166666667 -0.133333333333 1e-05
79.4166666667 0.0 1e-05
79.4166666667 0.133333333333 1e-05
79.4166666667 0.266666666667 1e-05
79.4166666667 0.4 1e-05
79.4166666667 0.533333333333 1e-05
79.4166666667 0.666666666667 1e-05
79.4166666667 0.8 1e-05
79.4166666667 1.0 1e-05
82.5833333333 -1.0 1e-05
82.5833333333 -0.8 1e-05
82.5833333333 -0.666666666667 1e-05
82.5833333333 -0.533333333333 1e-05
82.5833333333 -0.4 1e-05
82.5833333333 -0.266666666667 1e-05
82.5833333333 -0.133333333333 1e-05
82.5833333333 0.0 1e-05
82.5833333333 0.133333333333 1e-05
82.5833333333 0.266666666667 1e-05
82.5833333333 0.4 1e-05
82.5833333333 0.533333333333 1e-05
82.5833333333 0.666666666667 1e-05
82.5833333333 0.8 1e-05
82.5833333333 1.0 1e-05
85.75 -1.0 1e-05
85.75 -0.8 1e-05
85.75 -0.666666666667 1e-05
85.75 -0.533333333333 1e-05
85.75 -0.4 1e-05
85.75 -0.266666666667 1e-05
85.75 -0.133333333333 1e-05
85.75 0.0 1e-05
85.75 0.133333333333 1e-05
85.75 0.266666666667 1e-05
85.75 0.4 1e-05
85.75 0.533333333333 1e-05
85.75 0.666666666667 1e-05
85.75 0.8 1e-05
85.75 1.0 1e-05
88.9166666667 -1.0 1e-05
88.9166666667 -0.8 1e-05
88.9166666667 -0.666666666667 1e-05
88.9166666667 -0.533333333333 1e-05
88.9166666667 -0.4 1e-05
88.9166666667 -0.266666666667 1e-05
88.9166666667 -0.133333333333 1e-05
88.9166666667 0.0 1e-05
88.9166666667 0.133333333333 1e-05
88.9166666667 0.266666666667 1e-05
88.9166666667 0.4 1e-05
88.9166666667 0.533333333333 1e-05
88.9166666667 0.666666666667 1e-05
88.9166666667 0.8 1e-05
88.9166666667 1.0 1e-05
92.0833333333 -1.0 1e-05
92.0833333333 -0.8 1e-05
92.0833333333 -0.666666666667 1e-05
92.0833333333 -0.533333333333 1e-05
92.0833333333 -0.4 1e-05
92.0833333333 -0.266666666667 1e-05
92.0833333333 -0.133333333333 1e-05
92.0833333333 0.0 1e-05
92.0833333333 0.133333333333 1e-05
92.0833333333 0.266666666667 1e-05
92.0833333333 0.4 1e-05
92.0833333333 0.533333333333 1e-05
92.0833333333 0.666666666667 1e-05
92.0833333333 0.8 1e-05
92.0833333333 1.0 1e-05
95.25 -1.0 1e-05
95.25 -0.8 1e-05
95.25 -0.666666666667 1e-05
95.25 -0.533333333333 1e-05
95.25 -0.4 1e-05
95.25 -0.266666666667 1e-05
95.25 -0.133333333333 1e-05
95.25 0.0 1e-05
95.25 0.133333333333 1e-05
95.25 0.266666666667 1e-05
95.25 0.4 1e-05
95.25 0.533333333333 1e-05
95.25 0.666666666667 1e-05
95.25 0.8 1e-05
95.25 1.0 1e-05
100.0 -1.0 1e-05
100.0 -0.8 1e-05
100.0 -0.666666666667 1e-05
100.0 -0.533333333333 1e-05
100.0 -0.4 1e-05
100.0 -0.266666666667 1e-05
100.0 -0.133333333333 1e-05
100.0 0.0 1e-05
100.0 0.133333333333 1e-05
100.0 0.266666666667 1e-05
100.0 0.4 1e-05
100.0 0.533333333333 1e-05
100.0 0.666666666667 1e-05
100.0 0.8 1e-05
100.0 1.0 1e-05
