5.0 -1.0 0.020644972536
5.0 -0.8 0.0177709958949
5.0 -0.666666666667 0.0187783187545
5.0 -0.533333333333 0.0186641718678
5.0 -0.4 0.0190611389939
5.0 -0.266666666667 0.0200880167875
5.0 -0.133333333333 0.0187316484753
5.0 0.0 0.0176560329983
5.0 0.133333333333 0.0193523984582
5.0 0.266666666667 0.0195439774238
5.0 0.4 0.0182494172706
5.0 0.533333333333 0.0195383638889
5.0 0.666666666667 0.0189235183822
5.0 0.8 0.0186079426213
5.0 1.0 0.0217231703628
9.75 -1.0 0.0168612034293
9.75 -0.8 0.017249928364
9.75 -0.666666666667 0.0165799792631
9.75 -0.533333333333 0.0171676611114
9.75 -0.4 0.0180762698091
9.75 -0.266666666667 0.0202794815477
9.75 -0.133333333333 0.0194627479993
9.75 0.0 0.018920683843
9.75 0.133333333333 0.0188796819334
9.75 0.266666666667 0.0185888354574
9.75 0.4 0.0190003640911
9.75 0.533333333333 0.0198186647084
9.75 0.666666666667 0.0189986444765
9.75 0.8 0.0178448908393
9.75 1.0 0.0186524842775
12.9166666667 -1.0 0.0140439223076
12.9166666667 -0.8 0.0150491285121
12.9166666667 -0.666666666667 0.0170075344557
12.9166666667 -0.533333333333 0.01745270905
12.9166666667 -0.4 0.017934044287
12.9166666667 -0.266666666667 0.0180635638542
12.9166666667 -0.133333333333 0.0189424742745
12.9166666667 0.0 0.0198146649891
12.9166666667 0.133333333333 0.0185262287216
12.9166666667 0.266666666667 0.0186092429853
12.9166666667 0.4 0.0186352519438
12.9166666667 0.533333333333 0.018263914527
12.9166666667 0.666666666667 0.0170193803475
12.9166666667 0.8 0.016699121538
12.9166666667 1.0 0.0151914617122
16.0833333333 -1.0 0.012027437796
16.0833333333 -0.8 0.0140008155448
16.0833333333 -0.666666666667 0.014036047241
16.0833333333 -0.533333333333 0.0159506896355
16.0833333333 -0.4 0.0158617957635
16.0833333333 -0.266666666667 0.0179884149688
16.0833333333 -0.133333333333 0.0183719466048
16.0833333333 0.0 0.0173284948368
16.0833333333 0.133333333333 0.0185964001416
16.0833333333 0.266666666667 0.0171163990585
16.0833333333 0.4 0.0162112657301
16.0833333333 0.533333333333 0.0150129365305
16.0833333333 0.666666666667 0.015350864129
16.0833333333 0.8 0.0136632342587
16.0833333333 1.0 0.0126680178383
19.25 -1.0 0.00910778510015
19.25 -0.8 0.0109219077589
19.25 -0.666666666667 0.0133473716528
19.25 -0.533333333333 0.014205239166
19.25 -0.4 0.0151005092118
19.25 -0.266666666667 0.0155703756806
19.25 -0.133333333333 0.0154103738829
19.25 0.0 0.0161823541314
19.25 0.133333333333 0.015956718506
19.25 0.266666666667 0.0163612406716
19.25 0.4 0.0152142514844
19.25 0.533333333333 0.0143862141174
19.25 0.666666666667 0.013324104711
19.25 0.8 0.0110904073576
19.25 1.0 0.0100037443088
22.4166666667 -1.0 0.00824698915773
22.4166666667 -0.8 0.00910923105419
22.4166666667 -0.666666666667 0.0118344679682
22.4166666667 -0.533333333333 0.013093557001
22.4166666667 -0.4 0.0132983130333
22.4166666667 -0.266666666667 0.0137093603382
22.4166666667 -0.133333333333 0.01459144174
22.4166666667 0.0 0.0152255049188
22.4166666667 0.133333333333 0.0140827965651
22.4166666667 0.266666666667 0.0141527488623
22.4166666667 0.4 0.0134784320668
22.4166666667 0.533333333333 0.0128419251709
22.4166666667 0.666666666667 0.0116541454992
22.4166666667 0.8 0.00934829863233
22.4166666667 1.0 0.0081856551451
25.5833333333 -1.0 0.0062912368223
25.5833333333 -0.8 0.00762810676401
25.5833333333 -0.666666666667 0.00972708762011
25.5833333333 -0.533333333333 0.0101338236298
25.5833333333 -0.4 0.0107140961148
25.5833333333 -0.266666666667 0.0120139044978
25.5833333333 -0.133333333333 0.0128632177531
25.5833333333 0.0 0.0130262006237
25.5833333333 0.133333333333 0.0128957529999
25.5833333333 0.266666666667 0.0117334866881
25.5833333333 0.4 0.0115808405639
25.5833333333 0.533333333333 0.00940120264106
25.5833333333 0.666666666667 0.00970885639179
25.5833333333 0.8 0.008865627159
25.5833333333 1.0 0.00637787393447
28.75 -1.0 0.00494010935542
28.75 -0.8 0.00599062425301
28.75 -0.666666666667 0.00798063289532
28.75 -0.533333333333 0.00792771679904
28.75 -0.4 0.0107346760134
28.75 -0.266666666667 0.0102050740427
28.75 -0.133333333333 0.0112171781477
28.75 0.0 0.0107901916233
28.75 0.133333333333 0.0112984137088
28.75 0.266666666667 0.0106867930047
28.75 0.4 0.00985972837154
28.75 0.533333333333 0.00929588264977
28.75 0.666666666667 0.00853848596902
28.75 0.8 0.0066404717846
28.75 1.0 0.00505959166036
31.9166666667 -1.0 0.00355685198237
31.9166666667 -0.8 0.00534262450885
31.9166666667 -0.666666666667 0.00665268810131
31.9166666667 -0.533333333333 0.00795095082787
31.9166666667 -0.4 0.00838932406282
31.9166666667 -0.266666666667 0.00843265146743
31.9166666667 -0.133333333333 0.00863584708148
31.9166666667 0.0 0.00961005816022
31.9166666667 0.133333333333 0.00979056557755
31.9166666667 0.266666666667 0.00987868581962
31.9166666667 0.4 0.00837561326389
31.9166666667 0.533333333333 0.00800218314345
31.9166666667 0.666666666667 0.00709240678114
31.9166666667 0.8 0.00519132861973
31.9166666667 1.0 0.00383044990859
35.0833333333 -1.0 0.00191386782387
35.0833333333 -0.8 0.00354959390677
35.0833333333 -0.666666666667 0.00578596402865
35.0833333333 -0.533333333333 0.00550310075613
35.0833333333 -0.4 0.00734668095333
35.0833333333 -0.266666666667 0.00720317265837
35.0833333333 -0.133333333333 0.00770908001268
35.0833333333 0.0 0.00779053676294
35.0833333333 0.133333333333 0.00895791333727
35.0833333333 0.266666666667 0.0078517332698
35.0833333333 0.4 0.00738117877795
35.0833333333 0.533333333333 0.00674825027949
35.0833333333 0.666666666667 0.00478698849671
35.0833333333 0.8 0.00428587761948
35.0833333333 1.0 0.00323110677837
38.25 -1.0 0.00218880623803
38.25 -0.8 0.0034250995381
38.25 -0.666666666667 0.00487864272075
38.25 -0.533333333333 0.00509559083743
38.25 -0.4 0.00594268901085
38.25 -0.266666666667 0.00628992248637
38.25 -0.133333333333 0.00705129375701
38.25 0.0 0.00675742935315
38.25 0.133333333333 0.00655132627261
38.25 0.266666666667 0.00680259665114
38.25 0.4 0.00610001118009
38.25 0.533333333333 0.00515079011191
38.25 0.666666666667 0.00471345014099
38.25 0.8 0.00337425500766
38.25 1.0 0.00273479198829
41.4166666667 -1.0 0.00181959707325
41.4166666667 -0.8 0.00211905572842
41.4166666667 -0.666666666667 0.00321641099832
41.4166666667 -0.533333333333 0.00407595624898
41.4166666667 -0.4 0.00537023596396
41.4166666667 -0.266666666667 0.00571024116763
41.4166666667 -0.133333333333 0.00528951724019
41.4166666667 0.0 0.00602980053487
41.4166666667 0.133333333333 0.00617320006279
41.4166666667 0.266666666667 0.00599725603924
41.4166666667 0.4 0.00442177612329
41.4166666667 0.533333333333 0.00435330968143
41.4166666667 0.666666666667 0.00396750529103
41.4166666667 0.8 0.00251429587239
41.4166666667 1.0 0.00191685591565
44.5833333333 -1.0 0.00132283451367
44.5833333333 -0.8 0.00217006439118
44.5833333333 -0.666666666667 0.00308218585972
44.5833333333 -0.533333333333 0.00371431689958
44.5833333333 -0.4 0.00455600208779
44.5833333333 -0.266666666667 0.00486827203525
44.5833333333 -0.133333333333 0.00484799319149
44.5833333333 0.0 0.00478391639905
44.5833333333 0.133333333333 0.00488180378396
44.5833333333 0.266666666667 0.00430103536655
44.5833333333 0.4 0.00459814695719
44.5833333333 0.533333333333 0.00373269857874
44.5833333333 0.666666666667 0.00305387378422
44.5833333333 0.8 0.00217847376224
44.5833333333 1.0 0.00120613737354
47.75 -1.0 0.00102226732528
47.75 -0.8 0.00122749172615
47.75 -0.666666666667 0.00227452783395
47.75 -0.533333333333 0.00325921949055
47.75 -0.4 0.00346484686399
47.75 -0.266666666667 0.00362588060197
47.75 -0.133333333333 0.00407987201125
47.75 0.0 0.00364707225815
47.75 0.133333333333 0.00406259241978
47.75 0.266666666667 0.00421473092896
47.75 0.4 0.00352628496598
47.75 0.533333333333 0.00310408910916
47.75 0.666666666667 0.0026757960003
47.75 0.8 0.0021166337225
47.75 1.0 0.00120218341802
50.9166666667 -1.0 0.000775167445356
50.9166666667 -0.8 0.00143409897683
50.9166666667 -0.666666666667 0.00193643584446
50.9166666667 -0.533333333333 0.00270581255154
50.9166666667 -0.4 0.00258249732474
50.9166666667 -0.266666666667 0.0031084232384
50.9166666667 -0.133333333333 0.00369492497548
50.9166666667 0.0 0.00289748168357
50.9166666667 0.133333333333 0.00357909985197
50.9166666667 0.266666666667 0.00335605106809
50.9166666667 0.4 0.00260415743089
50.9166666667 0.533333333333 0.002291538496
50.9166666667 0.666666666667 0.00195448482955
50.9166666667 0.8 0.00155035703327
50.9166666667 1.0 0.000659942455741
54.0833333333 -1.0 0.000635664834379
54.0833333333 -0.8 0.000802579686648
54.0833333333 -0.666666666667 0.00109505941889
54.0833333333 -0.533333333333 0.00189208468946
54.0833333333 -0.4 0.00245931148296
54.0833333333 -0.266666666667 0.00234412861666
54.0833333333 -0.133333333333 0.00278041675888
54.0833333333 0.0 0.00284381780978
54.0833333333 0.133333333333 0.00282969899213
54.0833333333 0.266666666667 0.00312555511723
54.0833333333 0.4 0.00314037525463
54.0833333333 0.533333333333 0.0023244802114
54.0833333333 0.666666666667 0.0018919042344
54.0833333333 0.8 0.00091116739114
54.0833333333 1.0 0.000685262085063
57.25 -1.0 0.000657489792834
57.25 -0.8 0.00102677533517
57.25 -0.666666666667 0.00118741053082
57.25 -0.533333333333 0.00182059593885
57.25 -0.4 0.00205030719946
57.25 -0.266666666667 0.00216438981012
57.25 -0.133333333333 0.00204900743966
57.25 0.0 0.00230686880936
57.25 0.133333333333 0.00214030158185
57.25 0.266666666667 0.00214182229589
57.25 0.4 0.0022397445064
57.25 0.533333333333 0.00193340172008
57.25 0.666666666667 0.0015917786978
57.25 0.8 0.000894140332753
57.25 1.0 0.000639976805089
60.4166666667 -1.0 0.000408484301543
60.4166666667 -0.8 0.000660091982361
60.4166666667 -0.666666666667 0.000727099175283
60.4166666667 -0.533333333333 0.00141668244579
60.4166666667 -0.4 0.00159717208254
60.4166666667 -0.266666666667 0.00209128453295
60.4166666667 -0.133333333333 0.00187119542375
60.4166666667 0.0 0.00232471842543
60.4166666667 0.133333333333 0.00236188592599
60.4166666667 0.266666666667 0.00212045892037
60.4166666667 0.4 0.00175377745539
60.4166666667 0.533333333333 0.00130412648857
60.4166666667 0.666666666667 0.00143409798207
60.4166666667 0.8 0.000593823305564
60.4166666667 1.0 0.000478641601923
63.5833333333 -1.0 0.000299246049847
63.5833333333 -0.8 0.000249081623926
63.5833333333 -0.666666666667 0.000869996568795
63.5833333333 -0.533333333333 0.00138745723128
63.5833333333 -0.4 0.00150722087672
63.5833333333 -0.266666666667 0.00162108286091
63.5833333333 -0.133333333333 0.00152946033138
63.5833333333 0.0 0.00149890283079
63.5833333333 0.133333333333 0.00193324740325
63.5833333333 0.266666666667 0.00153126756953
63.5833333333 0.4 0.00154327577465
63.5833333333 0.533333333333 0.0011162888139
63.5833333333 0.666666666667 0.000794796330524
63.5833333333 0.8 0.000659016889917
63.5833333333 1.0 0.00036534440645
66.75 -1.0 0.000158102870782
66.75 -0.8 0.000429916941197
66.75 -0.666666666667 0.0006820873081
66.75 -0.533333333333 0.00088577878965
66.75 -0.4 0.00109622177195
66.75 -0.266666666667 0.00154712460787
66.75 -0.133333333333 0.00159643572934
66.75 0.0 0.00140961671574
66.75 0.133333333333 0.0013629991999
66.75 0.266666666667 0.00150974181136
66.75 0.4 0.00122971217942
66.75 0.533333333333 0.000999167299116
66.75 0.666666666667 0.000569739899418
66.75 0.8 0.000615957876169
66.75 1.0 0.000367719261183
69.9166666667 -1.0 0.000160152392574
69.9166666667 -0.8 0.000295509016892
69.9166666667 -0.666666666667 0.000593352786114
69.9166666667 -0.533333333333 0.000661037883363
69.9166666667 -0.4 0.000732213054982
69.9166666667 -0.266666666667 0.00113777911631
69.9166666667 -0.133333333333 0.00125078264306
69.9166666667 0.0 0.0011138833441
69.9166666667 0.133333333333 0.00121044287372
69.9166666667 0.266666666667 0.000909131275762
69.9166666667 0.4 0.000886522179199
69.9166666667 0.533333333333 0.00122952498317
69.9166666667 0.666666666667 0.000724658006791
69.9166666667 0.8 0.000480087877785
69.9166666667 1.0 0.000228387896487
73.0833333333 -1.0 2.24197373403e-05
73.0833333333 -0.8 0.000297595785902
73.0833333333 -0.666666666667 0.000479492023351
73.0833333333 -0.533333333333 0.000753565010159
73.0833333333 -0.4 0.000683880862884
73.0833333333 -0.266666666667 0.000824493063308
73.0833333333 -0.133333333333 0.00102525867696
73.0833333333 0.0 0.00113759561095
73.0833333333 0.133333333333 0.00110115823572
73.0833333333 0.266666666667 0.000800033964627
73.0833333333 0.4 0.000708305391543
73.0833333333 0.533333333333 0.000794941925661
73.0833333333 0.666666666667 0.000318192203975
73.0833333333 0.8 0.000339979225111
73.0833333333 1.0 0.000158163996653
76.25 -1.0 4.49739802946e-05
76.25 -0.8 0.000205039147298
76.25 -0.666666666667 0.000640117729373
76.25 -0.533333333333 0.000566836731172
76.25 -0.4 0.000707698937673
76.25 -0.266666666667 0.00070562309561
76.25 -0.133333333333 0.000938413057405
76.25 0.0 0.00102818849599
76.25 0.133333333333 0.000774347993199
76.25 0.266666666667 0.00102279598528
76.25 0.4 0.000545482521176
76.25 0.533333333333 0.000772843122484
76.25 0.666666666667 0.000366895008714
76.25 0.8 0.000249470310102
76.25 1.0 0.000114015345204
79.4166666667 -1.0 6.86763838279e-05
79.4166666667 -0.8 0.000205122575231
79.4166666667 -0.666666666667 0.000410211908909
79.4166666667 -0.533333333333 0.00034240470326
79.4166666667 -0.4 0.000729869665123
79.4166666667 -0.266666666667 0.000523573381782
79.4166666667 -0.133333333333 0.000567417001988
79.4166666667 0.0 0.000456767601153
79.4166666667 0.133333333333 0.000550636142917
79.4166666667 0.266666666667 0.000478606928438
79.4166666667 0.4 0.000479998466464
79.4166666667 0.533333333333 0.000454284325771
79.4166666667 0.666666666667 0.000251317768288
79.4166666667 0.8 0.000252412856922
79.4166666667 1.0 6.77561615552e-05
82.5833333333 -1.0 4.50636153002e-05
82.5833333333 -0.8 0.000113106549766
82.5833333333 -0.666666666667 0.00029513554948
82.5833333333 -0.533333333333 0.000342241620871
82.5833333333 -0.4 0.000272749137695
82.5833333333 -0.266666666667 0.000753102154868
82.5833333333 -0.133333333333 0.000545151847331
82.5833333333 0.0 0.000732273268037
82.5833333333 0.133333333333 0.000548921614266
82.5833333333 0.266666666667 0.000685805959543
82.5833333333 0.4 0.000457896206428
82.5833333333 0.533333333333 0.000250257339182
82.5833333333 0.666666666667 0.000296398044555
82.5833333333 0.8 0.000159804457958
82.5833333333 1.0 2.36700085212e-05
85.75 -1.0 1e-05
85.75 -0.8 4.60897458615e-05
85.75 -0.666666666667 0.000157576075354
85.75 -0.533333333333 0.000180495483538
85.75 -0.4 0.000363392743832
85.75 -0.266666666667 0.000250263847007
85.75 -0.133333333333 0.000772646831063
85.75 0.0 0.000410692455277
85.75 0.133333333333 0.000321480451894
85.75 0.266666666667 0.000457770341198
85.75 0.4 0.00038879010216
85.75 0.533333333333 0.000251998383313
85.75 0.666666666667 0.000112971904469
85.75 0.8 0.000205121464981
85.75 1.0 2.25392182397e-05
88.9166666667 -1.0 1e-05
88.9166666667 -0.8 0.000114924286082
88.9166666667 -0.666666666667 0.000114972954378
88.9166666667 -0.533333333333 0.000248791623055
88.9166666667 -0.4 0.000205148977249
88.9166666667 -0.266666666667 0.000271560487165
88.9166666667 -0.133333333333 0.000410218719306
88.9166666667 0.0 0.000454917169121
88.9166666667 0.133333333333 0.000500792906718
88.9166666667 0.266666666667 0.000320104076114
88.9166666667 0.4 0.00034068390849
88.9166666667 0.533333333333 0.000252525140033
88.9166666667 0.666666666667 0.000160096525174
88.9166666667 0.8 0.000158980759607
88.9166666667 1.0 2.2692546255e-05
92.0833333333 -1.0 1e-05
92.0833333333 -0.8 4.51122835953e-05
92.0833333333 -0.666666666667 4.63625547762e-05
92.0833333333 -0.533333333333 0.00020486596619
92.0833333333 -0.4 0.000483164866317
92.0833333333 -0.266666666667 0.000316557371707
92.0833333333 -0.133333333333 0.000318711609898
92.0833333333 0.0 0.000436532199598
92.0833333333 0.133333333333 0.000317215190214
92.0833333333 0.266666666667 0.000251070816002
92.0833333333 0.4 0.000270963199077
92.0833333333 0.533333333333 0.000253847047658
92.0833333333 0.666666666667 0.000114187237719
92.0833333333 0.8 2.25542429543e-05
92.0833333333 1.0 1e-05
95.25 -1.0 1e-05
95.25 -0.8 4.50399645211e-05
95.25 -0.666666666667 4.53927217077e-05
95.25 -0.533333333333 0.000182733820285
95.25 -0.4 0.000295461419216
95.25 -0.266666666667 0.000251544709727
95.25 -0.133333333333 0.000453418221211
95.25 0.0 0.000430168781934
95.25 0.133333333333 0.0002270906208
95.25 0.266666666667 0.000205744315529
95.25 0.4 0.000136376499592
95.25 0.533333333333 0.000203108270737
95.25 0.666666666667 6.87336238214e-05
95.25 0.8 0.000205174789412
95.25 1.0 1e-05
100.0 -1.0 1e-05
100.0 -0.8 4.53626121052e-05
100.0 -0.666666666667 4.55009154059e-05
100.0 -0.533333333333 0.000135329315586
100.0 -0.4 4.60920312711e-05
100.0 -0.266666666667 0.000159214978345
100.0 -0.133333333333 0.000180658160085
100.0 0.0 0.000296776356004
100.0 0.133333333333 0.00029661302938
100.0 0.266666666667 0.000160271867666
100.0 0.4 0.000295089709591
100.0 0.533333333333 6.8946907333e-05
100.0 0.666666666667 4.62988559593e-05
100.0 0.8 1e-05
100.0 1.0 2.24857215668e-05
