5.0 -1.0 0.0238701002129
5.0 -0.8 0.0201502708138
5.0 -0.666666666667 0.02054067237
5.0 -0.533333333333 0.0203177986879
5.0 -0.4 0.02045737727
5.0 -0.266666666667 0.0193252748727
5.0 -0.133333333333 0.0190346297635
5.0 0.0 0.0193323085676
5.0 0.133333333333 0.018139645779
5.0 0.266666666667 0.0192430879707
5.0 0.4 0.0185414398445
5.0 0.533333333333 0.017196451948
5.0 0.666666666667 0.0181247052766
5.0 0.8 0.0163031478111
5.0 1.0 0.0167571735278
9.75 -1.0 0.0221043092178
9.75 -0.8 0.0199142447535
9.75 -0.666666666667 0.0199134685483
9.75 -0.533333333333 0.0194122322834
9.75 -0.4 0.0195712486079
9.75 -0.266666666667 0.0195917152333
9.75 -0.133333333333 0.0205514256144
9.75 0.0 0.0188786979444
9.75 0.133333333333 0.0182578675606
9.75 0.266666666667 0.0186889558856
9.75 0.4 0.0177592501446
9.75 0.533333333333 0.0167143440061
9.75 0.666666666667 0.0166360221627
9.75 0.8 0.0144647667404
9.75 1.0 0.0139229724474
12.9166666667 -1.0 0.0195277155792
12.9166666667 -0.8 0.019132942335
12.9166666667 -0.666666666667 0.0188726941457
12.9166666667 -0.533333333333 0.0198081777444
12.9166666667 -0.4 0.0194000977555
12.9166666667 -0.266666666667 0.0193454422198
12.9166666667 -0.133333333333 0.0184873839232
12.9166666667 0.0 0.0192492494559
12.9166666667 0.133333333333 0.018442650977
12.9166666667 0.266666666667 0.0173377568088
12.9166666667 0.4 0.0168677200815
12.9166666667 0.533333333333 0.0153044445319
12.9166666667 0.666666666667 0.0158076713279
12.9166666667 0.8 0.0125374890164
12.9166666667 1.0 0.0111312076033
16.0833333333 -1.0 0.0154210419259
16.0833333333 -0.8 0.0146595168207
16.0833333333 -0.666666666667 0.016087948329
16.0833333333 -0.533333333333 0.0179588382504
16.0833333333 -0.4 0.0180108585554
16.0833333333 -0.266666666667 0.0173899217204
16.0833333333 -0.133333333333 0.0191847255227
16.0833333333 0.0 0.0180490538454
16.0833333333 0.133333333333 0.0160979392552
16.0833333333 0.266666666667 0.0178622645762
16.0833333333 0.4 0.0159091993967
16.0833333333 0.533333333333 0.0141063581575
16.0833333333 0.666666666667 0.0131758906243
16.0833333333 0.8 0.0109537740069
16.0833333333 1.0 0.00931742909136
19.25 -1.0 0.0122247469307
19.25 -0.8 0.0131533013444
19.25 -0.666666666667 0.014941008241
19.25 -0.533333333333 0.0164668208296
19.25 -0.4 0.0167522991077
19.25 -0.266666666667 0.0172257563314
19.25 -0.133333333333 0.016210746266
19.25 0.0 0.0153069222613
19.25 0.133333333333 0.0157523707441
19.25 0.266666666667 0.0139137065555
19.25 0.4 0.0134202596948
19.25 0.533333333333 0.0127580370629
19.25 0.666666666667 0.0114150458852
19.25 0.8 0.00935087539035
19.25 1.0 0.00729070109636
22.4166666667 -1.0 0.0105886965091
22.4166666667 -0.8 0.012028562256
22.4166666667 -0.666666666667 0.0138998176437
22.4166666667 -0.533333333333 0.0140250136986
22.4166666667 -0.4 0.0151549544478
22.4166666667 -0.266666666667 0.0145324972522
22.4166666667 -0.133333333333 0.0148758767892
22.4166666667 0.0 0.0141695371637
22.4166666667 0.133333333333 0.014470696355
22.4166666667 0.266666666667 0.0130092674644
22.4166666667 0.4 0.0130629876656
22.4166666667 0.533333333333 0.0111346975005
22.4166666667 0.666666666667 0.00873447403034
22.4166666667 0.8 0.00744674815575
22.4166666667 1.0 0.00571904022133
25.5833333333 -1.0 0.00834312986152
25.5833333333 -0.8 0.00929859261633
25.5833333333 -0.666666666667 0.0108520006272
25.5833333333 -0.533333333333 0.0116881166429
25.5833333333 -0.4 0.0124361294166
25.5833333333 -0.266666666667 0.0121652649361
25.5833333333 -0.133333333333 0.0127400363645
25.5833333333 0.0 0.0126135467753
25.5833333333 0.133333333333 0.0119622148563
25.5833333333 0.266666666667 0.0119182924684
25.5833333333 0.4 0.0113752629393
25.5833333333 0.533333333333 0.00875328333293
25.5833333333 0.666666666667 0.00803707067073
25.5833333333 0.8 0.00587890215014
25.5833333333 1.0 0.00489947054553
28.75 -1.0 0.00685593384339
28.75 -0.8 0.00870703006618
28.75 -0.666666666667 0.0089623321976
28.75 -0.533333333333 0.0109111581541
28.75 -0.4 0.0114413655172
28.75 -0.266666666667 0.0110761096092
28.75 -0.133333333333 0.0118314416319
28.75 0.0 0.010595719557
28.75 0.133333333333 0.0097861449501
28.75 0.266666666667 0.0101375855955
28.75 0.4 0.0086267902069
28.75 0.533333333333 0.0074772987702
28.75 0.666666666667 0.00619462960357
28.75 0.8 0.00548151078236
28.75 1.0 0.00308051979362
31.9166666667 -1.0 0.00605408570984
31.9166666667 -0.8 0.00660063319009
31.9166666667 -0.666666666667 0.00777262750343
31.9166666667 -0.533333333333 0.00895918563019
31.9166666667 -0.4 0.00975488943189
31.9166666667 -0.266666666667 0.00986047375611
31.9166666667 -0.133333333333 0.00941649825707
31.9166666667 0.0 0.00974209604555
31.9166666667 0.133333333333 0.00844297816093
31.9166666667 0.266666666667 0.0080906833093
31.9166666667 0.4 0.00712350149296
31.9166666667 0.533333333333 0.00640647772817
31.9166666667 0.666666666667 0.00590019901232
31.9166666667 0.8 0.0037837503444
31.9166666667 1.0 0.00282414973406
35.0833333333 -1.0 0.00398640983014
35.0833333333 -0.8 0.00571961293013
35.0833333333 -0.666666666667 0.00553196864696
35.0833333333 -0.533333333333 0.0074414749034
35.0833333333 -0.4 0.00813695529045
35.0833333333 -0.266666666667 0.00776926721779
35.0833333333 -0.133333333333 0.00808705703793
35.0833333333 0.0 0.00819697214616
35.0833333333 0.133333333333 0.00807048911057
35.0833333333 0.266666666667 0.00691948645847
35.0833333333 0.4 0.00613384082605
35.0833333333 0.533333333333 0.00551690318471
35.0833333333 0.666666666667 0.00394360282915
35.0833333333 0.8 0.00294300759498
35.0833333333 1.0 0.0016479974549
38.25 -1.0 0.00332409359316
38.25 -0.8 0.00446274860633
38.25 -0.666666666667 0.00599275229371
38.25 -0.533333333333 0.00649826605134
38.25 -0.4 0.00678384207745
38.25 -0.266666666667 0.00678601358893
38.25 -0.133333333333 0.00649295823575
38.25 0.0 0.00645483726808
38.25 0.133333333333 0.00641985228491
38.25 0.266666666667 0.00613088476818
38.25 0.4 0.00496663468118
38.25 0.533333333333 0.00512114940995
38.25 0.666666666667 0.0034178265921
38.25 0.8 0.00263924969772
38.25 1.0 0.00156558614561
41.4166666667 -1.0 0.00237555523578
41.4166666667 -0.8 0.00334742200075
41.4166666667 -0.666666666667 0.0047912923022
41.4166666667 -0.533333333333 0.00549963520397
41.4166666667 -0.4 0.00497838355431
41.4166666667 -0.266666666667 0.00627152287304
41.4166666667 -0.133333333333 0.00553578235641
41.4166666667 0.0 0.00582391871239
41.4166666667 0.133333333333 0.00491736098563
41.4166666667 0.266666666667 0.00503101314252
41.4166666667 0.4 0.00446669253753
41.4166666667 0.533333333333 0.00380830288043
41.4166666667 0.666666666667 0.00298176276573
41.4166666667 0.8 0.00191320561467
41.4166666667 1.0 0.00123316377604
44.5833333333 -1.0 0.00195871563081
44.5833333333 -0.8 0.00325291567598
44.5833333333 -0.666666666667 0.00395908610895
44.5833333333 -0.533333333333 0.00464396444058
44.5833333333 -0.4 0.00415199997301
44.5833333333 -0.266666666667 0.00502440925178
44.5833333333 -0.133333333333 0.0051711171369
44.5833333333 0.0 0.00503441749377
44.5833333333 0.133333333333 0.00480108436539
44.5833333333 0.266666666667 0.0039030870024
44.5833333333 0.4 0.00323683683456
44.5833333333 0.533333333333 0.00330282126136
44.5833333333 0.666666666667 0.00246516536345
44.5833333333 0.8 0.00157214020141
44.5833333333 1.0 0.00081999424384
47.75 -1.0 0.00166816986879
47.75 -0.8 0.00261495719469
47.75 -0.666666666667 0.00309882116371
47.75 -0.533333333333 0.00349830446599
47.75 -0.4 0.00373896022873
47.75 -0.266666666667 0.00438268729789
47.75 -0.133333333333 0.00407104228975
47.75 0.0 0.00440016012231
47.75 0.133333333333 0.003668471051
47.75 0.266666666667 0.00345870063953
47.75 0.4 0.0027583441491
47.75 0.533333333333 0.00234754404852
47.75 0.666666666667 0.00184353949229
47.75 0.8 0.00124979277114
47.75 1.0 0.000703993892568
50.9166666667 -1.0 0.00104869988444
50.9166666667 -0.8 0.00213841722127
50.9166666667 -0.666666666667 0.00218618763231
50.9166666667 -0.533333333333 0.00313863446818
50.9166666667 -0.4 0.00304282629104
50.9166666667 -0.266666666667 0.00287624178431
50.9166666667 -0.133333333333 0.0033770537331
50.9166666667 0.0 0.00392123506392
50.9166666667 0.133333333333 0.00308419964523
50.9166666667 0.266666666667 0.00243593124997
50.9166666667 0.4 0.00264230324379
50.9166666667 0.533333333333 0.00232554606136
50.9166666667 0.666666666667 0.0014572670769
50.9166666667 0.8 0.00111364363089
50.9166666667 1.0 0.000342286219178
54.0833333333 -1.0 0.00113986454174
54.0833333333 -0.8 0.00127643823853
54.0833333333 -0.666666666667 0.00232432811327
54.0833333333 -0.533333333333 0.00280458838907
54.0833333333 -0.4 0.0031465665696
54.0833333333 -0.266666666667 0.00286559071424
54.0833333333 -0.133333333333 0.00323339841731
54.0833333333 0.0 0.0030132525353
54.0833333333 0.133333333333 0.00229325484931
54.0833333333 0.266666666667 0.00232343812778
54.0833333333 0.4 0.00201178112407
54.0833333333 0.533333333333 0.00159514800543
54.0833333333 0.666666666667 0.00102402035779
54.0833333333 0.8 0.000481513371874
54.0833333333 1.0 0.000228323228339
57.25 -1.0 0.00098369800922
57.25 -0.8 0.00127520398633
57.25 -0.666666666667 0.00171326326466
57.25 -0.533333333333 0.00182192729165
57.25 -0.4 0.00241413739665
57.25 -0.266666666667 0.00233062869588
57.25 -0.133333333333 0.0023035835552
57.25 0.0 0.00252828646461
57.25 0.133333333333 0.00234808200797
57.25 0.266666666667 0.00229866523131
57.25 0.4 0.00172811677984
57.25 0.533333333333 0.00118587219652
57.25 0.666666666667 0.000841873595335
57.25 0.8 0.000683385725573
57.25 1.0 0.00038728659539
60.4166666667 -1.0 0.000477593542203
60.4166666667 -0.8 0.00116353539927
60.4166666667 -0.666666666667 0.00175841939469
60.4166666667 -0.533333333333 0.00228404710221
60.4166666667 -0.4 0.00204483881213
60.4166666667 -0.266666666667 0.00205592132518
60.4166666667 -0.133333333333 0.00216035167741
60.4166666667 0.0 0.00191028948237
60.4166666667 0.133333333333 0.0018706208261
60.4166666667 0.266666666667 0.00171281962536
60.4166666667 0.4 0.00150181734182
60.4166666667 0.533333333333 0.000930198634204
60.4166666667 0.666666666667 0.000545857448991
60.4166666667 0.8 0.00050037295021
60.4166666667 1.0 0.000226856487379
63.5833333333 -1.0 0.000591510670401
63.5833333333 -0.8 0.00102523541168
63.5833333333 -0.666666666667 0.00116378411139
63.5833333333 -0.533333333333 0.00118290708691
63.5833333333 -0.4 0.0017469953969
63.5833333333 -0.266666666667 0.00189055963793
63.5833333333 -0.133333333333 0.00175523958298
63.5833333333 0.0 0.00164229048633
63.5833333333 0.133333333333 0.0015699195644
63.5833333333 0.266666666667 0.00158168201897
63.5833333333 0.4 0.00113743694843
63.5833333333 0.533333333333 0.000863724665791
63.5833333333 0.666666666667 0.000364505505386
63.5833333333 0.8 0.00036720192811
63.5833333333 1.0 2.2692546255e-05
66.75 -1.0 0.000343737892279
66.75 -0.8 0.000909897749622
66.75 -0.666666666667 0.0010763204929
66.75 -0.533333333333 0.00138510845673
66.75 -0.4 0.000911618985302
66.75 -0.266666666667 0.00154622571151
66.75 -0.133333333333 0.00186789893444
66.75 0.0 0.00150735265457
66.75 0.133333333333 0.00116266088345
66.75 0.266666666667 0.00131570580217
66.75 0.4 0.000751144794501
66.75 0.533333333333 0.000682911202862
66.75 0.666666666667 0.000456901042603
66.75 0.8 0.000407210682648
66.75 1.0 0.000135626975632
69.9166666667 -1.0 0.00040898622515
69.9166666667 -0.8 0.000616680570884
69.9166666667 -0.666666666667 0.000885603492204
69.9166666667 -0.533333333333 0.00113843440717
69.9166666667 -0.4 0.00104843827799
69.9166666667 -0.266666666667 0.00122813839412
69.9166666667 -0.133333333333 0.0012576452724
69.9166666667 0.0 0.00134114408527
69.9166666667 0.133333333333 0.000954519727303
69.9166666667 0.266666666667 0.000776132043083
69.9166666667 0.4 0.000772578124937
69.9166666667 0.533333333333 0.000499597018375
69.9166666667 0.666666666667 0.000364515068094
69.9166666667 0.8 0.00022992291294
69.9166666667 1.0 9.11297103826e-05
73.0833333333 -1.0 0.000226852486157
73.0833333333 -0.8 0.000340870240925
73.0833333333 -0.666666666667 0.000636976355506
73.0833333333 -0.533333333333 0.000702194365682
73.0833333333 -0.4 0.00102822500843
73.0833333333 -0.266666666667 0.00103022480055
73.0833333333 -0.133333333333 0.00105190980545
73.0833333333 0.0 0.00118740673924
73.0833333333 0.133333333333 0.000889537555968
73.0833333333 0.266666666667 0.000731259409587
73.0833333333 0.4 0.000592418793502
73.0833333333 0.533333333333 0.000456317388765
73.0833333333 0.666666666667 0.00041104840035
73.0833333333 0.8 0.000137250011468
73.0833333333 1.0 2.25843525568e-05
76.25 -1.0 0.000293966954212
76.25 -0.8 0.000430864348177
76.25 -0.666666666667 0.000660056217313
76.25 -0.533333333333 0.000664234813889
76.25 -0.4 0.000728031694113
76.25 -0.266666666667 0.00084447505275
76.25 -0.133333333333 0.000750665270516
76.25 0.0 0.00112020430094
76.25 0.133333333333 0.000888396990633
76.25 0.266666666667 0.000755205495087
76.25 0.4 0.00049852471212
76.25 0.533333333333 0.000591844323662
76.25 0.666666666667 0.000272670741674
76.25 0.8 0.000160792176734
76.25 1.0 2.28083691509e-05
79.4166666667 -1.0 0.000182713833317
79.4166666667 -0.8 0.000135897727011
79.4166666667 -0.666666666667 0.000413139119039
79.4166666667 -0.533333333333 0.000318036482102
79.4166666667 -0.4 0.00068633304094
79.4166666667 -0.266666666667 0.000591088796166
79.4166666667 -0.133333333333 0.000616779225652
79.4166666667 0.0 0.00061439157827
79.4166666667 0.133333333333 0.000479938477291
79.4166666667 0.266666666667 0.000685217308452
79.4166666667 0.4 0.000341511616743
79.4166666667 0.533333333333 0.000319875483629
79.4166666667 0.666666666667 0.000318630686324
79.4166666667 0.8 0.00011292460296
79.4166666667 1.0 2.25778937334e-05
82.5833333333 -1.0 4.61605526586e-05
82.5833333333 -0.8 0.000252423455686
82.5833333333 -0.666666666667 0.000320662012956
82.5833333333 -0.533333333333 0.000546343984646
82.5833333333 -0.4 0.000525064742901
82.5833333333 -0.266666666667 0.000478992416289
82.5833333333 -0.133333333333 0.000685787346485
82.5833333333 0.0 0.000660862410646
82.5833333333 0.133333333333 0.000524616679155
82.5833333333 0.266666666667 0.000408985079115
82.5833333333 0.4 0.000478482154203
82.5833333333 0.533333333333 0.000318647916889
82.5833333333 0.666666666667 0.000206858444843
82.5833333333 0.8 4.52704399884e-05
82.5833333333 1.0 2.24197373403e-05
85.75 -1.0 9.01635353176e-05
85.75 -0.8 0.000114081211212
85.75 -0.666666666667 0.000251689471851
85.75 -0.533333333333 0.000318491379221
85.75 -0.4 0.000525370741425
85.75 -0.266666666667 0.00027392963892
85.75 -0.133333333333 0.000501257279278
85.75 0.0 0.00057115495835
85.75 0.133333333333 0.000430826300997
85.75 0.266666666667 0.00034287641642
85.75 0.4 0.000271794077639
85.75 0.533333333333 0.000159130311401
85.75 0.666666666667 9.10637261562e-05
85.75 0.8 1e-05
85.75 1.0 1e-05
88.9166666667 -1.0 2.2692546255e-05
88.9166666667 -0.8 0.000115083433485
88.9166666667 -0.666666666667 0.000248501585919
88.9166666667 -0.533333333333 0.00041097159904
88.9166666667 -0.4 0.000274549261608
88.9166666667 -0.266666666667 0.000341645061688
88.9166666667 -0.133333333333 0.000613760091306
88.9166666667 0.0 0.000410116290629
88.9166666667 0.133333333333 0.000434212669811
88.9166666667 0.266666666667 0.00031793515874
88.9166666667 0.4 0.000226431465484
88.9166666667 0.533333333333 4.53862628843e-05
88.9166666667 0.666666666667 9.26389303307e-05
88.9166666667 0.8 2.24857215668e-05
88.9166666667 1.0 1e-05
92.0833333333 -1.0 4.52467892093e-05
92.0833333333 -0.8 0.00013845698812
92.0833333333 -0.666666666667 4.49714431336e-05
92.0833333333 -0.533333333333 0.000159835564377
92.0833333333 -0.4 0.000227513463495
92.0833333333 -0.266666666667 0.000478023273184
92.0833333333 -0.133333333333 0.000342153992823
92.0833333333 0.0 0.000366188299746
92.0833333333 0.133333333333 0.000503804720571
92.0833333333 0.266666666667 0.000342796880221
92.0833333333 0.4 0.000181710490544
92.0833333333 0.533333333333 0.00015900534703
92.0833333333 0.666666666667 6.90175959119e-05
92.0833333333 0.8 2.24197373403e-05
92.0833333333 1.0 1e-05
95.25 -1.0 4.61906622611e-05
95.25 -0.8 0.000227766419267
95.25 -0.666666666667 9.06696205195e-05
95.25 -0.533333333333 0.000202858066202
95.25 -0.4 0.000181516265527
95.25 -0.266666666667 0.000386013592102
95.25 -0.133333333333 0.000362815643325
95.25 0.0 0.000226631176385
95.25 0.133333333333 0.000364095211646
95.25 0.266666666667 0.000250214635715
95.25 0.4 0.000182181503889
95.25 0.533333333333 0.000160523193043
95.25 0.666666666667 4.60260470446e-05
95.25 0.8 2.24857215668e-05
95.25 1.0 1e-05
100.0 -1.0 1e-05
100.0 -0.8 0.000116114392424
100.0 -0.666666666667 0.000160041392248
100.0 -0.533333333333 0.000340500447044
100.0 -0.4 0.000274506148992
100.0 -0.266666666667 0.000113180896348
100.0 -0.133333333333 0.000113487552379
100.0 0.0 0.000114425342334
100.0 0.133333333333 0.000294279054091
100.0 0.266666666667 6.80401336456e-05
100.0 0.4 4.60260470446e-05
100.0 0.533333333333 0.000112945592553
100.0 0.666666666667 1e-05
100.0 0.8 4.5093461194e-05
100.0 1.0 1e-05
