5.0 -1.0 0.024491219172
5.0 -0.8 0.019272179572
5.0 -0.666666666667 0.0192866744227
5.0 -0.533333333333 0.017632554853
5.0 -0.4 0.0159738750888
5.0 -0.266666666667 0.0171269722922
5.0 -0.133333333333 0.0161515090553
5.0 0.0 0.0156942659016
5.0 0.133333333333 0.0154914492533
5.0 0.266666666667 0.0142081466886
5.0 0.4 0.0146582331534
5.0 0.533333333333 0.013553948549
5.0 0.666666666667 0.011448135099
5.0 0.8 0.0108488571844
5.0 1.0 0.0105690136264
9.75 -1.0 0.0240724548791
9.75 -0.8 0.0215939794852
9.75 -0.666666666667 0.0199293430286
9.75 -0.533333333333 0.0190780847057
9.75 -0.4 0.0188637481518
9.75 -0.266666666667 0.0182002172767
9.75 -0.133333333333 0.0170471556304
9.75 0.0 0.0158520357364
9.75 0.133333333333 0.0143285147592
9.75 0.266666666667 0.0139538092573
9.75 0.4 0.0132550821872
9.75 0.533333333333 0.0120866248563
9.75 0.666666666667 0.0112033898163
9.75 0.8 0.0102699323654
9.75 1.0 0.00925389031835
12.9166666667 -1.0 0.023554808534
12.9166666667 -0.8 0.0201021968174
12.9166666667 -0.666666666667 0.0204734951335
12.9166666667 -0.533333333333 0.0185286865275
12.9166666667 -0.4 0.0162196938685
12.9166666667 -0.266666666667 0.0178876098771
12.9166666667 -0.133333333333 0.0175723245037
12.9166666667 0.0 0.0156854513748
12.9166666667 0.133333333333 0.0146820083128
12.9166666667 0.266666666667 0.0129939628438
12.9166666667 0.4 0.0127675193711
12.9166666667 0.533333333333 0.0109261165512
12.9166666667 0.666666666667 0.010368717079
12.9166666667 0.8 0.00809837039999
12.9166666667 1.0 0.00756937859614
16.0833333333 -1.0 0.0225754838473
16.0833333333 -0.8 0.0203550742087
16.0833333333 -0.666666666667 0.0179691420615
16.0833333333 -0.533333333333 0.0179166462266
16.0833333333 -0.4 0.0174021756288
16.0833333333 -0.266666666667 0.0161767489176
16.0833333333 -0.133333333333 0.0158649089673
16.0833333333 0.0 0.0152169286125
16.0833333333 0.133333333333 0.0142521687731
16.0833333333 0.266666666667 0.0135069071535
16.0833333333 0.4 0.012152953706
16.0833333333 0.533333333333 0.00988046391635
16.0833333333 0.666666666667 0.0088604922804
16.0833333333 0.8 0.00678216976237
16.0833333333 1.0 0.00526819066252
19.25 -1.0 0.0204838825929
19.25 -0.8 0.0185720121476
19.25 -0.666666666667 0.0181475591721
19.25 -0.533333333333 0.0169869263246
19.25 -0.4 0.0155950889282
19.25 -0.266666666667 0.0160225861169
19.25 -0.133333333333 0.0142453971456
19.25 0.0 0.0140307403618
19.25 0.133333333333 0.013392527653
19.25 0.266666666667 0.0125026730857
19.25 0.4 0.0110268373822
19.25 0.533333333333 0.00840214801641
19.25 0.666666666667 0.0076646015889
19.25 0.8 0.00607899672916
19.25 1.0 0.00396276156296
22.4166666667 -1.0 0.0171842945744
22.4166666667 -0.8 0.0164384056172
22.4166666667 -0.666666666667 0.0155847444605
22.4166666667 -0.533333333333 0.0156657823951
22.4166666667 -0.4 0.0157934884195
22.4166666667 -0.266666666667 0.013897686202
22.4166666667 -0.133333333333 0.0136919621657
22.4166666667 0.0 0.013653656302
22.4166666667 0.133333333333 0.0113166905192
22.4166666667 0.266666666667 0.00996940963547
22.4166666667 0.4 0.00914721207639
22.4166666667 0.533333333333 0.00765227824894
22.4166666667 0.666666666667 0.00643950804442
22.4166666667 0.8 0.00475014296702
22.4166666667 1.0 0.00358993440925
25.5833333333 -1.0 0.0151790735304
25.5833333333 -0.8 0.0150198762114
25.5833333333 -0.666666666667 0.014001520104
25.5833333333 -0.533333333333 0.0124375446103
25.5833333333 -0.4 0.0129328487613
25.5833333333 -0.266666666667 0.0129944679492
25.5833333333 -0.133333333333 0.0129289495894
25.5833333333 0.0 0.0110108894818
25.5833333333 0.133333333333 0.0109996941585
25.5833333333 0.266666666667 0.00901213375944
25.5833333333 0.4 0.00740151392531
25.5833333333 0.533333333333 0.00647843435297
25.5833333333 0.666666666667 0.00442572005071
25.5833333333 0.8 0.00425623832607
25.5833333333 1.0 0.00315237999892
28.75 -1.0 0.0130963055811
28.75 -0.8 0.0127747094841
28.75 -0.666666666667 0.0120793634373
28.75 -0.533333333333 0.0128933562833
28.75 -0.4 0.0119925923505
28.75 -0.266666666667 0.012187565217
28.75 -0.133333333333 0.0111466434863
28.75 0.0 0.00974019024229
28.75 0.133333333333 0.00901435294134
28.75 0.266666666667 0.00809457952868
28.75 0.4 0.0064844604802
28.75 0.533333333333 0.00524597136302
28.75 0.666666666667 0.00440810103979
28.75 0.8 0.00304251346558
28.75 1.0 0.00176932654057
31.9166666667 -1.0 0.0111564910856
31.9166666667 -0.8 0.011345510629
31.9166666667 -0.666666666667 0.0110803508226
31.9166666667 -0.533333333333 0.0103395880234
31.9166666667 -0.4 0.0102930223251
31.9166666667 -0.266666666667 0.00935784589326
31.9166666667 -0.133333333333 0.00847967670623
31.9166666667 0.0 0.00841670921634
31.9166666667 0.133333333333 0.00785607060618
31.9166666667 0.266666666667 0.00688965398788
31.9166666667 0.4 0.00539779838307
31.9166666667 0.533333333333 0.00467520603505
31.9166666667 0.666666666667 0.00442421396563
31.9166666667 0.8 0.00253500734948
31.9166666667 1.0 0.0017448557731
35.0833333333 -1.0 0.00944295575261
35.0833333333 -0.8 0.00955655750122
35.0833333333 -0.666666666667 0.0100093883587
35.0833333333 -0.533333333333 0.00887054619756
35.0833333333 -0.4 0.00894858023291
35.0833333333 -0.266666666667 0.00829385449496
35.0833333333 -0.133333333333 0.00759353177875
35.0833333333 0.0 0.0073466484883
35.0833333333 0.133333333333 0.00645187234242
35.0833333333 0.266666666667 0.00615538697948
35.0833333333 0.4 0.0045046679787
35.0833333333 0.533333333333 0.0038814095166
35.0833333333 0.666666666667 0.00291249097416
35.0833333333 0.8 0.00219076207879
35.0833333333 1.0 0.00106994125571
38.25 -1.0 0.00725111678112
38.25 -0.8 0.00844850793398
38.25 -0.666666666667 0.00754051519437
38.25 -0.533333333333 0.00912240704599
38.25 -0.4 0.00794042442096
38.25 -0.266666666667 0.00694366808632
38.25 -0.133333333333 0.00686801070464
38.25 0.0 0.00588647602342
38.25 0.133333333333 0.00616638355735
38.25 0.266666666667 0.00509754705365
38.25 0.4 0.00403517988378
38.25 0.533333333333 0.0032566714956
38.25 0.666666666667 0.00284012848111
38.25 0.8 0.0014893351376
38.25 1.0 0.00116561676647
41.4166666667 -1.0 0.00730617198987
41.4166666667 -0.8 0.00764361494873
41.4166666667 -0.666666666667 0.00722423248379
41.4166666667 -0.533333333333 0.00674295359202
41.4166666667 -0.4 0.00701062599217
41.4166666667 -0.266666666667 0.00731521921228
41.4166666667 -0.133333333333 0.00600129078696
41.4166666667 0.0 0.00565389186971
41.4166666667 0.133333333333 0.00554354338337
41.4166666667 0.266666666667 0.00427920301037
41.4166666667 0.4 0.00368213665012
41.4166666667 0.533333333333 0.00267669302614
41.4166666667 0.666666666667 0.00242149468995
41.4166666667 0.8 0.0011175586198
41.4166666667 1.0 0.000770489634323
44.5833333333 -1.0 0.00535936371232
44.5833333333 -0.8 0.00595655865184
44.5833333333 -0.666666666667 0.00605613177918
44.5833333333 -0.533333333333 0.00637383448947
44.5833333333 -0.4 0.00614429592459
44.5833333333 -0.266666666667 0.00570545169897
44.5833333333 -0.133333333333 0.00559712030997
44.5833333333 0.0 0.00526305586955
44.5833333333 0.133333333333 0.00402712852135
44.5833333333 0.266666666667 0.00349156375887
44.5833333333 0.4 0.00352030699214
44.5833333333 0.533333333333 0.00209170857661
44.5833333333 0.666666666667 0.00144382390103
44.5833333333 0.8 0.00114205007065
44.5833333333 1.0 0.000537931345197
47.75 -1.0 0.00491161128582
47.75 -0.8 0.00498251049777
47.75 -0.666666666667 0.00547079454863
47.75 -0.533333333333 0.00568175365041
47.75 -0.4 0.00612644388369
47.75 -0.266666666667 0.00464994281823
47.75 -0.133333333333 0.00474525057503
47.75 0.0 0.00395074190452
47.75 0.133333333333 0.0038691472759
47.75 0.266666666667 0.00335231114624
47.75 0.4 0.00258573238932
47.75 0.533333333333 0.0019109071738
47.75 0.666666666667 0.001257825125
47.75 0.8 0.000770418436735
47.75 1.0 0.000348715199495
50.9166666667 -1.0 0.00430028083346
50.9166666667 -0.8 0.00439907167397
50.9166666667 -0.666666666667 0.00468288398808
50.9166666667 -0.533333333333 0.00520914905667
50.9166666667 -0.4 0.00489610304954
50.9166666667 -0.266666666667 0.0045481361593
50.9166666667 -0.133333333333 0.00366151324198
50.9166666667 0.0 0.00370608774193
50.9166666667 0.133333333333 0.00305368464548
50.9166666667 0.266666666667 0.00230500797438
50.9166666667 0.4 0.00237663721899
50.9166666667 0.533333333333 0.00164834450369
50.9166666667 0.666666666667 0.0011431798222
50.9166666667 0.8 0.000747359041685
50.9166666667 1.0 0.000325936528451
54.0833333333 -1.0 0.00351447204874
54.0833333333 -0.8 0.00410350206845
54.0833333333 -0.666666666667 0.00387459250564
54.0833333333 -0.533333333333 0.00437858765356
54.0833333333 -0.4 0.00351701767544
54.0833333333 -0.266666666667 0.00405407891547
54.0833333333 -0.133333333333 0.0032784386107
54.0833333333 0.0 0.00349628983795
54.0833333333 0.133333333333 0.00248869527374
54.0833333333 0.266666666667 0.0023777464567
54.0833333333 0.4 0.0021226888383
54.0833333333 0.533333333333 0.0012544639407
54.0833333333 0.666666666667 0.00104909706325
54.0833333333 0.8 0.000441688244543
54.0833333333 1.0 0.000299733093311
57.25 -1.0 0.00276910502384
57.25 -0.8 0.00342474894596
57.25 -0.666666666667 0.00353631561153
57.25 -0.533333333333 0.00359353715618
57.25 -0.4 0.00353155048606
57.25 -0.266666666667 0.00354327828934
57.25 -0.133333333333 0.00281462854872
57.25 0.0 0.00279234895831
57.25 0.133333333333 0.0024194998096
57.25 0.266666666667 0.00200290412273
57.25 0.4 0.00167823312302
57.25 0.533333333333 0.00114384117736
57.25 0.666666666667 0.000695930614075
57.25 0.8 0.000630183221341
57.25 1.0 0.000211208216255
60.4166666667 -1.0 0.00261124862829
60.4166666667 -0.8 0.00328659150401
60.4166666667 -0.666666666667 0.00286153861103
60.4166666667 -0.533333333333 0.00328956034313
60.4166666667 -0.4 0.00309800970391
60.4166666667 -0.266666666667 0.002841551767
60.4166666667 -0.133333333333 0.00236748847929
60.4166666667 0.0 0.00228721775513
60.4166666667 0.133333333333 0.00181215201964
60.4166666667 0.266666666667 0.00162941579749
60.4166666667 0.4 0.00127422216298
60.4166666667 0.533333333333 0.00111829541213
60.4166666667 0.666666666667 0.000468410296028
60.4166666667 0.8 0.000327327907582
60.4166666667 1.0 9.36446144493e-05
63.5833333333 -1.0 0.00214311163644
63.5833333333 -0.8 0.00269748273036
63.5833333333 -0.666666666667 0.0025603504469
63.5833333333 -0.533333333333 0.0027046991546
63.5833333333 -0.4 0.00301953467065
63.5833333333 -0.266666666667 0.0023999615534
63.5833333333 -0.133333333333 0.00207299293722
63.5833333333 0.0 0.00235357593386
63.5833333333 0.133333333333 0.00190988082199
63.5833333333 0.266666666667 0.00097958038796
63.5833333333 0.4 0.00111899509572
63.5833333333 0.533333333333 0.000767565977576
63.5833333333 0.666666666667 0.000351145597736
63.5833333333 0.8 0.000280407622171
63.5833333333 1.0 0.000115123210399
66.75 -1.0 0.00177288947322
66.75 -0.8 0.00197739173097
66.75 -0.666666666667 0.00216943981248
66.75 -0.533333333333 0.0026510179377
66.75 -0.4 0.00227833957913
66.75 -0.266666666667 0.00193873200036
66.75 -0.133333333333 0.00207011193708
66.75 0.0 0.00178912673729
66.75 0.133333333333 0.00132730994427
66.75 0.266666666667 0.00137310887263
66.75 0.4 0.00104671295302
66.75 0.533333333333 0.000349872818831
66.75 0.666666666667 0.000280771312541
66.75 0.8 0.000303074112323
66.75 1.0 1e-05
69.9166666667 -1.0 0.00120907437481
69.9166666667 -0.8 0.00147069042565
69.9166666667 -0.666666666667 0.00210035833226
69.9166666667 -0.533333333333 0.00200474559345
69.9166666667 -0.4 0.00205280769065
69.9166666667 -0.266666666667 0.00193803034425
69.9166666667 -0.133333333333 0.00184049096214
69.9166666667 0.0 0.00165451223885
69.9166666667 0.133333333333 0.00142155785209
69.9166666667 0.266666666667 0.00121129787012
69.9166666667 0.4 0.00060401446307
69.9166666667 0.533333333333 0.000653207233239
69.9166666667 0.666666666667 0.000325350753081
69.9166666667 0.8 9.25179542425e-05
69.9166666667 1.0 4.68090785827e-05
73.0833333333 -1.0 0.00114034452195
73.0833333333 -0.8 0.00149017594131
73.0833333333 -0.666666666667 0.00188541995265
73.0833333333 -0.533333333333 0.00163251887377
73.0833333333 -0.4 0.00181460181458
73.0833333333 -0.266666666667 0.00158288685426
73.0833333333 -0.133333333333 0.00153765717863
73.0833333333 0.0 0.0013275971732
73.0833333333 0.133333333333 0.0010922716237
73.0833333333 0.266666666667 0.000977655070911
73.0833333333 0.4 0.000862097126136
73.0833333333 0.533333333333 0.000464353110738
73.0833333333 0.666666666667 0.000209138484426
73.0833333333 0.8 9.24638628226e-05
73.0833333333 1.0 1e-05
76.25 -1.0 0.00156510947896
76.25 -0.8 0.00134810544295
76.25 -0.666666666667 0.00151898080796
76.25 -0.533333333333 0.00142039132615
76.25 -0.4 0.00191327354528
76.25 -0.266666666667 0.00186693868345
76.25 -0.133333333333 0.00125395596831
76.25 0.0 0.00111609927895
76.25 0.133333333333 0.00121451215461
76.25 0.266666666667 0.000700672827653
76.25 0.4 0.000722256638724
76.25 0.533333333333 0.000255856212039
76.25 0.666666666667 0.000232655034978
76.25 0.8 9.32111076028e-05
76.25 1.0 7.014572293e-05
79.4166666667 -1.0 0.000927480047126
79.4166666667 -0.8 0.0011175166439
79.4166666667 -0.666666666667 0.00155660470174
79.4166666667 -0.533333333333 0.00134934507756
79.4166666667 -0.4 0.00128350511651
79.4166666667 -0.266666666667 0.00123583330848
79.4166666667 -0.133333333333 0.0013953954985
79.4166666667 0.0 0.00105107725974
79.4166666667 0.133333333333 0.000836158320236
79.4166666667 0.266666666667 0.000698867129366
79.4166666667 0.4 0.000513000131054
79.4166666667 0.533333333333 0.000209349649831
79.4166666667 0.666666666667 0.000186710761024
79.4166666667 0.8 6.89660238703e-05
79.4166666667 1.0 2.31993442319e-05
82.5833333333 -1.0 0.00081474245334
82.5833333333 -0.8 0.00106843858263
82.5833333333 -0.666666666667 0.0012547750841
82.5833333333 -0.533333333333 0.00153066199359
82.5833333333 -0.4 0.00118900728589
82.5833333333 -0.266666666667 0.00108908731738
82.5833333333 -0.133333333333 0.00114259603109
82.5833333333 0.0 0.000933200517954
82.5833333333 0.133333333333 0.000584210165911
82.5833333333 0.266666666667 0.000489968360464
82.5833333333 0.4 0.000256996697143
82.5833333333 0.533333333333 0.000277422502287
82.5833333333 0.666666666667 0.000163012613661
82.5833333333 0.8 0.00011570166302
82.5833333333 1.0 2.32951810036e-05
85.75 -1.0 0.000745118108835
85.75 -0.8 0.000768528159949
85.75 -0.666666666667 0.000696909217433
85.75 -0.533333333333 0.00113532480855
85.75 -0.4 0.00107041292438
85.75 -0.266666666667 0.00109273085171
85.75 -0.133333333333 0.000841867307872
85.75 0.0 0.000628796079543
85.75 0.133333333333 0.000673671298172
85.75 0.266666666667 0.000538215518644
85.75 0.4 0.000348403979908
85.75 0.533333333333 0.000116720461191
85.75 0.666666666667 0.000116073597174
85.75 0.8 9.35140854409e-05
85.75 1.0 1e-05
88.9166666667 -1.0 0.000351231220661
88.9166666667 -0.8 0.00067382418736
88.9166666667 -0.666666666667 0.000886826439334
88.9166666667 -0.533333333333 0.000886641883375
88.9166666667 -0.4 0.00088363476594
88.9166666667 -0.266666666667 0.00102134244397
88.9166666667 -0.133333333333 0.000605519965169
88.9166666667 0.0 0.000700285675073
88.9166666667 0.133333333333 0.000510933166418
88.9166666667 0.266666666667 0.000626904953274
88.9166666667 0.4 0.000232285213851
88.9166666667 0.533333333333 6.87781749291e-05
88.9166666667 0.666666666667 7.03612325893e-05
88.9166666667 0.8 4.55788306973e-05
88.9166666667 1.0 1e-05
92.0833333333 -1.0 0.000444513888683
92.0833333333 -0.8 0.000629498096065
92.0833333333 -0.666666666667 0.000533410381093
92.0833333333 -0.533333333333 0.000886313796674
92.0833333333 -0.4 0.000748026703339
92.0833333333 -0.266666666667 0.000863908432261
92.0833333333 -0.133333333333 0.000650945528929
92.0833333333 0.0 0.000651805910194
92.0833333333 0.133333333333 0.000326104917336
92.0833333333 0.266666666667 0.0004646246718
92.0833333333 0.4 0.000137537389101
92.0833333333 0.533333333333 0.000162961969855
92.0833333333 0.666666666667 9.33520986805e-05
92.0833333333 0.8 9.38125801614e-05
92.0833333333 1.0 2.23794864654e-05
95.25 -1.0 0.000374099298442
95.25 -0.8 0.000462774259543
95.25 -0.666666666667 0.000559805781276
95.25 -0.533333333333 0.000886570058997
95.25 -0.4 0.000699646983728
95.25 -0.266666666667 0.000512880273684
95.25 -0.133333333333 0.000442722231774
95.25 0.0 0.000418070876241
95.25 0.133333333333 0.00039362444169
95.25 0.266666666667 0.00039886832674
95.25 0.4 0.000186253635352
95.25 0.533333333333 0.000256958904989
95.25 0.666666666667 9.39626592203e-05
95.25 0.8 1e-05
95.25 1.0 1e-05
100.0 -1.0 0.000255113180742
100.0 -0.8 0.00064869200728
100.0 -0.666666666667 0.00072255729178
100.0 -0.533333333333 0.000394216562309
100.0 -0.4 0.000560634024921
100.0 -0.266666666667 0.000535013921546
100.0 -0.133333333333 0.000394719651505
100.0 0.0 0.000420547626151
100.0 0.133333333333 0.000349763033972
100.0 0.266666666667 0.000233055682416
100.0 0.4 0.000234579805779
100.0 0.533333333333 9.24100804985e-05
100.0 0.666666666667 4.6705490904e-05
100.0 0.8 1e-05
100.0 1.0 1e-05
