5.0 -1.0 0.0163532967947
5.0 -0.8 0.0133277863856
5.0 -0.666666666667 0.0145356865488
5.0 -0.533333333333 0.0137885216302
5.0 -0.4 0.0155808881084
5.0 -0.266666666667 0.0148876060108
5.0 -0.133333333333 0.0157725813854
5.0 0.0 0.0145850656629
5.0 0.133333333333 0.0153549924734
5.0 0.266666666667 0.0157898003081
5.0 0.4 0.0156193340902
5.0 0.533333333333 0.0164392179038
5.0 0.666666666667 0.0171772064173
5.0 0.8 0.0161128156021
5.0 1.0 0.0210822345899
9.75 -1.0 0.0137330681631
9.75 -0.8 0.0140151132772
9.75 -0.666666666667 0.0124059862778
9.75 -0.533333333333 0.0140760948314
9.75 -0.4 0.0151531810501
9.75 -0.266666666667 0.0165245339577
9.75 -0.133333333333 0.0159795615451
9.75 0.0 0.0164885809118
9.75 0.133333333333 0.0164049906979
9.75 0.266666666667 0.0163037422852
9.75 0.4 0.0172631298726
9.75 0.533333333333 0.0166696148064
9.75 0.666666666667 0.0178484551075
9.75 0.8 0.0163702180489
9.75 1.0 0.0197519916212
12.9166666667 -1.0 0.0121196243217
12.9166666667 -0.8 0.0112888088268
12.9166666667 -0.666666666667 0.0129492332955
12.9166666667 -0.533333333333 0.0139803911413
12.9166666667 -0.4 0.0148053720726
12.9166666667 -0.266666666667 0.0147753560751
12.9166666667 -0.133333333333 0.0144220061409
12.9166666667 0.0 0.0161968862947
12.9166666667 0.133333333333 0.0164367386705
12.9166666667 0.266666666667 0.016905386458
12.9166666667 0.4 0.0171839139867
12.9166666667 0.533333333333 0.016946984213
12.9166666667 0.666666666667 0.015861316857
12.9166666667 0.8 0.016846099194
12.9166666667 1.0 0.0167122222424
16.0833333333 -1.0 0.0100430150336
16.0833333333 -0.8 0.0115095009501
16.0833333333 -0.666666666667 0.0125372072641
16.0833333333 -0.533333333333 0.0129548224807
16.0833333333 -0.4 0.0138033181154
16.0833333333 -0.266666666667 0.0144677099716
16.0833333333 -0.133333333333 0.0161928784738
16.0833333333 0.0 0.0152024717215
16.0833333333 0.133333333333 0.0156266508782
16.0833333333 0.266666666667 0.0149629126681
16.0833333333 0.4 0.0156081311065
16.0833333333 0.533333333333 0.0157583542008
16.0833333333 0.666666666667 0.0151021209174
16.0833333333 0.8 0.0149454303892
16.0833333333 1.0 0.0154659305535
19.25 -1.0 0.00924825282822
19.25 -0.8 0.00971259297096
19.25 -0.666666666667 0.0107325390436
19.25 -0.533333333333 0.0107602395603
19.25 -0.4 0.0142874273712
19.25 -0.266666666667 0.0129698793539
19.25 -0.133333333333 0.0136187311135
19.25 0.0 0.0156020776834
19.25 0.133333333333 0.0151617662668
19.25 0.266666666667 0.0141469512325
19.25 0.4 0.0157344552054
19.25 0.533333333333 0.0133005934845
19.25 0.666666666667 0.0141433519613
19.25 0.8 0.0139040996636
19.25 1.0 0.0137917810689
22.4166666667 -1.0 0.00658685909993
22.4166666667 -0.8 0.00826272815018
22.4166666667 -0.666666666667 0.00933814028962
22.4166666667 -0.533333333333 0.010489864655
22.4166666667 -0.4 0.0115579010112
22.4166666667 -0.266666666667 0.0127402259135
22.4166666667 -0.133333333333 0.0126790110299
22.4166666667 0.0 0.0132547793924
22.4166666667 0.133333333333 0.0136836832442
22.4166666667 0.266666666667 0.0126422967377
22.4166666667 0.4 0.0141372415421
22.4166666667 0.533333333333 0.0134387505564
22.4166666667 0.666666666667 0.0131980279527
22.4166666667 0.8 0.0119367462802
22.4166666667 1.0 0.010828940182
25.5833333333 -1.0 0.00581831888448
25.5833333333 -0.8 0.00695887915196
25.5833333333 -0.666666666667 0.00843417708996
25.5833333333 -0.533333333333 0.00917092876565
25.5833333333 -0.4 0.0102279204953
25.5833333333 -0.266666666667 0.0115087650395
25.5833333333 -0.133333333333 0.0114561759615
25.5833333333 0.0 0.0124637206356
25.5833333333 0.133333333333 0.010698397233
25.5833333333 0.266666666667 0.0110872029959
25.5833333333 0.4 0.0120850898577
25.5833333333 0.533333333333 0.011944499477
25.5833333333 0.666666666667 0.0110185737724
25.5833333333 0.8 0.010464432112
25.5833333333 1.0 0.00889420333762
28.75 -1.0 0.00423891160196
28.75 -0.8 0.00567650891458
28.75 -0.666666666667 0.00680053581394
28.75 -0.533333333333 0.00887236863674
28.75 -0.4 0.00868362859703
28.75 -0.266666666667 0.00957834730151
28.75 -0.133333333333 0.0103857443747
28.75 0.0 0.0101589648058
28.75 0.133333333333 0.0105899907834
28.75 0.266666666667 0.0102455952065
28.75 0.4 0.0109103020625
28.75 0.533333333333 0.0093640817595
28.75 0.666666666667 0.0107934856354
28.75 0.8 0.00919465635506
28.75 1.0 0.00847690959241
31.9166666667 -1.0 0.0027899520347
31.9166666667 -0.8 0.00467725911282
31.9166666667 -0.666666666667 0.00642720572151
31.9166666667 -0.533333333333 0.00726584971563
31.9166666667 -0.4 0.00726694786606
31.9166666667 -0.266666666667 0.00805678851291
31.9166666667 -0.133333333333 0.00915415893929
31.9166666667 0.0 0.00942821838762
31.9166666667 0.133333333333 0.00839062223598
31.9166666667 0.266666666667 0.00943218257174
31.9166666667 0.4 0.00918785457803
31.9166666667 0.533333333333 0.00940962223826
31.9166666667 0.666666666667 0.00909695750313
31.9166666667 0.8 0.00714342639074
31.9166666667 1.0 0.00626495499356
35.0833333333 -1.0 0.00216797253493
35.0833333333 -0.8 0.0034736638802
35.0833333333 -0.666666666667 0.00485202552212
35.0833333333 -0.533333333333 0.00589308408837
35.0833333333 -0.4 0.00686114217265
35.0833333333 -0.266666666667 0.00679472313113
35.0833333333 -0.133333333333 0.00803777553085
35.0833333333 0.0 0.00855737828215
35.0833333333 0.133333333333 0.00767162633354
35.0833333333 0.266666666667 0.0082450135827
35.0833333333 0.4 0.00808586257845
35.0833333333 0.533333333333 0.00826233874581
35.0833333333 0.666666666667 0.00703443736403
35.0833333333 0.8 0.00668307817276
35.0833333333 1.0 0.0046084720112
38.25 -1.0 0.00211616172301
38.25 -0.8 0.0030778640698
38.25 -0.666666666667 0.00372936040809
38.25 -0.533333333333 0.00465096321934
38.25 -0.4 0.00600455062286
38.25 -0.266666666667 0.00706985533343
38.25 -0.133333333333 0.00759300188393
38.25 0.0 0.00700187515394
38.25 0.133333333333 0.00683568362795
38.25 0.266666666667 0.006729526762
38.25 0.4 0.00710752758267
38.25 0.533333333333 0.0063326742726
38.25 0.666666666667 0.0062166278925
38.25 0.8 0.00516548910793
38.25 1.0 0.00442082690629
41.4166666667 -1.0 0.00153682092215
41.4166666667 -0.8 0.00283776499886
41.4166666667 -0.666666666667 0.00353792783393
41.4166666667 -0.533333333333 0.00414469676255
41.4166666667 -0.4 0.00558686843324
41.4166666667 -0.266666666667 0.00528668262856
41.4166666667 -0.133333333333 0.00614268113871
41.4166666667 0.0 0.00609448243885
41.4166666667 0.133333333333 0.00610592537631
41.4166666667 0.266666666667 0.00676845979295
41.4166666667 0.4 0.00666322945057
41.4166666667 0.533333333333 0.0064693590113
41.4166666667 0.666666666667 0.00531952319403
41.4166666667 0.8 0.0053520051278
41.4166666667 1.0 0.00354269277979
44.5833333333 -1.0 0.00135230367141
44.5833333333 -0.8 0.0020911877637
44.5833333333 -0.666666666667 0.00314706909614
44.5833333333 -0.533333333333 0.0036984706137
44.5833333333 -0.4 0.00403383926773
44.5833333333 -0.266666666667 0.00460268995897
44.5833333333 -0.133333333333 0.00470994457418
44.5833333333 0.0 0.0061507798544
44.5833333333 0.133333333333 0.00587829278466
44.5833333333 0.266666666667 0.00577560671808
44.5833333333 0.4 0.00496929245354
44.5833333333 0.533333333333 0.00518859262881
44.5833333333 0.666666666667 0.00424382263257
44.5833333333 0.8 0.00412428297703
44.5833333333 1.0 0.00274415060681
47.75 -1.0 0.000885566104752
47.75 -0.8 0.00191007758899
47.75 -0.666666666667 0.00246634822148
47.75 -0.533333333333 0.00344049011734
47.75 -0.4 0.00366515019313
47.75 -0.266666666667 0.00421250427062
47.75 -0.133333333333 0.00469711737347
47.75 0.0 0.00468183392181
47.75 0.133333333333 0.00512350540069
47.75 0.266666666667 0.00488945779655
47.75 0.4 0.00463566777097
47.75 0.533333333333 0.00470560612357
47.75 0.666666666667 0.0041197352968
47.75 0.8 0.00297269323892
47.75 1.0 0.00220835249149
50.9166666667 -1.0 0.000863045416
50.9166666667 -0.8 0.00121183389454
50.9166666667 -0.666666666667 0.0019156270337
50.9166666667 -0.533333333333 0.00280095295873
50.9166666667 -0.4 0.00352056779618
50.9166666667 -0.266666666667 0.00358878281102
50.9166666667 -0.133333333333 0.00337758233896
50.9166666667 0.0 0.00461078507452
50.9166666667 0.133333333333 0.00473154537739
50.9166666667 0.266666666667 0.00460910112566
50.9166666667 0.4 0.00407180923568
50.9166666667 0.533333333333 0.0039018643348
50.9166666667 0.666666666667 0.00290541148911
50.9166666667 0.8 0.00254303620212
50.9166666667 1.0 0.0023514303914
54.0833333333 -1.0 0.000674517351753
54.0833333333 -0.8 0.00109587661127
54.0833333333 -0.666666666667 0.00141940348921
54.0833333333 -0.533333333333 0.00218907582954
54.0833333333 -0.4 0.0030224620866
54.0833333333 -0.266666666667 0.00300716011119
54.0833333333 -0.133333333333 0.00342017920967
54.0833333333 0.0 0.00398112449623
54.0833333333 0.133333333333 0.00349567440979
54.0833333333 0.266666666667 0.0038186744669
54.0833333333 0.4 0.00363767963872
54.0833333333 0.533333333333 0.00347418598919
54.0833333333 0.666666666667 0.00273019245621
54.0833333333 0.8 0.00256170837621
54.0833333333 1.0 0.00172317770402
57.25 -1.0 0.000677508674281
57.25 -0.8 0.000909118740318
57.25 -0.666666666667 0.00134913425132
57.25 -0.533333333333 0.00238002227448
57.25 -0.4 0.00234849593982
57.25 -0.266666666667 0.00272157502775
57.25 -0.133333333333 0.00265159547629
57.25 0.0 0.00339569877717
57.25 0.133333333333 0.00300619808267
57.25 0.266666666667 0.00302698475475
57.25 0.4 0.00318958274197
57.25 0.533333333333 0.00293718792655
57.25 0.666666666667 0.00246866713734
57.25 0.8 0.00230149209176
57.25 1.0 0.00142405140783
60.4166666667 -1.0 0.00046618307793
60.4166666667 -0.8 0.000928335412681
60.4166666667 -0.666666666667 0.00119041002081
60.4166666667 -0.533333333333 0.00158366666558
60.4166666667 -0.4 0.00198040535834
60.4166666667 -0.266666666667 0.00253403871686
60.4166666667 -0.133333333333 0.00241882888656
60.4166666667 0.0 0.00232527505434
60.4166666667 0.133333333333 0.00311809553794
60.4166666667 0.266666666667 0.00228227414745
60.4166666667 0.4 0.00296259111104
60.4166666667 0.533333333333 0.00265856473045
60.4166666667 0.666666666667 0.00174752807909
60.4166666667 0.8 0.00170191550422
60.4166666667 1.0 0.00146856269879
63.5833333333 -1.0 0.000325783868559
63.5833333333 -0.8 0.000721268802168
63.5833333333 -0.666666666667 0.00123648110815
63.5833333333 -0.533333333333 0.00153591829941
63.5833333333 -0.4 0.00137213524346
63.5833333333 -0.266666666667 0.0019824045614
63.5833333333 -0.133333333333 0.00204574548161
63.5833333333 0.0 0.00260942154745
63.5833333333 0.133333333333 0.00228177224718
63.5833333333 0.266666666667 0.00276771210426
63.5833333333 0.4 0.00225740553756
63.5833333333 0.533333333333 0.00256325299885
63.5833333333 0.666666666667 0.00158344564959
63.5833333333 0.8 0.00126073683813
63.5833333333 1.0 0.000930923489206
66.75 -1.0 0.000394573042274
66.75 -0.8 0.000628399906269
66.75 -0.666666666667 0.00072026969291
66.75 -0.533333333333 0.00100404704228
66.75 -0.4 0.00123343694699
66.75 -0.266666666667 0.00186461871381
66.75 -0.133333333333 0.00169701044831
66.75 0.0 0.00233120473478
66.75 0.133333333333 0.00202709927042
66.75 0.266666666667 0.00197951260944
66.75 0.4 0.00202768306749
66.75 0.533333333333 0.00167293629495
66.75 0.666666666667 0.00181696498589
66.75 0.8 0.00120882372639
66.75 1.0 0.000721318739662
69.9166666667 -1.0 0.00030219682258
69.9166666667 -0.8 0.000372254143531
69.9166666667 -0.666666666667 0.000652424770291
69.9166666667 -0.533333333333 0.00104682808479
69.9166666667 -0.4 0.00119062509789
69.9166666667 -0.266666666667 0.00118810620509
69.9166666667 -0.133333333333 0.00174566755507
69.9166666667 0.0 0.00195973590964
69.9166666667 0.133333333333 0.00189054465066
69.9166666667 0.266666666667 0.00170413213576
69.9166666667 0.4 0.00205279736313
69.9166666667 0.533333333333 0.00147019977495
69.9166666667 0.666666666667 0.00151019872168
69.9166666667 0.8 0.000886566578902
69.9166666667 1.0 0.000653187352499
73.0833333333 -1.0 0.000139411067967
73.0833333333 -0.8 0.000485594672394
73.0833333333 -0.666666666667 0.000584082929761
73.0833333333 -0.533333333333 0.00102558631689
73.0833333333 -0.4 0.00116576292776
73.0833333333 -0.266666666667 0.00146598595744
73.0833333333 -0.133333333333 0.00151544546162
73.0833333333 0.0 0.00114140131676
73.0833333333 0.133333333333 0.00148171186925
73.0833333333 0.266666666667 0.00153745891746
73.0833333333 0.4 0.00179362358948
73.0833333333 0.533333333333 0.00130433803492
73.0833333333 0.666666666667 0.00127946200717
73.0833333333 0.8 0.000678240400563
73.0833333333 1.0 0.000511076119654
76.25 -1.0 0.000162686849788
76.25 -0.8 0.000351688398375
76.25 -0.666666666667 0.000465732671998
76.25 -0.533333333333 0.000836912633325
76.25 -0.4 0.000982343680929
76.25 -0.266666666667 0.00132816937748
76.25 -0.133333333333 0.00116297305736
76.25 0.0 0.00174610051306
76.25 0.133333333333 0.00181875362009
76.25 0.266666666667 0.00137562559239
76.25 0.4 0.0014232147357
76.25 0.533333333333 0.001328216661
76.25 0.666666666667 0.00102402904094
76.25 0.8 0.000981969001398
76.25 1.0 0.000303748396731
79.4166666667 -1.0 0.00013695903327
79.4166666667 -0.8 0.000187446134952
79.4166666667 -0.666666666667 0.000373464838879
79.4166666667 -0.533333333333 0.000510982404751
79.4166666667 -0.4 0.000885613360572
79.4166666667 -0.266666666667 0.00116713523553
79.4166666667 -0.133333333333 0.00104561579297
79.4166666667 0.0 0.0011873536176
79.4166666667 0.133333333333 0.00111828663438
79.4166666667 0.266666666667 0.00160577017922
79.4166666667 0.4 0.00137320606303
79.4166666667 0.533333333333 0.0011156254972
79.4166666667 0.666666666667 0.000767097896055
79.4166666667 0.8 0.000559710968483
79.4166666667 1.0 0.000418741356285
82.5833333333 -1.0 0.000164134503756
82.5833333333 -0.8 0.000257090652684
82.5833333333 -0.666666666667 0.000300800719523
82.5833333333 -0.533333333333 0.000324920937196
82.5833333333 -0.4 0.000856163509958
82.5833333333 -0.266666666667 0.000722550586585
82.5833333333 -0.133333333333 0.00123579841194
82.5833333333 0.0 0.000932147164662
82.5833333333 0.133333333333 0.000910393927591
82.5833333333 0.266666666667 0.00142051416744
82.5833333333 0.4 0.00118434478695
82.5833333333 0.533333333333 0.00118813324127
82.5833333333 0.666666666667 0.000673602467826
82.5833333333 0.8 0.000463507755774
82.5833333333 1.0 0.000299013616307
85.75 -1.0 2.35172381356e-05
85.75 -0.8 0.000164061581674
85.75 -0.666666666667 0.000346319630716
85.75 -0.533333333333 0.000441502800547
85.75 -0.4 0.000627848031915
85.75 -0.266666666667 0.000908725682381
85.75 -0.133333333333 0.000722532160254
85.75 0.0 0.00102502764496
85.75 0.133333333333 0.000931735621106
85.75 0.266666666667 0.000672241282252
85.75 0.4 0.000976466869085
85.75 0.533333333333 0.000860510441563
85.75 0.666666666667 0.000488607093294
85.75 0.8 0.00034989673062
85.75 1.0 0.0003272935903
88.9166666667 -1.0 6.90960688328e-05
88.9166666667 -0.8 0.000209866603202
88.9166666667 -0.666666666667 0.000231817999739
88.9166666667 -0.533333333333 0.000465543724449
88.9166666667 -0.4 0.000558087278159
88.9166666667 -0.266666666667 0.00065041195365
88.9166666667 -0.133333333333 0.000649533205174
88.9166666667 0.0 0.000744555060635
88.9166666667 0.133333333333 0.000674751193821
88.9166666667 0.266666666667 0.000978490147978
88.9166666667 0.4 0.000605899732188
88.9166666667 0.533333333333 0.000607548339852
88.9166666667 0.666666666667 0.000254211582546
88.9166666667 0.8 0.000630353362518
88.9166666667 1.0 0.000233981899897
92.0833333333 -1.0 2.35406127883e-05
92.0833333333 -0.8 0.000162653565509
92.0833333333 -0.666666666667 0.000326192497558
92.0833333333 -0.533333333333 0.000374048448867
92.0833333333 -0.4 0.000439688880925
92.0833333333 -0.266666666667 0.000606361835926
92.0833333333 -0.133333333333 0.000902969739139
92.0833333333 0.0 0.000558490027903
92.0833333333 0.133333333333 0.000582955550197
92.0833333333 0.266666666667 0.000631056574438
92.0833333333 0.4 0.000606753594246
92.0833333333 0.533333333333 0.000491207731311
92.0833333333 0.666666666667 0.000559464316542
92.0833333333 0.8 0.000326498849257
92.0833333333 1.0 0.00011731362603
95.25 -1.0 2.31948002412e-05
95.25 -0.8 9.29318357852e-05
95.25 -0.666666666667 0.000324133714218
95.25 -0.533333333333 9.41157018477e-05
95.25 -0.4 0.000513147841338
95.25 -0.266666666667 0.000418457278331
95.25 -0.133333333333 0.000606902626288
95.25 0.0 0.000419530957247
95.25 0.133333333333 0.000605784498935
95.25 0.266666666667 0.000560726061115
95.25 0.4 0.00051244210877
95.25 0.533333333333 0.000489686814865
95.25 0.666666666667 0.000464983158791
95.25 0.8 0.000420035816083
95.25 1.0 0.00014016451782
100.0 -1.0 4.67891953537e-05
100.0 -0.8 6.9684781486e-05
100.0 -0.666666666667 0.000186743931901
100.0 -0.533333333333 0.000185871647923
100.0 -0.4 0.000346320316799
100.0 -0.266666666667 0.000466940371677
100.0 -0.133333333333 0.000513311855036
100.0 0.0 0.000487495088741
100.0 0.133333333333 0.000536053603368
100.0 0.266666666667 0.000443064908486
100.0 0.4 0.000279598619539
100.0 0.533333333333 0.000582037697919
100.0 0.666666666667 0.000395838995686
100.0 0.8 0.00027800326517
100.0 1.0 7.02540807199e-05
