5.0 -1.0 0.0185598362938
5.0 -0.8 0.0189588163913
5.0 -0.666666666667 0.0238154102327
5.0 -0.533333333333 0.0273471896889
5.0 -0.4 0.0299080949881
5.0 -0.266666666667 0.0319195083856
5.0 -0.133333333333 0.0336710223248
5.0 0.0 0.0361195116702
5.0 0.133333333333 0.0378018910802
5.0 0.266666666667 0.0379048563603
5.0 0.4 0.0397121522557
5.0 0.533333333333 0.0401096023485
5.0 0.666666666667 0.0405342992988
5.0 0.8 0.0404888522231
5.0 1.0 0.0451862947574
9.75 -1.0 0.0107155489051
9.75 -0.8 0.0137967698426
9.75 -0.666666666667 0.0181653561246
9.75 -0.533333333333 0.0211135042843
9.75 -0.4 0.0260623809857
9.75 -0.266666666667 0.0291912228634
9.75 -0.133333333333 0.0299109627277
9.75 0.0 0.0323376445361
9.75 0.133333333333 0.0331826342562
9.75 0.266666666667 0.0349358128343
9.75 0.4 0.0351709868411
9.75 0.533333333333 0.0349005128413
9.75 0.666666666667 0.0344591886041
9.75 0.8 0.0337175357644
9.75 1.0 0.0355132367775
12.9166666667 -1.0 0.00778067699666
12.9166666667 -0.8 0.0100380218405
12.9166666667 -0.666666666667 0.0126799042332
12.9166666667 -0.533333333333 0.0169983193544
12.9166666667 -0.4 0.0191248898383
12.9166666667 -0.266666666667 0.0229277037534
12.9166666667 -0.133333333333 0.024986889982
12.9166666667 0.0 0.0279281876542
12.9166666667 0.133333333333 0.0298930846465
12.9166666667 0.266666666667 0.0314058424178
12.9166666667 0.4 0.0317320924248
12.9166666667 0.533333333333 0.0319130896722
12.9166666667 0.666666666667 0.0302358034288
12.9166666667 0.8 0.0262672704603
12.9166666667 1.0 0.0273889648891
16.0833333333 -1.0 0.00476630261924
16.0833333333 -0.8 0.00667782069731
16.0833333333 -0.666666666667 0.00943187495839
16.0833333333 -0.533333333333 0.0133088670494
16.0833333333 -0.4 0.0168787490976
16.0833333333 -0.266666666667 0.0185640257457
16.0833333333 -0.133333333333 0.0206133254701
16.0833333333 0.0 0.0224865394408
16.0833333333 0.133333333333 0.0245130294843
16.0833333333 0.266666666667 0.0251712164855
16.0833333333 0.4 0.026344527142
16.0833333333 0.533333333333 0.026103417961
16.0833333333 0.666666666667 0.0238415070501
16.0833333333 0.8 0.0224154328017
16.0833333333 1.0 0.0196529980948
19.25 -1.0 0.00242828607789
19.25 -0.8 0.00529893409507
19.25 -0.666666666667 0.0076151446048
19.25 -0.533333333333 0.00917696835669
19.25 -0.4 0.0119618242962
19.25 -0.266666666667 0.0140319418328
19.25 -0.133333333333 0.0177888324931
19.25 0.0 0.017999272708
19.25 0.133333333333 0.0185634893986
19.25 0.266666666667 0.020431268812
19.25 0.4 0.0223664820038
19.25 0.533333333333 0.0195021070465
19.25 0.666666666667 0.019195122516
19.25 0.8 0.0157100123975
19.25 1.0 0.0133098623067
22.4166666667 -1.0 0.00163478274158
22.4166666667 -0.8 0.00289469885585
22.4166666667 -0.666666666667 0.00413263149991
22.4166666667 -0.533333333333 0.00665469513341
22.4166666667 -0.4 0.00877866981041
22.4166666667 -0.266666666667 0.0116759389459
22.4166666667 -0.133333333333 0.0124221686972
22.4166666667 0.0 0.0148765479935
22.4166666667 0.133333333333 0.0141558495988
22.4166666667 0.266666666667 0.0165299046532
22.4166666667 0.4 0.0163249329967
22.4166666667 0.533333333333 0.0164586875603
22.4166666667 0.666666666667 0.0159697209334
22.4166666667 0.8 0.0132609375166
22.4166666667 1.0 0.0104827185484
25.5833333333 -1.0 0.000794240105627
25.5833333333 -0.8 0.00161160353448
25.5833333333 -0.666666666667 0.00385142060159
25.5833333333 -0.533333333333 0.00455494658673
25.5833333333 -0.4 0.00712163794365
25.5833333333 -0.266666666667 0.0078416535178
25.5833333333 -0.133333333333 0.0102260646861
25.5833333333 0.0 0.0108093190445
25.5833333333 0.133333333333 0.0119075871993
25.5833333333 0.266666666667 0.0122333249923
25.5833333333 0.4 0.0124241161408
25.5833333333 0.533333333333 0.0118351235157
25.5833333333 0.666666666667 0.0107621946986
25.5833333333 0.8 0.00861201231541
25.5833333333 1.0 0.00647050360637
28.75 -1.0 0.000326053335037
28.75 -0.8 0.00084007588335
28.75 -0.666666666667 0.00205468190284
28.75 -0.533333333333 0.0033400150831
28.75 -0.4 0.00424918789249
28.75 -0.266666666667 0.00574726619058
28.75 -0.133333333333 0.00709850065303
28.75 0.0 0.00754171683515
28.75 0.133333333333 0.00934156792116
28.75 0.266666666667 0.00982710014032
28.75 0.4 0.00922358542831
28.75 0.533333333333 0.00866354216225
28.75 0.666666666667 0.0084038746191
28.75 0.8 0.00663100873162
28.75 1.0 0.00413325469552
31.9166666667 -1.0 0.000303158159753
31.9166666667 -0.8 0.000607318379644
31.9166666667 -0.666666666667 0.00147018524302
31.9166666667 -0.533333333333 0.00226667723512
31.9166666667 -0.4 0.00354743197616
31.9166666667 -0.266666666667 0.00415902918199
31.9166666667 -0.133333333333 0.00485696907833
31.9166666667 0.0 0.00593176414442
31.9166666667 0.133333333333 0.00723630479382
31.9166666667 0.266666666667 0.0063974765635
31.9166666667 0.4 0.00733314680593
31.9166666667 0.533333333333 0.00642147509939
31.9166666667 0.666666666667 0.00607046854927
31.9166666667 0.8 0.00425160418332
31.9166666667 1.0 0.00301568345783
35.0833333333 -1.0 9.36002763316e-05
35.0833333333 -0.8 0.00044329163415
35.0833333333 -0.666666666667 0.000864312656
35.0833333333 -0.533333333333 0.00140249407134
35.0833333333 -0.4 0.00249862987433
35.0833333333 -0.266666666667 0.00277787342544
35.0833333333 -0.133333333333 0.00361973404261
35.0833333333 0.0 0.00392345171443
35.0833333333 0.133333333333 0.00546426135697
35.0833333333 0.266666666667 0.00571871048405
35.0833333333 0.4 0.00604752601255
35.0833333333 0.533333333333 0.00450625124823
35.0833333333 0.666666666667 0.00413352578437
35.0833333333 0.8 0.00368890699417
35.0833333333 1.0 0.00198659543206
38.25 -1.0 6.98399939815e-05
38.25 -0.8 0.000372724648318
38.25 -0.666666666667 0.000490575512931
38.25 -0.533333333333 0.00112016532334
38.25 -0.4 0.00172846406593
38.25 -0.266666666667 0.0021709578985
38.25 -0.133333333333 0.00231246109019
38.25 0.0 0.00312891125708
38.25 0.133333333333 0.00347958552934
38.25 0.266666666667 0.00371172979079
38.25 0.4 0.00410944115575
38.25 0.533333333333 0.00366382622958
38.25 0.666666666667 0.00312802121056
38.25 0.8 0.00228722929375
38.25 1.0 0.00116742175443
41.4166666667 -1.0 7.0023306905e-05
41.4166666667 -0.8 0.000139811678914
41.4166666667 -0.666666666667 0.00049000179964
41.4166666667 -0.533333333333 0.000794007279935
41.4166666667 -0.4 0.00098011376012
41.4166666667 -0.266666666667 0.00121498028223
41.4166666667 -0.133333333333 0.00210083474248
41.4166666667 0.0 0.0024278013101
41.4166666667 0.133333333333 0.00284805247886
41.4166666667 0.266666666667 0.00286999834287
41.4166666667 0.4 0.00282476346349
41.4166666667 0.533333333333 0.00207681477972
41.4166666667 0.666666666667 0.00240530949393
41.4166666667 0.8 0.00146923120068
41.4166666667 1.0 0.000746965822809
44.5833333333 -1.0 1e-05
44.5833333333 -0.8 6.99173908364e-05
44.5833333333 -0.666666666667 0.000140670892163
44.5833333333 -0.533333333333 0.000514359024135
44.5833333333 -0.4 0.000863037231682
44.5833333333 -0.266666666667 0.00123758877212
44.5833333333 -0.133333333333 0.00182128451298
44.5833333333 0.0 0.00172746238904
44.5833333333 0.133333333333 0.00170477527142
44.5833333333 0.266666666667 0.00186796372957
44.5833333333 0.4 0.00217316500888
44.5833333333 0.533333333333 0.00163479813347
44.5833333333 0.666666666667 0.00137839070928
44.5833333333 0.8 0.00114424235117
44.5833333333 1.0 0.000724441229966
47.75 -1.0 1e-05
47.75 -0.8 4.6650010885e-05
47.75 -0.666666666667 0.000186857417215
47.75 -0.533333333333 0.000491297971705
47.75 -0.4 0.000490562158236
47.75 -0.266666666667 0.000607987918275
47.75 -0.133333333333 0.000864005716149
47.75 0.0 0.000978538267347
47.75 0.133333333333 0.00133113430906
47.75 0.266666666667 0.00149423451201
47.75 0.4 0.00137799064731
47.75 0.533333333333 0.000933205181717
47.75 0.666666666667 0.000910254016243
47.75 0.8 0.000653755446904
47.75 1.0 0.000233269297618
50.9166666667 -1.0 1e-05
50.9166666667 -0.8 2.33456979067e-05
50.9166666667 -0.666666666667 0.000139728320449
50.9166666667 -0.533333333333 0.000163586633736
50.9166666667 -0.4 0.000397056455863
50.9166666667 -0.266666666667 0.000489849540776
50.9166666667 -0.133333333333 0.000864147073981
50.9166666667 0.0 0.000958052019059
50.9166666667 0.133333333333 0.000958149402958
50.9166666667 0.266666666667 0.00116750674324
50.9166666667 0.4 0.00140087143182
50.9166666667 0.533333333333 0.00100384900435
50.9166666667 0.666666666667 0.000722734234125
50.9166666667 0.8 0.00046661416364
50.9166666667 1.0 0.000233730213674
54.0833333333 -1.0 1e-05
54.0833333333 -0.8 1e-05
54.0833333333 -0.666666666667 4.68023169482e-05
54.0833333333 -0.533333333333 9.33250601044e-05
54.0833333333 -0.4 0.000257044808839
54.0833333333 -0.266666666667 0.000139667110705
54.0833333333 -0.133333333333 0.000653550792259
54.0833333333 0.0 0.000654905391281
54.0833333333 0.133333333333 0.000560184849657
54.0833333333 0.266666666667 0.000839545257193
54.0833333333 0.4 0.000536767361128
54.0833333333 0.533333333333 0.000701352133401
54.0833333333 0.666666666667 0.000443814853548
54.0833333333 0.8 0.000280574678054
54.0833333333 1.0 9.34135853257e-05
57.25 -1.0 1e-05
57.25 -0.8 1e-05
57.25 -0.666666666667 2.31426720015e-05
57.25 -0.533333333333 4.64487360783e-05
57.25 -0.4 0.000210846570789
57.25 -0.266666666667 0.000210216083182
57.25 -0.133333333333 0.000256256172678
57.25 0.0 0.000397014199028
57.25 0.133333333333 0.000654136530306
57.25 0.266666666667 0.000514446281399
57.25 0.4 0.000466062050013
57.25 0.533333333333 0.00065370282693
57.25 0.666666666667 0.000444442643511
57.25 0.8 0.00014026667101
57.25 1.0 1e-05
60.4166666667 -1.0 1e-05
60.4166666667 -0.8 1e-05
60.4166666667 -0.666666666667 1e-05
60.4166666667 -0.533333333333 4.68255574967e-05
60.4166666667 -0.4 0.000163388000839
60.4166666667 -0.266666666667 0.000140393241893
60.4166666667 -0.133333333333 0.000491201794213
60.4166666667 0.0 0.000140007639687
60.4166666667 0.133333333333 0.000467333415869
60.4166666667 0.266666666667 0.000209993099229
60.4166666667 0.4 0.000397510218115
60.4166666667 0.533333333333 0.000302851239759
60.4166666667 0.666666666667 0.000327208204556
60.4166666667 0.8 0.000139980319877
60.4166666667 1.0 6.98710475293e-05
63.5833333333 -1.0 1e-05
63.5833333333 -0.8 1e-05
63.5833333333 -0.666666666667 1e-05
63.5833333333 -0.533333333333 4.69226673332e-05
63.5833333333 -0.4 0.000140273504527
63.5833333333 -0.266666666667 0.000140109244878
63.5833333333 -0.133333333333 4.6749067992e-05
63.5833333333 0.0 0.000350005108687
63.5833333333 0.133333333333 0.000210302100096
63.5833333333 0.266666666667 0.000303563498178
63.5833333333 0.4 0.000116872032818
63.5833333333 0.533333333333 0.000186888356722
63.5833333333 0.666666666667 0.000187149900685
63.5833333333 0.8 9.35504054577e-05
63.5833333333 1.0 1e-05
66.75 -1.0 1e-05
66.75 -0.8 1e-05
66.75 -0.666666666667 1e-05
66.75 -0.533333333333 1e-05
66.75 -0.4 4.6576971595e-05
66.75 -0.266666666667 7.03260374185e-05
66.75 -0.133333333333 0.000140318290776
66.75 0.0 0.000163166033568
66.75 0.133333333333 0.000140469694709
66.75 0.266666666667 0.000163462827917
66.75 0.4 0.000256329134616
66.75 0.533333333333 9.34815067538e-05
66.75 0.666666666667 0.000210059400584
66.75 0.8 2.31426720015e-05
66.75 1.0 1e-05
69.9166666667 -1.0 1e-05
69.9166666667 -0.8 1e-05
69.9166666667 -0.666666666667 1e-05
69.9166666667 -0.533333333333 1e-05
69.9166666667 -0.4 1e-05
69.9166666667 -0.266666666667 4.64883699082e-05
69.9166666667 -0.133333333333 9.35228794767e-05
69.9166666667 0.0 0.000116588094186
69.9166666667 0.133333333333 9.3117688329e-05
69.9166666667 0.266666666667 0.000116851340354
69.9166666667 0.4 9.34204210493e-05
69.9166666667 0.533333333333 7.0106642132e-05
69.9166666667 0.666666666667 4.65700659458e-05
69.9166666667 0.8 7.00653393347e-05
69.9166666667 1.0 1e-05
73.0833333333 -1.0 1e-05
73.0833333333 -0.8 1e-05
73.0833333333 -0.666666666667 1e-05
73.0833333333 -0.533333333333 1e-05
73.0833333333 -0.4 1e-05
73.0833333333 -0.266666666667 4.65923853939e-05
73.0833333333 -0.133333333333 1e-05
73.0833333333 0.0 2.34497133924e-05
73.0833333333 0.133333333333 0.000116786881346
73.0833333333 0.266666666667 0.000163362314553
73.0833333333 0.4 9.32777490094e-05
73.0833333333 0.533333333333 7.00740734345e-05
73.0833333333 0.666666666667 4.67841847738e-05
73.0833333333 0.8 1e-05
73.0833333333 1.0 1e-05
76.25 -1.0 1e-05
76.25 -0.8 1e-05
76.25 -0.666666666667 1e-05
76.25 -0.533333333333 1e-05
76.25 -0.4 1e-05
76.25 -0.266666666667 1e-05
76.25 -0.133333333333 4.65460420868e-05
76.25 0.0 1e-05
76.25 0.133333333333 4.68763240261e-05
76.25 0.266666666667 7.01006920653e-05
76.25 0.4 1e-05
76.25 0.533333333333 2.33526035558e-05
76.25 0.666666666667 4.63670400406e-05
76.25 0.8 1e-05
76.25 1.0 1e-05
79.4166666667 -1.0 1e-05
79.4166666667 -0.8 1e-05
79.4166666667 -0.666666666667 1e-05
79.4166666667 -0.533333333333 1e-05
79.4166666667 -0.4 1e-05
79.4166666667 -0.266666666667 1e-05
79.4166666667 -0.133333333333 1e-05
79.4166666667 0.0 1e-05
79.4166666667 0.133333333333 4.68530834777e-05
79.4166666667 0.266666666667 2.34497133924e-05
79.4166666667 0.4 1e-05
79.4166666667 0.533333333333 1e-05
79.4166666667 0.666666666667 4.66277381244e-05
79.4166666667 0.8 1e-05
79.4166666667 1.0 1e-05
82.5833333333 -1.0 1e-05
82.5833333333 -0.8 1e-05
82.5833333333 -0.666666666667 1e-05
82.5833333333 -0.533333333333 1e-05
82.5833333333 -0.4 1e-05
82.5833333333 -0.266666666667 1e-05
82.5833333333 -0.133333333333 1e-05
82.5833333333 0.0 1e-05
82.5833333333 0.133333333333 1e-05
82.5833333333 0.266666666667 1e-05
82.5833333333 0.4 1e-05
82.5833333333 0.533333333333 1e-05
82.5833333333 0.666666666667 1e-05
82.5833333333 0.8 1e-05
82.5833333333 1.0 1e-05
85.75 -1.0 1e-05
85.75 -0.8 1e-05
85.75 -0.666666666667 1e-05
85.75 -0.533333333333 1e-05
85.75 -0.4 1e-05
85.75 -0.266666666667 1e-05
85.75 -0.133333333333 1e-05
85.75 0.0 1e-05
85.75 0.133333333333 1e-05
85.75 0.266666666667 1e-05
85.75 0.4 1e-05
85.75 0.533333333333 1e-05
85.75 0.666666666667 1e-05
85.75 0.8 1e-05
85.75 1.0 1e-05
88.9166666667 -1.0 1e-05
88.9166666667 -0.8 1e-05
88.9166666667 -0.666666666667 1e-05
88.9166666667 -0.533333333333 1e-05
88.9166666667 -0.4 1e-05
88.9166666667 -0.266666666667 1e-05
88.9166666667 -0.133333333333 1e-05
88.9166666667 0.0 1e-05
88.9166666667 0.133333333333 1e-05
88.9166666667 0.266666666667 1e-05
88.9166666667 0.4 1e-05
88.9166666667 0.533333333333 1e-05
88.9166666667 0.666666666667 1e-05
88.9166666667 0.8 1e-05
88.9166666667 1.0 1e-05
92.0833333333 -1.0 1e-05
92.0833333333 -0.8 1e-05
92.0833333333 -0.666666666667 1e-05
92.0833333333 -0.533333333333 1e-05
92.0833333333 -0.4 1e-05
92.0833333333 -0.266666666667 1e-05
92.0833333333 -0.133333333333 1e-05
92.0833333333 0.0 1e-05
92.0833333333 0.133333333333 1e-05
92.0833333333 0.266666666667 1e-05
92.0833333333 0.4 1e-05
92.0833333333 0.533333333333 1e-05
92.0833333333 0.666666666667 1e-05
92.0833333333 0.8 1e-05
92.0833333333 1.0 1e-05
95.25 -1.0 1e-05
95.25 -0.8 1e-05
95.25 -0.666666666667 1e-05
95.25 -0.533333333333 1e-05
95.25 -0.4 1e-05
95.25 -0.266666666667 1e-05
95.25 -0.133333333333 1e-05
95.25 0.0 1e-05
95.25 0.133333333333 1e-05
95.25 0.266666666667 1e-05
95.25 0.4 1e-05
95.25 0.533333333333 1e-05
95.25 0.666666666667 1e-05
95.25 0.8 1e-05
95.25 1.0 1e-05
100.0 -1.0 1e-05
100.0 -0.8 1e-05
100.0 -0.666666666667 1e-05
100.0 -0.533333333333 1e-05
100.0 -0.4 1e-05
100.0 -0.266666666667 1e-05
100.0 -0.133333333333 1e-05
100.0 0.0 1e-05
100.0 0.133333333333 1e-05
100.0 0.266666666667 1e-05
100.0 0.4 1e-05
100.0 0.533333333333 1e-05
100.0 0.666666666667 1e-05
100.0 0.8 1e-05
100.0 1.0 1e-05
