5.0 -1.0 0.0443621084594
5.0 -0.8 0.0404671636185
5.0 -0.666666666667 0.040133270338
5.0 -0.533333333333 0.039184976697
5.0 -0.4 0.0388519675381
5.0 -0.266666666667 0.0380146780744
5.0 -0.133333333333 0.0365899494547
5.0 0.0 0.0348816680198
5.0 0.133333333333 0.0350922708791
5.0 0.266666666667 0.0322245567525
5.0 0.4 0.0300309110659
5.0 0.533333333333 0.0263147865692
5.0 0.666666666667 0.0255433220365
5.0 0.8 0.0206173141565
5.0 1.0 0.0197283946398
9.75 -1.0 0.0325100409084
9.75 -0.8 0.0333680825113
9.75 -0.666666666667 0.0354633843727
9.75 -0.533333333333 0.0356151038371
9.75 -0.4 0.0331534507789
9.75 -0.266666666667 0.0342525401663
9.75 -0.133333333333 0.0348176068129
9.75 0.0 0.0310072514438
9.75 0.133333333333 0.0308910732402
9.75 0.266666666667 0.0273813526954
9.75 0.4 0.024425397172
9.75 0.533333333333 0.0219029373917
9.75 0.666666666667 0.0203865475246
9.75 0.8 0.0159493937637
9.75 1.0 0.0120491355696
12.9166666667 -1.0 0.0247091652267
12.9166666667 -0.8 0.0264316801695
12.9166666667 -0.666666666667 0.0276706156562
12.9166666667 -0.533333333333 0.0321952528215
12.9166666667 -0.4 0.0308226202148
12.9166666667 -0.266666666667 0.0302415669529
12.9166666667 -0.133333333333 0.0285590318994
12.9166666667 0.0 0.027317545356
12.9166666667 0.133333333333 0.0273179095217
12.9166666667 0.266666666667 0.0234167666703
12.9166666667 0.4 0.0226744499483
12.9166666667 0.533333333333 0.0180706529565
12.9166666667 0.666666666667 0.0138464464735
12.9166666667 0.8 0.0104621311695
12.9166666667 1.0 0.00756490655533
16.0833333333 -1.0 0.0197311178358
16.0833333333 -0.8 0.0203105190982
16.0833333333 -0.666666666667 0.0244878947412
16.0833333333 -0.533333333333 0.0255460480085
16.0833333333 -0.4 0.0258546495132
16.0833333333 -0.266666666667 0.0254253529186
16.0833333333 -0.133333333333 0.0244948316276
16.0833333333 0.0 0.0225578384949
16.0833333333 0.133333333333 0.0222269987829
16.0833333333 0.266666666667 0.0193756608199
16.0833333333 0.4 0.015012377943
16.0833333333 0.533333333333 0.0128880970695
16.0833333333 0.666666666667 0.0105766068419
16.0833333333 0.8 0.00714233503469
16.0833333333 1.0 0.00513930536823
19.25 -1.0 0.0134219787309
19.25 -0.8 0.0168811822123
19.25 -0.666666666667 0.0187951202331
19.25 -0.533333333333 0.018955965693
19.25 -0.4 0.0210666330867
19.25 -0.266666666667 0.0198476938906
19.25 -0.133333333333 0.0199169998514
19.25 0.0 0.0184430341999
19.25 0.133333333333 0.0169071284936
19.25 0.266666666667 0.014691335065
19.25 0.4 0.0116999963055
19.25 0.533333333333 0.00964475702362
19.25 0.666666666667 0.00693812572941
19.25 0.8 0.00508819606794
19.25 1.0 0.00308140236287
22.4166666667 -1.0 0.00929399560455
22.4166666667 -0.8 0.0116281222749
22.4166666667 -0.666666666667 0.0137797655079
22.4166666667 -0.533333333333 0.015619345271
22.4166666667 -0.4 0.0153677773004
22.4166666667 -0.266666666667 0.0161358192739
22.4166666667 -0.133333333333 0.0172517934722
22.4166666667 0.0 0.0145701763319
22.4166666667 0.133333333333 0.013729725379
22.4166666667 0.266666666667 0.0120739806093
22.4166666667 0.4 0.00917541426115
22.4166666667 0.533333333333 0.00702402835086
22.4166666667 0.666666666667 0.00579231920748
22.4166666667 0.8 0.00324662549683
22.4166666667 1.0 0.00156399714414
25.5833333333 -1.0 0.00684123416182
25.5833333333 -0.8 0.00845226639883
25.5833333333 -0.666666666667 0.0104342095245
25.5833333333 -0.533333333333 0.0110227800487
25.5833333333 -0.4 0.0126061244958
25.5833333333 -0.266666666667 0.0118612177772
25.5833333333 -0.133333333333 0.012021519568
25.5833333333 0.0 0.0111837549005
25.5833333333 0.133333333333 0.0099929320518
25.5833333333 0.266666666667 0.00828695909618
25.5833333333 0.4 0.00656060143786
25.5833333333 0.533333333333 0.00541700080832
25.5833333333 0.666666666667 0.00324533059183
25.5833333333 0.8 0.00203137875654
25.5833333333 1.0 0.00109843887098
28.75 -1.0 0.0038541890229
28.75 -0.8 0.00585889975004
28.75 -0.666666666667 0.00789285112758
28.75 -0.533333333333 0.00814589309464
28.75 -0.4 0.00924527861231
28.75 -0.266666666667 0.0090153345675
28.75 -0.133333333333 0.00880053620547
28.75 0.0 0.00850088155981
28.75 0.133333333333 0.00707733799705
28.75 0.266666666667 0.00660904472812
28.75 0.4 0.00462158809525
28.75 0.533333333333 0.00369020217912
28.75 0.666666666667 0.00226559900888
28.75 0.8 0.00142365966693
28.75 1.0 0.000420135858278
31.9166666667 -1.0 0.00289524554805
31.9166666667 -0.8 0.00415803276209
31.9166666667 -0.666666666667 0.00532534490544
31.9166666667 -0.533333333333 0.00590789340988
31.9166666667 -0.4 0.00705027086124
31.9166666667 -0.266666666667 0.00716806616692
31.9166666667 -0.133333333333 0.00696114537751
31.9166666667 0.0 0.00632974385628
31.9166666667 0.133333333333 0.00499827216065
31.9166666667 0.266666666667 0.00425062126155
31.9166666667 0.4 0.00343082359613
31.9166666667 0.533333333333 0.00247497614952
31.9166666667 0.666666666667 0.00172763066479
31.9166666667 0.8 0.000934227948657
31.9166666667 1.0 0.000256398182805
35.0833333333 -1.0 0.00191686251253
35.0833333333 -0.8 0.00324699543032
35.0833333333 -0.666666666667 0.0038978483219
35.0833333333 -0.533333333333 0.0050432523727
35.0833333333 -0.4 0.00513649183326
35.0833333333 -0.266666666667 0.00539254078518
35.0833333333 -0.133333333333 0.00481174841449
35.0833333333 0.0 0.0047859872446
35.0833333333 0.133333333333 0.00401720862959
35.0833333333 0.266666666667 0.00317465113239
35.0833333333 0.4 0.0024741037579
35.0833333333 0.533333333333 0.00147263635832
35.0833333333 0.666666666667 0.00107476795781
35.0833333333 0.8 0.000607684219973
35.0833333333 1.0 0.000116386036068
38.25 -1.0 0.00142479073957
38.25 -0.8 0.00149353938166
38.25 -0.666666666667 0.00275435574512
38.25 -0.533333333333 0.00340820286798
38.25 -0.4 0.00466887306835
38.25 -0.266666666667 0.00336285391989
38.25 -0.133333333333 0.00352436618442
38.25 0.0 0.0033851652463
38.25 0.133333333333 0.00249710764756
38.25 0.266666666667 0.00226357504842
38.25 0.4 0.00182309039767
38.25 0.533333333333 0.00119063979357
38.25 0.666666666667 0.000770864808885
38.25 0.8 0.000280558305505
38.25 1.0 9.33715995834e-05
41.4166666667 -1.0 0.000956640982935
41.4166666667 -0.8 0.00158701805052
41.4166666667 -0.666666666667 0.00203014730276
41.4166666667 -0.533333333333 0.00224070929219
41.4166666667 -0.4 0.0030330281286
41.4166666667 -0.266666666667 0.00296611755818
41.4166666667 -0.133333333333 0.00238132934348
41.4166666667 0.0 0.00224243244154
41.4166666667 0.133333333333 0.00214679299714
41.4166666667 0.266666666667 0.00135296086263
41.4166666667 0.4 0.00112157214196
41.4166666667 0.533333333333 0.000792655056211
41.4166666667 0.666666666667 0.000420455108395
41.4166666667 0.8 0.000163539245289
41.4166666667 1.0 2.3311230833e-05
44.5833333333 -1.0 0.000513709688988
44.5833333333 -0.8 0.000841050928082
44.5833333333 -0.666666666667 0.00196175783668
44.5833333333 -0.533333333333 0.00210254074776
44.5833333333 -0.4 0.00191461523449
44.5833333333 -0.266666666667 0.00217289609903
44.5833333333 -0.133333333333 0.00144757350247
44.5833333333 0.0 0.00170411106268
44.5833333333 0.133333333333 0.00109757811775
44.5833333333 0.266666666667 0.00142559876775
44.5833333333 0.4 0.000910198128543
44.5833333333 0.533333333333 0.000513790760237
44.5833333333 0.666666666667 0.000302980934175
44.5833333333 0.8 9.36948380838e-05
44.5833333333 1.0 1e-05
47.75 -1.0 0.000279891620832
47.75 -0.8 0.000490720228193
47.75 -0.666666666667 0.000886193403013
47.75 -0.533333333333 0.00119182257708
47.75 -0.4 0.00128437056344
47.75 -0.266666666667 0.00154069835805
47.75 -0.133333333333 0.00140083548061
47.75 0.0 0.0011905650026
47.75 0.133333333333 0.000793677753735
47.75 0.266666666667 0.000700506668
47.75 0.4 0.000490048243162
47.75 0.533333333333 0.000186712856797
47.75 0.666666666667 0.000117077653495
47.75 0.8 4.6622461666e-05
47.75 1.0 1e-05
50.9166666667 -1.0 0.000233331928175
50.9166666667 -0.8 0.00063093367473
50.9166666667 -0.666666666667 0.000934280365919
50.9166666667 -0.533333333333 0.000769956632112
50.9166666667 -0.4 0.00112044351249
50.9166666667 -0.266666666667 0.00112047546441
50.9166666667 -0.133333333333 0.0010273230582
50.9166666667 0.0 0.000794482960082
50.9166666667 0.133333333333 0.000840500181158
50.9166666667 0.266666666667 0.000700410463306
50.9166666667 0.4 0.000349591243877
50.9166666667 0.533333333333 0.000280847296852
50.9166666667 0.666666666667 0.000186644154265
50.9166666667 0.8 1e-05
50.9166666667 1.0 1e-05
54.0833333333 -1.0 0.000116821116804
54.0833333333 -0.8 0.000233181419898
54.0833333333 -0.666666666667 0.000490778517579
54.0833333333 -0.533333333333 0.000653785289805
54.0833333333 -0.4 0.000630715893488
54.0833333333 -0.266666666667 0.000700676192412
54.0833333333 -0.133333333333 0.000467076872703
54.0833333333 0.0 0.000723671828931
54.0833333333 0.133333333333 0.000607358309349
54.0833333333 0.266666666667 0.000303436139798
54.0833333333 0.4 0.000186696743515
54.0833333333 0.533333333333 9.35159738275e-05
54.0833333333 0.666666666667 9.32339003346e-05
54.0833333333 0.8 1e-05
54.0833333333 1.0 1e-05
57.25 -1.0 9.33768061164e-05
57.25 -0.8 0.000256680233059
57.25 -0.666666666667 0.000350082886191
57.25 -0.533333333333 0.000397141476755
57.25 -0.4 0.00065395915745
57.25 -0.266666666667 0.000373454507578
57.25 -0.133333333333 0.000584159602152
57.25 0.0 0.000373941863453
57.25 0.133333333333 0.000327512905578
57.25 0.266666666667 0.000233824901011
57.25 0.4 0.000209952081275
57.25 0.533333333333 0.000116348974223
57.25 0.666666666667 2.34033700853e-05
57.25 0.8 2.31426720015e-05
57.25 1.0 1e-05
60.4166666667 -1.0 7.02796941114e-05
60.4166666667 -0.8 0.000163556559671
60.4166666667 -0.666666666667 0.000303323328297
60.4166666667 -0.533333333333 0.000350073296212
60.4166666667 -0.4 0.000327612624087
60.4166666667 -0.266666666667 0.000467214525265
60.4166666667 -0.133333333333 0.000350688959801
60.4166666667 0.0 0.000419681123018
60.4166666667 0.133333333333 0.000210160956881
60.4166666667 0.266666666667 9.35967487648e-05
60.4166666667 0.4 4.69226673332e-05
60.4166666667 0.533333333333 4.66277381244e-05
60.4166666667 0.666666666667 4.68255574967e-05
60.4166666667 0.8 1e-05
60.4166666667 1.0 1e-05
63.5833333333 -1.0 1e-05
63.5833333333 -0.8 9.33414066983e-05
63.5833333333 -0.666666666667 0.000116794498173
63.5833333333 -0.533333333333 0.000350519867509
63.5833333333 -0.4 0.000280368325088
63.5833333333 -0.266666666667 0.000280278803845
63.5833333333 -0.133333333333 0.000117110222192
63.5833333333 0.0 0.000186625884301
63.5833333333 0.133333333333 0.000140462861192
63.5833333333 0.266666666667 0.000163558958271
63.5833333333 0.4 2.32243680391e-05
63.5833333333 0.533333333333 4.66277381244e-05
63.5833333333 0.666666666667 2.34729539408e-05
63.5833333333 0.8 1e-05
63.5833333333 1.0 1e-05
66.75 -1.0 1e-05
66.75 -0.8 2.34497133924e-05
66.75 -0.666666666667 9.3274293575e-05
66.75 -0.533333333333 0.000187037862278
66.75 -0.4 0.000139940686047
66.75 -0.266666666667 0.000210224455087
66.75 -0.133333333333 0.000279804047522
66.75 0.0 0.000116844553524
66.75 0.133333333333 9.36322976673e-05
66.75 0.266666666667 9.31512248145e-05
66.75 0.4 6.99734360311e-05
66.75 0.533333333333 1e-05
66.75 0.666666666667 1e-05
66.75 0.8 1e-05
66.75 1.0 1e-05
69.9166666667 -1.0 1e-05
69.9166666667 -0.8 1e-05
69.9166666667 -0.666666666667 0.000116342056368
69.9166666667 -0.533333333333 0.000116567401721
69.9166666667 -0.4 0.000140393277336
69.9166666667 -0.266666666667 0.000163089225984
69.9166666667 -0.133333333333 9.3454888123e-05
69.9166666667 0.0 2.34729539408e-05
69.9166666667 0.133333333333 7.00653393347e-05
69.9166666667 0.266666666667 2.33456979067e-05
69.9166666667 0.4 1e-05
69.9166666667 0.533333333333 1e-05
69.9166666667 0.666666666667 1e-05
69.9166666667 0.8 1e-05
69.9166666667 1.0 1e-05
73.0833333333 -1.0 1e-05
73.0833333333 -0.8 2.31426720015e-05
73.0833333333 -0.666666666667 2.34033700853e-05
73.0833333333 -0.533333333333 9.33922099166e-05
73.0833333333 -0.4 0.000116814407327
73.0833333333 -0.266666666667 7.00602988249e-05
73.0833333333 -0.133333333333 2.33250054425e-05
73.0833333333 0.0 7.00499255358e-05
73.0833333333 0.133333333333 9.34110372414e-05
73.0833333333 0.266666666667 2.33250054425e-05
73.0833333333 0.4 2.34033700853e-05
73.0833333333 0.533333333333 1e-05
73.0833333333 0.666666666667 1e-05
73.0833333333 0.8 1e-05
73.0833333333 1.0 1e-05
76.25 -1.0 1e-05
76.25 -0.8 1e-05
76.25 -0.666666666667 4.669732198e-05
76.25 -0.533333333333 2.31426720015e-05
76.25 -0.4 7.02796941114e-05
76.25 -0.266666666667 2.34033700853e-05
76.25 -0.133333333333 1e-05
76.25 0.0 2.31426720015e-05
76.25 0.133333333333 2.32243680391e-05
76.25 0.266666666667 2.33526035558e-05
76.25 0.4 1e-05
76.25 0.533333333333 1e-05
76.25 0.666666666667 1e-05
76.25 0.8 1e-05
76.25 1.0 1e-05
79.4166666667 -1.0 1e-05
79.4166666667 -0.8 1e-05
79.4166666667 -0.666666666667 1e-05
79.4166666667 -0.533333333333 1e-05
79.4166666667 -0.4 1e-05
79.4166666667 -0.266666666667 1e-05
79.4166666667 -0.133333333333 9.34808216021e-05
79.4166666667 0.0 2.34497133924e-05
79.4166666667 0.133333333333 1e-05
79.4166666667 0.266666666667 1e-05
79.4166666667 0.4 1e-05
79.4166666667 0.533333333333 1e-05
79.4166666667 0.666666666667 1e-05
79.4166666667 0.8 1e-05
79.4166666667 1.0 1e-05
82.5833333333 -1.0 1e-05
82.5833333333 -0.8 1e-05
82.5833333333 -0.666666666667 1e-05
82.5833333333 -0.533333333333 1e-05
82.5833333333 -0.4 1e-05
82.5833333333 -0.266666666667 1e-05
82.5833333333 -0.133333333333 1e-05
82.5833333333 0.0 1e-05
82.5833333333 0.133333333333 1e-05
82.5833333333 0.266666666667 1e-05
82.5833333333 0.4 1e-05
82.5833333333 0.533333333333 1e-05
82.5833333333 0.666666666667 1e-05
82.5833333333 0.8 1e-05
82.5833333333 1.0 1e-05
85.75 -1.0 1e-05
85.75 -0.8 1e-05
85.75 -0.666666666667 1e-05
85.75 -0.533333333333 1e-05
85.75 -0.4 1e-05
85.75 -0.266666666667 1e-05
85.75 -0.133333333333 1e-05
85.75 0.0 1e-05
85.75 0.133333333333 1e-05
85.75 0.266666666667 1e-05
85.75 0.4 1e-05
85.75 0.533333333333 1e-05
85.75 0.666666666667 1e-05
85.75 0.8 1e-05
85.75 1.0 1e-05
88.9166666667 -1.0 1e-05
88.9166666667 -0.8 1e-05
88.9166666667 -0.666666666667 1e-05
88.9166666667 -0.533333333333 1e-05
88.9166666667 -0.4 1e-05
88.9166666667 -0.266666666667 1e-05
88.9166666667 -0.133333333333 1e-05
88.9166666667 0.0 1e-05
88.9166666667 0.133333333333 1e-05
88.9166666667 0.266666666667 1e-05
88.9166666667 0.4 1e-05
88.9166666667 0.533333333333 1e-05
88.9166666667 0.666666666667 1e-05
88.9166666667 0.8 1e-05
88.9166666667 1.0 1e-05
92.0833333333 -1.0 1e-05
92.0833333333 -0.8 1e-05
92.0833333333 -0.666666666667 1e-05
92.0833333333 -0.533333333333 1e-05
92.0833333333 -0.4 1e-05
92.0833333333 -0.266666666667 1e-05
92.0833333333 -0.133333333333 1e-05
92.0833333333 0.0 1e-05
92.0833333333 0.133333333333 1e-05
92.0833333333 0.266666666667 1e-05
92.0833333333 0.4 1e-05
92.0833333333 0.533333333333 1e-05
92.0833333333 0.666666666667 1e-05
92.0833333333 0.8 1e-05
92.0833333333 1.0 1e-05
95.25 -1.0 1e-05
95.25 -0.8 1e-05
95.25 -0.666666666667 1e-05
95.25 -0.533333333333 1e-05
95.25 -0.4 1e-05
95.25 -0.266666666667 1e-05
95.25 -0.133333333333 1e-05
95.25 0.0 1e-05
95.25 0.133333333333 1e-05
95.25 0.266666666667 1e-05
95.25 0.4 1e-05
95.25 0.533333333333 1e-05
95.25 0.666666666667 1e-05
95.25 0.8 1e-05
95.25 1.0 1e-05
100.0 -1.0 1e-05
100.0 -0.8 1e-05
100.0 -0.666666666667 1e-05
100.0 -0.533333333333 1e-05
100.0 -0.4 1e-05
100.0 -0.266666666667 1e-05
100.0 -0.133333333333 1e-05
100.0 0.0 1e-05
100.0 0.133333333333 1e-05
100.0 0.266666666667 1e-05
100.0 0.4 1e-05
100.0 0.533333333333 1e-05
100.0 0.666666666667 1e-05
100.0 0.8 1e-05
100.0 1.0 1e-05
