5.0 -1.0 0.131097992385
5.0 -0.8 0.215149702476
5.0 -0.666666666667 0.229549360844
5.0 -0.533333333333 0.178287588434
5.0 -0.4 0.10420063727
5.0 -0.266666666667 0.045199796196
5.0 -0.133333333333 0.0155769867221
5.0 0.0 0.00411333506447
5.0 0.133333333333 0.000805988776566
5.0 0.266666666667 8.75367787409e-05
5.0 0.4 4.01663173459e-05
5.0 0.533333333333 3.33333333333e-06
5.0 0.666666666667 1.62711019638e-05
5.0 0.8 3.33333333333e-06
5.0 1.0 1.62711019638e-05
9.75 -1.0 0.111494516444
9.75 -0.8 0.179321813018
9.75 -0.666666666667 0.163081189378
9.75 -0.533333333333 0.0917881640299
9.75 -0.4 0.0339725158972
9.75 -0.266666666667 0.0086293190508
9.75 -0.133333333333 0.00150795968774
9.75 0.0 0.000222024049508
9.75 0.133333333333 3.25117145294e-05
9.75 0.266666666667 8.13555098191e-06
9.75 0.4 8.13555098191e-06
9.75 0.533333333333 8.13555098191e-06
9.75 0.666666666667 3.33333333333e-06
9.75 0.8 8.13555098191e-06
9.75 1.0 8.58600974915e-06
12.9166666667 -1.0 0.091449366656
12.9166666667 -0.8 0.137429603584
12.9166666667 -0.666666666667 0.0967623029504
12.9166666667 -0.533333333333 0.0380779558847
12.9166666667 -0.4 0.00806876859096
12.9166666667 -0.266666666667 0.000821087997515
12.9166666667 -0.133333333333 4.76109354778e-05
12.9166666667 0.0 3.23017298449e-05
12.9166666667 0.133333333333 8.58600974915e-06
12.9166666667 0.266666666667 3.33333333333e-06
12.9166666667 0.4 8.13555098191e-06
12.9166666667 0.533333333333 3.33333333333e-06
12.9166666667 0.666666666667 3.33333333333e-06
12.9166666667 0.8 3.33333333333e-06
12.9166666667 1.0 3.33333333333e-06
16.0833333333 -1.0 0.0725086267161
16.0833333333 -0.8 0.0943543044962
16.0833333333 -0.666666666667 0.0473000966358
16.0833333333 -0.533333333333 0.010650458737
16.0833333333 -0.4 0.00126321230387
16.0833333333 -0.266666666667 4.73704613951e-05
16.0833333333 -0.133333333333 8.13555098191e-06
16.0833333333 0.0 3.33333333333e-06
16.0833333333 0.133333333333 3.33333333333e-06
16.0833333333 0.266666666667 8.13555098191e-06
16.0833333333 0.4 3.33333333333e-06
16.0833333333 0.533333333333 3.33333333333e-06
16.0833333333 0.666666666667 3.33333333333e-06
16.0833333333 0.8 3.33333333333e-06
16.0833333333 1.0 3.33333333333e-06
19.25 -1.0 0.053015441378
19.25 -0.8 0.055052371218
19.25 -0.666666666667 0.0181198924165
19.25 -0.533333333333 0.00214815184943
19.25 -0.4 0.000102635999689
19.25 -0.266666666667 8.13555098191e-06
19.25 -0.133333333333 3.33333333333e-06
19.25 0.0 3.33333333333e-06
19.25 0.133333333333 3.33333333333e-06
19.25 0.266666666667 3.33333333333e-06
19.25 0.4 3.33333333333e-06
19.25 0.533333333333 3.33333333333e-06
19.25 0.666666666667 3.33333333333e-06
19.25 0.8 3.33333333333e-06
19.25 1.0 3.33333333333e-06
22.4166666667 -1.0 0.0361515571213
22.4166666667 -0.8 0.0272143300715
22.4166666667 -0.666666666667 0.00480113816163
22.4166666667 -0.533333333333 0.000237092781058
22.4166666667 -0.4 1.67215607311e-05
22.4166666667 -0.266666666667 8.58600974915e-06
22.4166666667 -0.133333333333 3.33333333333e-06
22.4166666667 0.0 3.33333333333e-06
22.4166666667 0.133333333333 3.33333333333e-06
22.4166666667 0.266666666667 3.33333333333e-06
22.4166666667 0.4 8.58600974915e-06
22.4166666667 0.533333333333 3.33333333333e-06
22.4166666667 0.666666666667 3.33333333333e-06
22.4166666667 0.8 3.33333333333e-06
22.4166666667 1.0 8.58600974915e-06
25.5833333333 -1.0 0.0225720248548
25.5833333333 -0.8 0.0106188784294
25.5833333333 -0.666666666667 0.000852908779194
25.5833333333 -0.533333333333 1.60306278811e-05
25.5833333333 -0.4 3.33333333333e-06
25.5833333333 -0.266666666667 3.33333333333e-06
25.5833333333 -0.133333333333 3.33333333333e-06
25.5833333333 0.0 3.33333333333e-06
25.5833333333 0.133333333333 8.58600974915e-06
25.5833333333 0.266666666667 3.33333333333e-06
25.5833333333 0.4 8.13555098191e-06
25.5833333333 0.533333333333 3.33333333333e-06
25.5833333333 0.666666666667 3.33333333333e-06
25.5833333333 0.8 3.33333333333e-06
25.5833333333 1.0 3.33333333333e-06
28.75 -1.0 0.0122610544244
28.75 -0.8 0.00296854891409
28.75 -0.666666666667 9.47409227901e-05
28.75 -0.533333333333 8.58600974915e-06
28.75 -0.4 3.33333333333e-06
28.75 -0.266666666667 3.33333333333e-06
28.75 -0.133333333333 8.58600974915e-06
28.75 0.0 3.33333333333e-06
28.75 0.133333333333 8.58600974915e-06
28.75 0.266666666667 3.33333333333e-06
28.75 0.4 3.33333333333e-06
28.75 0.533333333333 3.33333333333e-06
28.75 0.666666666667 3.33333333333e-06
28.75 0.8 3.33333333333e-06
28.75 1.0 8.58600974915e-06
31.9166666667 -1.0 0.00543205338072
31.9166666667 -0.8 0.000569617417756
31.9166666667 -0.666666666667 7.89507689918e-06
31.9166666667 -0.533333333333 3.33333333333e-06
31.9166666667 -0.4 8.58600974915e-06
31.9166666667 -0.266666666667 3.33333333333e-06
31.9166666667 -0.133333333333 3.33333333333e-06
31.9166666667 0.0 8.13555098191e-06
31.9166666667 0.133333333333 3.33333333333e-06
31.9166666667 0.266666666667 3.33333333333e-06
31.9166666667 0.4 3.33333333333e-06
31.9166666667 0.533333333333 3.33333333333e-06
31.9166666667 0.666666666667 3.33333333333e-06
31.9166666667 0.8 3.33333333333e-06
31.9166666667 1.0 3.33333333333e-06
35.0833333333 -1.0 0.00202903476309
35.0833333333 -0.8 4.76109354778e-05
35.0833333333 -0.666666666667 8.58600974915e-06
35.0833333333 -0.533333333333 3.33333333333e-06
35.0833333333 -0.4 8.58600974915e-06
35.0833333333 -0.266666666667 3.33333333333e-06
35.0833333333 -0.133333333333 8.13555098191e-06
35.0833333333 0.0 8.58600974915e-06
35.0833333333 0.133333333333 8.58600974915e-06
35.0833333333 0.266666666667 3.33333333333e-06
35.0833333333 0.4 3.33333333333e-06
35.0833333333 0.533333333333 3.33333333333e-06
35.0833333333 0.666666666667 3.33333333333e-06
35.0833333333 0.8 3.33333333333e-06
35.0833333333 1.0 3.33333333333e-06
38.25 -1.0 0.00048159969085
38.25 -0.8 7.89507689918e-06
38.25 -0.666666666667 3.33333333333e-06
38.25 -0.533333333333 8.58600974915e-06
38.25 -0.4 8.58600974915e-06
38.25 -0.266666666667 3.33333333333e-06
38.25 -0.133333333333 8.58600974915e-06
38.25 0.0 3.33333333333e-06
38.25 0.133333333333 3.33333333333e-06
38.25 0.266666666667 3.33333333333e-06
38.25 0.4 3.33333333333e-06
38.25 0.533333333333 3.33333333333e-06
38.25 0.666666666667 3.33333333333e-06
38.25 0.8 8.58600974915e-06
38.25 1.0 3.33333333333e-06
41.4166666667 -1.0 5.52655382943e-05
41.4166666667 -0.8 3.33333333333e-06
41.4166666667 -0.666666666667 8.58600974915e-06
41.4166666667 -0.533333333333 3.33333333333e-06
41.4166666667 -0.4 3.33333333333e-06
41.4166666667 -0.266666666667 3.33333333333e-06
41.4166666667 -0.133333333333 3.33333333333e-06
41.4166666667 0.0 3.33333333333e-06
41.4166666667 0.133333333333 8.58600974915e-06
41.4166666667 0.266666666667 8.13555098191e-06
41.4166666667 0.4 3.33333333333e-06
41.4166666667 0.533333333333 3.33333333333e-06
41.4166666667 0.666666666667 3.33333333333e-06
41.4166666667 0.8 3.33333333333e-06
41.4166666667 1.0 3.33333333333e-06
44.5833333333 -1.0 8.58600974915e-06
44.5833333333 -0.8 3.33333333333e-06
44.5833333333 -0.666666666667 3.33333333333e-06
44.5833333333 -0.533333333333 3.33333333333e-06
44.5833333333 -0.4 3.33333333333e-06
44.5833333333 -0.266666666667 3.33333333333e-06
44.5833333333 -0.133333333333 3.33333333333e-06
44.5833333333 0.0 3.33333333333e-06
44.5833333333 0.133333333333 3.33333333333e-06
44.5833333333 0.266666666667 3.33333333333e-06
44.5833333333 0.4 3.33333333333e-06
44.5833333333 0.533333333333 3.33333333333e-06
44.5833333333 0.666666666667 8.13555098191e-06
44.5833333333 0.8 3.33333333333e-06
44.5833333333 1.0 8.58600974915e-06
47.75 -1.0 3.33333333333e-06
47.75 -0.8 8.58600974915e-06
47.75 -0.666666666667 3.33333333333e-06
47.75 -0.533333333333 8.13555098191e-06
47.75 -0.4 3.33333333333e-06
47.75 -0.266666666667 3.33333333333e-06
47.75 -0.133333333333 3.33333333333e-06
47.75 0.0 3.33333333333e-06
47.75 0.133333333333 3.33333333333e-06
47.75 0.266666666667 3.33333333333e-06
47.75 0.4 3.33333333333e-06
47.75 0.533333333333 3.33333333333e-06
47.75 0.666666666667 3.33333333333e-06
47.75 0.8 3.33333333333e-06
47.75 1.0 3.33333333333e-06
50.9166666667 -1.0 3.33333333333e-06
50.9166666667 -0.8 3.33333333333e-06
50.9166666667 -0.666666666667 3.33333333333e-06
50.9166666667 -0.533333333333 3.33333333333e-06
50.9166666667 -0.4 8.58600974915e-06
50.9166666667 -0.266666666667 3.33333333333e-06
50.9166666667 -0.133333333333 8.13555098191e-06
50.9166666667 0.0 3.33333333333e-06
50.9166666667 0.133333333333 3.33333333333e-06
50.9166666667 0.266666666667 3.33333333333e-06
50.9166666667 0.4 3.33333333333e-06
50.9166666667 0.533333333333 3.33333333333e-06
50.9166666667 0.666666666667 3.33333333333e-06
50.9166666667 0.8 3.33333333333e-06
50.9166666667 1.0 3.33333333333e-06
54.0833333333 -1.0 3.33333333333e-06
54.0833333333 -0.8 3.33333333333e-06
54.0833333333 -0.666666666667 3.33333333333e-06
54.0833333333 -0.533333333333 3.33333333333e-06
54.0833333333 -0.4 3.33333333333e-06
54.0833333333 -0.266666666667 3.33333333333e-06
54.0833333333 -0.133333333333 3.33333333333e-06
54.0833333333 0.0 3.33333333333e-06
54.0833333333 0.133333333333 3.33333333333e-06
54.0833333333 0.266666666667 3.33333333333e-06
54.0833333333 0.4 3.33333333333e-06
54.0833333333 0.533333333333 3.33333333333e-06
54.0833333333 0.666666666667 8.58600974915e-06
54.0833333333 0.8 3.33333333333e-06
54.0833333333 1.0 3.33333333333e-06
57.25 -1.0 3.33333333333e-06
57.25 -0.8 3.33333333333e-06
57.25 -0.666666666667 8.58600974915e-06
57.25 -0.533333333333 8.58600974915e-06
57.25 -0.4 3.33333333333e-06
57.25 -0.266666666667 3.33333333333e-06
57.25 -0.133333333333 3.33333333333e-06
57.25 0.0 3.33333333333e-06
57.25 0.133333333333 3.33333333333e-06
57.25 0.266666666667 8.58600974915e-06
57.25 0.4 3.33333333333e-06
57.25 0.533333333333 8.58600974915e-06
57.25 0.666666666667 3.33333333333e-06
57.25 0.8 3.33333333333e-06
57.25 1.0 3.33333333333e-06
60.4166666667 -1.0 3.33333333333e-06
60.4166666667 -0.8 3.33333333333e-06
60.4166666667 -0.666666666667 3.33333333333e-06
60.4166666667 -0.533333333333 3.33333333333e-06
60.4166666667 -0.4 3.33333333333e-06
60.4166666667 -0.266666666667 8.13555098191e-06
60.4166666667 -0.133333333333 8.58600974915e-06
60.4166666667 0.0 3.33333333333e-06
60.4166666667 0.133333333333 3.33333333333e-06
60.4166666667 0.266666666667 3.33333333333e-06
60.4166666667 0.4 3.33333333333e-06
60.4166666667 0.533333333333 3.33333333333e-06
60.4166666667 0.666666666667 3.33333333333e-06
60.4166666667 0.8 3.33333333333e-06
60.4166666667 1.0 3.33333333333e-06
63.5833333333 -1.0 3.33333333333e-06
63.5833333333 -0.8 3.33333333333e-06
63.5833333333 -0.666666666667 3.33333333333e-06
63.5833333333 -0.533333333333 3.33333333333e-06
63.5833333333 -0.4 3.33333333333e-06
63.5833333333 -0.266666666667 3.33333333333e-06
63.5833333333 -0.133333333333 3.33333333333e-06
63.5833333333 0.0 3.33333333333e-06
63.5833333333 0.133333333333 8.58600974915e-06
63.5833333333 0.266666666667 3.33333333333e-06
63.5833333333 0.4 3.33333333333e-06
63.5833333333 0.533333333333 8.58600974915e-06
63.5833333333 0.666666666667 3.33333333333e-06
63.5833333333 0.8 3.33333333333e-06
63.5833333333 1.0 3.33333333333e-06
66.75 -1.0 3.33333333333e-06
66.75 -0.8 3.33333333333e-06
66.75 -0.666666666667 3.33333333333e-06
66.75 -0.533333333333 3.33333333333e-06
66.75 -0.4 3.33333333333e-06
66.75 -0.266666666667 3.33333333333e-06
66.75 -0.133333333333 3.33333333333e-06
66.75 0.0 3.33333333333e-06
66.75 0.133333333333 3.33333333333e-06
66.75 0.266666666667 3.33333333333e-06
66.75 0.4 3.33333333333e-06
66.75 0.533333333333 3.33333333333e-06
66.75 0.666666666667 3.33333333333e-06
66.75 0.8 3.33333333333e-06
66.75 1.0 3.33333333333e-06
69.9166666667 -1.0 8.13555098191e-06
69.9166666667 -0.8 8.58600974915e-06
69.9166666667 -0.666666666667 3.33333333333e-06
69.9166666667 -0.533333333333 8.58600974915e-06
69.9166666667 -0.4 3.33333333333e-06
69.9166666667 -0.266666666667 3.33333333333e-06
69.9166666667 -0.133333333333 3.33333333333e-06
69.9166666667 0.0 3.33333333333e-06
69.9166666667 0.133333333333 3.33333333333e-06
69.9166666667 0.266666666667 3.33333333333e-06
69.9166666667 0.4 3.33333333333e-06
69.9166666667 0.533333333333 3.33333333333e-06
69.9166666667 0.666666666667 8.58600974915e-06
69.9166666667 0.8 3.33333333333e-06
69.9166666667 1.0 3.33333333333e-06
73.0833333333 -1.0 3.33333333333e-06
73.0833333333 -0.8 3.33333333333e-06
73.0833333333 -0.666666666667 3.33333333333e-06
73.0833333333 -0.533333333333 8.58600974915e-06
73.0833333333 -0.4 3.33333333333e-06
73.0833333333 -0.266666666667 3.33333333333e-06
73.0833333333 -0.133333333333 3.33333333333e-06
73.0833333333 0.0 3.33333333333e-06
73.0833333333 0.133333333333 3.33333333333e-06
73.0833333333 0.266666666667 3.33333333333e-06
73.0833333333 0.4 3.33333333333e-06
73.0833333333 0.533333333333 3.33333333333e-06
73.0833333333 0.666666666667 3.33333333333e-06
73.0833333333 0.8 3.33333333333e-06
73.0833333333 1.0 3.33333333333e-06
76.25 -1.0 3.33333333333e-06
76.25 -0.8 3.33333333333e-06
76.25 -0.666666666667 3.33333333333e-06
76.25 -0.533333333333 3.33333333333e-06
76.25 -0.4 3.33333333333e-06
76.25 -0.266666666667 3.33333333333e-06
76.25 -0.133333333333 3.33333333333e-06
76.25 0.0 3.33333333333e-06
76.25 0.133333333333 3.33333333333e-06
76.25 0.266666666667 3.33333333333e-06
76.25 0.4 3.33333333333e-06
76.25 0.533333333333 3.33333333333e-06
76.25 0.666666666667 3.33333333333e-06
76.25 0.8 8.58600974915e-06
76.25 1.0 3.33333333333e-06
79.4166666667 -1.0 3.33333333333e-06
79.4166666667 -0.8 8.58600974915e-06
79.4166666667 -0.666666666667 3.33333333333e-06
79.4166666667 -0.533333333333 3.33333333333e-06
79.4166666667 -0.4 3.33333333333e-06
79.4166666667 -0.266666666667 3.33333333333e-06
79.4166666667 -0.133333333333 3.33333333333e-06
79.4166666667 0.0 3.33333333333e-06
79.4166666667 0.133333333333 3.33333333333e-06
79.4166666667 0.266666666667 3.33333333333e-06
79.4166666667 0.4 3.33333333333e-06
79.4166666667 0.533333333333 3.33333333333e-06
79.4166666667 0.666666666667 3.33333333333e-06
79.4166666667 0.8 3.33333333333e-06
79.4166666667 1.0 3.33333333333e-06
82.5833333333 -1.0 3.33333333333e-06
82.5833333333 -0.8 3.33333333333e-06
82.5833333333 -0.666666666667 3.33333333333e-06
82.5833333333 -0.533333333333 3.33333333333e-06
82.5833333333 -0.4 3.33333333333e-06
82.5833333333 -0.266666666667 3.33333333333e-06
82.5833333333 -0.133333333333 8.58600974915e-06
82.5833333333 0.0 3.33333333333e-06
82.5833333333 0.133333333333 3.33333333333e-06
82.5833333333 0.266666666667 3.33333333333e-06
82.5833333333 0.4 3.33333333333e-06
82.5833333333 0.533333333333 3.33333333333e-06
82.5833333333 0.666666666667 3.33333333333e-06
82.5833333333 0.8 3.33333333333e-06
82.5833333333 1.0 3.33333333333e-06
85.75 -1.0 8.58600974915e-06
85.75 -0.8 8.58600974915e-06
85.75 -0.666666666667 3.33333333333e-06
85.75 -0.533333333333 3.33333333333e-06
85.75 -0.4 3.33333333333e-06
85.75 -0.266666666667 3.33333333333e-06
85.75 -0.133333333333 3.33333333333e-06
85.75 0.0 3.33333333333e-06
85.75 0.133333333333 3.33333333333e-06
85.75 0.266666666667 3.33333333333e-06
85.75 0.4 8.58600974915e-06
85.75 0.533333333333 3.33333333333e-06
85.75 0.666666666667 3.33333333333e-06
85.75 0.8 3.33333333333e-06
85.75 1.0 3.33333333333e-06
88.9166666667 -1.0 8.58600974915e-06
88.9166666667 -0.8 3.33333333333e-06
88.9166666667 -0.666666666667 3.33333333333e-06
88.9166666667 -0.533333333333 3.33333333333e-06
88.9166666667 -0.4 3.33333333333e-06
88.9166666667 -0.266666666667 3.33333333333e-06
88.9166666667 -0.133333333333 3.33333333333e-06
88.9166666667 0.0 3.33333333333e-06
88.9166666667 0.133333333333 3.33333333333e-06
88.9166666667 0.266666666667 3.33333333333e-06
88.9166666667 0.4 3.33333333333e-06
88.9166666667 0.533333333333 3.33333333333e-06
88.9166666667 0.666666666667 3.33333333333e-06
88.9166666667 0.8 3.33333333333e-06
88.9166666667 1.0 3.33333333333e-06
92.0833333333 -1.0 3.33333333333e-06
92.0833333333 -0.8 3.33333333333e-06
92.0833333333 -0.666666666667 3.33333333333e-06
92.0833333333 -0.533333333333 3.33333333333e-06
92.0833333333 -0.4 3.33333333333e-06
92.0833333333 -0.266666666667 3.33333333333e-06
92.0833333333 -0.133333333333 8.58600974915e-06
92.0833333333 0.0 3.33333333333e-06
92.0833333333 0.133333333333 3.33333333333e-06
92.0833333333 0.266666666667 3.33333333333e-06
92.0833333333 0.4 3.33333333333e-06
92.0833333333 0.533333333333 3.33333333333e-06
92.0833333333 0.666666666667 3.33333333333e-06
92.0833333333 0.8 3.33333333333e-06
92.0833333333 1.0 3.33333333333e-06
95.25 -1.0 3.33333333333e-06
95.25 -0.8 3.33333333333e-06
95.25 -0.666666666667 3.33333333333e-06
95.25 -0.533333333333 3.33333333333e-06
95.25 -0.4 3.33333333333e-06
95.25 -0.266666666667 3.33333333333e-06
95.25 -0.133333333333 3.33333333333e-06
95.25 0.0 3.33333333333e-06
95.25 0.133333333333 3.33333333333e-06
95.25 0.266666666667 3.33333333333e-06
95.25 0.4 8.58600974915e-06
95.25 0.533333333333 3.33333333333e-06
95.25 0.666666666667 3.33333333333e-06
95.25 0.8 3.33333333333e-06
95.25 1.0 3.33333333333e-06
100.0 -1.0 3.33333333333e-06
100.0 -0.8 3.33333333333e-06
100.0 -0.666666666667 3.33333333333e-06
100.0 -0.533333333333 3.33333333333e-06
100.0 -0.4 3.33333333333e-06
100.0 -0.266666666667 3.33333333333e-06
100.0 -0.133333333333 3.33333333333e-06
100.0 0.0 3.33333333333e-06
100.0 0.133333333333 3.33333333333e-06
100.0 0.266666666667 8.58600974915e-06
100.0 0.4 3.33333333333e-06
100.0 0.533333333333 3.33333333333e-06
100.0 0.666666666667 3.33333333333e-06
100.0 0.8 3.33333333333e-06
100.0 1.0 3.33333333333e-06
