5.0 -1.0 0.0130470318795
5.0 -0.8 0.0129915233553
5.0 -0.666666666667 0.0140159883868
5.0 -0.533333333333 0.016161984075
5.0 -0.4 0.0165324721378
5.0 -0.266666666667 0.0172647540029
5.0 -0.133333333333 0.0175331466114
5.0 0.0 0.0200483294287
5.0 0.133333333333 0.0195870941638
5.0 0.266666666667 0.0200834212951
5.0 0.4 0.0208315602344
5.0 0.533333333333 0.0216450017107
5.0 0.666666666667 0.02319713317
5.0 0.8 0.0256270406154
5.0 1.0 0.0287676036491
9.75 -1.0 0.0103395063531
9.75 -0.8 0.0102893002106
9.75 -0.666666666667 0.0124909353815
9.75 -0.533333333333 0.0151564801972
9.75 -0.4 0.0163590404994
9.75 -0.266666666667 0.0169828450197
9.75 -0.133333333333 0.0177407242809
9.75 0.0 0.0186609686646
9.75 0.133333333333 0.0199916796085
9.75 0.266666666667 0.0204349934499
9.75 0.4 0.0222873435106
9.75 0.533333333333 0.0215368537643
9.75 0.666666666667 0.02230975897
9.75 0.8 0.0252857488745
9.75 1.0 0.0265153423657
12.9166666667 -1.0 0.00740618523055
12.9166666667 -0.8 0.00922360150908
12.9166666667 -0.666666666667 0.0124625480286
12.9166666667 -0.533333333333 0.0127826884342
12.9166666667 -0.4 0.0157941827491
12.9166666667 -0.266666666667 0.0166727442393
12.9166666667 -0.133333333333 0.0170065748023
12.9166666667 0.0 0.0179506598633
12.9166666667 0.133333333333 0.0202231990733
12.9166666667 0.266666666667 0.0203263810367
12.9166666667 0.4 0.0208472709754
12.9166666667 0.533333333333 0.021086187267
12.9166666667 0.666666666667 0.0219151809816
12.9166666667 0.8 0.0222813761258
12.9166666667 1.0 0.0252738631892
16.0833333333 -1.0 0.00594226742281
16.0833333333 -0.8 0.0078592441062
16.0833333333 -0.666666666667 0.00954692352112
16.0833333333 -0.533333333333 0.0107720304643
16.0833333333 -0.4 0.0133163752778
16.0833333333 -0.266666666667 0.013779685213
16.0833333333 -0.133333333333 0.015556888774
16.0833333333 0.0 0.0163178308256
16.0833333333 0.133333333333 0.0180227493211
16.0833333333 0.266666666667 0.0188616885844
16.0833333333 0.4 0.0203704432226
16.0833333333 0.533333333333 0.0208844582773
16.0833333333 0.666666666667 0.0202159464882
16.0833333333 0.8 0.0198910331059
16.0833333333 1.0 0.0228471954736
19.25 -1.0 0.00410713860438
19.25 -0.8 0.00666955101935
19.25 -0.666666666667 0.00847756652527
19.25 -0.533333333333 0.010052534808
19.25 -0.4 0.0114715934443
19.25 -0.266666666667 0.0126350225308
19.25 -0.133333333333 0.0141584565321
19.25 0.0 0.0156558988262
19.25 0.133333333333 0.0152283499087
19.25 0.266666666667 0.0168200808451
19.25 0.4 0.0187711295888
19.25 0.533333333333 0.0187621067786
19.25 0.666666666667 0.018133409755
19.25 0.8 0.017503284452
19.25 1.0 0.0177364741228
22.4166666667 -1.0 0.00286689144081
22.4166666667 -0.8 0.00462333273886
22.4166666667 -0.666666666667 0.00666858085501
22.4166666667 -0.533333333333 0.00790461516338
22.4166666667 -0.4 0.0106389027939
22.4166666667 -0.266666666667 0.0106914803834
22.4166666667 -0.133333333333 0.0124969329516
22.4166666667 0.0 0.0146241016301
22.4166666667 0.133333333333 0.0142006326942
22.4166666667 0.266666666667 0.0154117229254
22.4166666667 0.4 0.0162926518146
22.4166666667 0.533333333333 0.0166028661848
22.4166666667 0.666666666667 0.0167895549826
22.4166666667 0.8 0.0158827978269
22.4166666667 1.0 0.0171578027674
25.5833333333 -1.0 0.00230489789484
25.5833333333 -0.8 0.00386961800033
25.5833333333 -0.666666666667 0.00524412285039
25.5833333333 -0.533333333333 0.00685680671421
25.5833333333 -0.4 0.00863278551969
25.5833333333 -0.266666666667 0.00999943222455
25.5833333333 -0.133333333333 0.0107403398862
25.5833333333 0.0 0.0117530103084
25.5833333333 0.133333333333 0.012567673501
25.5833333333 0.266666666667 0.0130699151066
25.5833333333 0.4 0.0135995621733
25.5833333333 0.533333333333 0.0138517106998
25.5833333333 0.666666666667 0.0135889589715
25.5833333333 0.8 0.0136948349517
25.5833333333 1.0 0.0131876454013
28.75 -1.0 0.00172938366739
28.75 -0.8 0.00281604131833
28.75 -0.666666666667 0.00437522209174
28.75 -0.533333333333 0.00543884543979
28.75 -0.4 0.00647483962786
28.75 -0.266666666667 0.00795772681475
28.75 -0.133333333333 0.00910278402211
28.75 0.0 0.0103648095152
28.75 0.133333333333 0.011261505843
28.75 0.266666666667 0.0129158642255
28.75 0.4 0.0126633021191
28.75 0.533333333333 0.0127305081658
28.75 0.666666666667 0.0112972106454
28.75 0.8 0.0117585636177
28.75 1.0 0.0102789631651
31.9166666667 -1.0 0.00143497621742
31.9166666667 -0.8 0.00253413422731
31.9166666667 -0.666666666667 0.00357227013393
31.9166666667 -0.533333333333 0.0047184267334
31.9166666667 -0.4 0.00593318787529
31.9166666667 -0.266666666667 0.00755001491098
31.9166666667 -0.133333333333 0.00690431514104
31.9166666667 0.0 0.00835249529641
31.9166666667 0.133333333333 0.00935218986662
31.9166666667 0.266666666667 0.00986994983213
31.9166666667 0.4 0.0111996183133
31.9166666667 0.533333333333 0.0108172628909
31.9166666667 0.666666666667 0.00989548213483
31.9166666667 0.8 0.00971660789674
31.9166666667 1.0 0.00888129783605
35.0833333333 -1.0 0.00100473309863
35.0833333333 -0.8 0.00168649125828
35.0833333333 -0.666666666667 0.00304346513598
35.0833333333 -0.533333333333 0.00379394709312
35.0833333333 -0.4 0.00478901732394
35.0833333333 -0.266666666667 0.00577135689336
35.0833333333 -0.133333333333 0.00618537977112
35.0833333333 0.0 0.00715197889886
35.0833333333 0.133333333333 0.00776114333512
35.0833333333 0.266666666667 0.00883602724221
35.0833333333 0.4 0.00865991030098
35.0833333333 0.533333333333 0.00851032408781
35.0833333333 0.666666666667 0.00801547336209
35.0833333333 0.8 0.00757574556732
35.0833333333 1.0 0.007260052093
38.25 -1.0 0.000907060504114
38.25 -0.8 0.00111331465999
38.25 -0.666666666667 0.00194498409088
38.25 -0.533333333333 0.00323847208076
38.25 -0.4 0.00389254204766
38.25 -0.266666666667 0.00476389811279
38.25 -0.133333333333 0.00510325170186
38.25 0.0 0.00660416496938
38.25 0.133333333333 0.00685397145211
38.25 0.266666666667 0.00738468581805
38.25 0.4 0.00786293548716
38.25 0.533333333333 0.00736743509955
38.25 0.666666666667 0.00792100392216
38.25 0.8 0.00662997731904
38.25 1.0 0.00546899802889
41.4166666667 -1.0 0.000498666007768
41.4166666667 -0.8 0.000937430345349
41.4166666667 -0.666666666667 0.00159619182281
41.4166666667 -0.533333333333 0.0022120560214
41.4166666667 -0.4 0.0032332327152
41.4166666667 -0.266666666667 0.00378402925951
41.4166666667 -0.133333333333 0.00441703621003
41.4166666667 0.0 0.0051742057663
41.4166666667 0.133333333333 0.00628819988796
41.4166666667 0.266666666667 0.00649972705907
41.4166666667 0.4 0.00634009673159
41.4166666667 0.533333333333 0.00609004520647
41.4166666667 0.666666666667 0.00605784759826
41.4166666667 0.8 0.00536178362584
41.4166666667 1.0 0.00448446568384
44.5833333333 -1.0 0.000384861951911
44.5833333333 -0.8 0.000752600583464
44.5833333333 -0.666666666667 0.00148204945628
44.5833333333 -0.533333333333 0.00165914875617
44.5833333333 -0.4 0.00264165209308
44.5833333333 -0.266666666667 0.0032558691394
44.5833333333 -0.133333333333 0.00390807258269
44.5833333333 0.0 0.00457029788146
44.5833333333 0.133333333333 0.0050813596998
44.5833333333 0.266666666667 0.00503968122968
44.5833333333 0.4 0.00540752906011
44.5833333333 0.533333333333 0.00510208373769
44.5833333333 0.666666666667 0.00514488148903
44.5833333333 0.8 0.00510816167036
44.5833333333 1.0 0.00375950565305
47.75 -1.0 0.000252870755766
47.75 -0.8 0.000935533878957
47.75 -0.666666666667 0.0010719606703
47.75 -0.533333333333 0.00152414828324
47.75 -0.4 0.00227520714599
47.75 -0.266666666667 0.00287641771615
47.75 -0.133333333333 0.00293621983344
47.75 0.0 0.00399436493474
47.75 0.133333333333 0.00392114295317
47.75 0.266666666667 0.00409962875091
47.75 0.4 0.00437489709634
47.75 0.533333333333 0.00462893232639
47.75 0.666666666667 0.00423445293026
47.75 0.8 0.00346128116962
47.75 1.0 0.00291643023072
50.9166666667 -1.0 0.0001600242061
50.9166666667 -0.8 0.000500786174857
50.9166666667 -0.666666666667 0.000865509565182
50.9166666667 -0.533333333333 0.00104805127536
50.9166666667 -0.4 0.0013860005521
50.9166666667 -0.266666666667 0.0020036600204
50.9166666667 -0.133333333333 0.00248602514174
50.9166666667 0.0 0.00309619466013
50.9166666667 0.133333333333 0.00332860529211
50.9166666667 0.266666666667 0.00335162340856
50.9166666667 0.4 0.00383602265425
50.9166666667 0.533333333333 0.00369246804108
50.9166666667 0.666666666667 0.00369723027532
50.9166666667 0.8 0.00330091506438
50.9166666667 1.0 0.00237735687432
54.0833333333 -1.0 0.000182231342559
54.0833333333 -0.8 0.00040824566081
54.0833333333 -0.666666666667 0.000869355028595
54.0833333333 -0.533333333333 0.00111624939891
54.0833333333 -0.4 0.00106886071737
54.0833333333 -0.266666666667 0.00195612086461
54.0833333333 -0.133333333333 0.00202946513898
54.0833333333 0.0 0.00259040530401
54.0833333333 0.133333333333 0.00310887807322
54.0833333333 0.266666666667 0.00325780672531
54.0833333333 0.4 0.00329980159692
54.0833333333 0.533333333333 0.00315660300014
54.0833333333 0.666666666667 0.00259561066875
54.0833333333 0.8 0.00232244535275
54.0833333333 1.0 0.00179942771073
57.25 -1.0 2.24197373403e-05
57.25 -0.8 0.00036414072174
57.25 -0.666666666667 0.000501313625379
57.25 -0.533333333333 0.000455812576048
57.25 -0.4 0.00106892853558
57.25 -0.266666666667 0.00182394891895
57.25 -0.133333333333 0.00157928013596
57.25 0.0 0.00220928097858
57.25 0.133333333333 0.00283217371974
57.25 0.266666666667 0.0028049224443
57.25 0.4 0.00273978381575
57.25 0.533333333333 0.00261121764207
57.25 0.666666666667 0.00230330533323
57.25 0.8 0.00211752244278
57.25 1.0 0.00140996016872
60.4166666667 -1.0 4.49976310737e-05
60.4166666667 -0.8 0.00011392787739
60.4166666667 -0.666666666667 0.000249176393377
60.4166666667 -0.533333333333 0.00100200776142
60.4166666667 -0.4 0.000889903371102
60.4166666667 -0.266666666667 0.00143568043971
60.4166666667 -0.133333333333 0.0014723444547
60.4166666667 0.0 0.0017999984372
60.4166666667 0.133333333333 0.00232502285477
60.4166666667 0.266666666667 0.00241853249637
60.4166666667 0.4 0.00223848496604
60.4166666667 0.533333333333 0.00186644429089
60.4166666667 0.666666666667 0.00179737156654
60.4166666667 0.8 0.00198493257696
60.4166666667 1.0 0.00150471493198
63.5833333333 -1.0 4.6155730088e-05
63.5833333333 -0.8 0.000272883907017
63.5833333333 -0.666666666667 0.00020305463443
63.5833333333 -0.533333333333 0.000477810079925
63.5833333333 -0.4 0.00054565732077
63.5833333333 -0.266666666667 0.000752588159662
63.5833333333 -0.133333333333 0.00116526012044
63.5833333333 0.0 0.00202927577095
63.5833333333 0.133333333333 0.0013441752389
63.5833333333 0.266666666667 0.00204216368303
63.5833333333 0.4 0.00209617030733
63.5833333333 0.533333333333 0.00147973033018
63.5833333333 0.666666666667 0.0021904836235
63.5833333333 0.8 0.00146017769168
63.5833333333 1.0 0.000800098963955
66.75 -1.0 1e-05
66.75 -0.8 6.76901773287e-05
66.75 -0.666666666667 0.00027411385337
66.75 -0.533333333333 0.000660486607117
66.75 -0.4 0.000709128761174
66.75 -0.266666666667 0.000796991895466
66.75 -0.133333333333 0.000910361184248
66.75 0.0 0.00127795481256
66.75 0.133333333333 0.00156939826617
66.75 0.266666666667 0.00152697645646
66.75 0.4 0.00161626085067
66.75 0.533333333333 0.00173304518095
66.75 0.666666666667 0.00154922535196
66.75 0.8 0.00111089128764
66.75 1.0 0.000657797576095
69.9166666667 -1.0 6.7417368414e-05
69.9166666667 -0.8 0.000136704239262
69.9166666667 -0.666666666667 0.000316580055597
69.9166666667 -0.533333333333 0.000386703338957
69.9166666667 -0.4 0.000455338116689
69.9166666667 -0.266666666667 0.000752695138265
69.9166666667 -0.133333333333 0.00106744187209
69.9166666667 0.0 0.000956235878338
69.9166666667 0.133333333333 0.00118916168358
69.9166666667 0.266666666667 0.00131758519778
69.9166666667 0.4 0.00129575057835
69.9166666667 0.533333333333 0.00107360303065
69.9166666667 0.666666666667 0.00104919315742
69.9166666667 0.8 0.000821113062241
69.9166666667 1.0 0.000727942612664
73.0833333333 -1.0 1e-05
73.0833333333 -0.8 6.76966361521e-05
73.0833333333 -0.666666666667 0.000112879608326
73.0833333333 -0.533333333333 0.000273220121405
73.0833333333 -0.4 0.000589135883613
73.0833333333 -0.266666666667 0.000526388676508
73.0833333333 -0.133333333333 0.00084495881271
73.0833333333 0.0 0.000975821710227
73.0833333333 0.133333333333 0.000684380607138
73.0833333333 0.266666666667 0.00138915880053
73.0833333333 0.4 0.000917172323355
73.0833333333 0.533333333333 0.00109961594352
73.0833333333 0.666666666667 0.000937133293277
73.0833333333 0.8 0.000639192023553
73.0833333333 1.0 0.000388321273821
76.25 -1.0 1e-05
76.25 -0.8 4.62479022546e-05
76.25 -0.666666666667 0.000113856930909
76.25 -0.533333333333 0.000158777474704
76.25 -0.4 0.000182957955097
76.25 -0.266666666667 0.000389512950485
76.25 -0.133333333333 0.000432442728998
76.25 0.0 0.000709272383805
76.25 0.133333333333 0.000840139515742
76.25 0.266666666667 0.00147594649253
76.25 0.4 0.00109924197423
76.25 0.533333333333 0.00106890711199
76.25 0.666666666667 0.00111938655299
76.25 0.8 0.00054332344139
76.25 1.0 0.000502728045848
79.4166666667 -1.0 1e-05
79.4166666667 -0.8 4.49589555801e-05
79.4166666667 -0.666666666667 4.55009154059e-05
79.4166666667 -0.533333333333 0.000204643371191
79.4166666667 -0.4 0.00031949384163
79.4166666667 -0.266666666667 0.00027193306352
79.4166666667 -0.133333333333 0.000481312440121
79.4166666667 0.0 0.000566789845014
79.4166666667 0.133333333333 0.000456875740092
79.4166666667 0.266666666667 0.000680300735512
79.4166666667 0.4 0.000707284518892
79.4166666667 0.533333333333 0.000731192276852
79.4166666667 0.666666666667 0.000597929856683
79.4166666667 0.8 0.000457899988407
79.4166666667 1.0 0.000272940322728
82.5833333333 -1.0 1e-05
82.5833333333 -0.8 1e-05
82.5833333333 -0.666666666667 6.89538970949e-05
82.5833333333 -0.533333333333 0.000182000491364
82.5833333333 -0.4 0.000182889809437
82.5833333333 -0.266666666667 0.000251658197682
82.5833333333 -0.133333333333 0.000410222636134
82.5833333333 0.0 0.000617317762781
82.5833333333 0.133333333333 0.000726870596383
82.5833333333 0.266666666667 0.000661755408923
82.5833333333 0.4 0.00050036351749
82.5833333333 0.533333333333 0.000781478293182
82.5833333333 0.666666666667 0.00059021815104
82.5833333333 0.8 0.000318574173426
82.5833333333 1.0 0.000229274438863
85.75 -1.0 1e-05
85.75 -0.8 2.36063097043e-05
85.75 -0.666666666667 1e-05
85.75 -0.533333333333 6.75884424539e-05
85.75 -0.4 0.000135242051357
85.75 -0.266666666667 0.00022736495805
85.75 -0.133333333333 0.000296667201274
85.75 0.0 0.000316765520773
85.75 0.133333333333 0.000342348835861
85.75 0.266666666667 0.000664756584134
85.75 0.4 0.000503893158502
85.75 0.533333333333 0.000432163557119
85.75 0.666666666667 0.000453609984192
85.75 0.8 0.000315982480909
85.75 1.0 0.00016183996386
88.9166666667 -1.0 1e-05
88.9166666667 -0.8 1e-05
88.9166666667 -0.666666666667 2.24197373403e-05
88.9166666667 -0.533333333333 1e-05
88.9166666667 -0.4 9.13666446733e-05
88.9166666667 -0.266666666667 0.000116964457057
88.9166666667 -0.133333333333 0.000366655967405
88.9166666667 0.0 0.000273273653863
88.9166666667 0.133333333333 0.000362603301822
88.9166666667 0.266666666667 0.000524612197361
88.9166666667 0.4 0.000638239203606
88.9166666667 0.533333333333 0.000339053956583
88.9166666667 0.666666666667 0.000385851895974
88.9166666667 0.8 0.00034113762772
88.9166666667 1.0 0.000114231435343
92.0833333333 -1.0 1e-05
92.0833333333 -0.8 1e-05
92.0833333333 -0.666666666667 4.6155730088e-05
92.0833333333 -0.533333333333 4.48394746806e-05
92.0833333333 -0.4 0.000161492029244
92.0833333333 -0.266666666667 0.00022730426803
92.0833333333 -0.133333333333 0.000252447046292
92.0833333333 0.0 0.000228691206259
92.0833333333 0.133333333333 0.000433250292383
92.0833333333 0.266666666667 0.000363267861049
92.0833333333 0.4 0.000272798724613
92.0833333333 0.533333333333 0.000344666394475
92.0833333333 0.666666666667 0.000318617117372
92.0833333333 0.8 0.000251370156026
92.0833333333 1.0 0.000136244285195
95.25 -1.0 1e-05
95.25 -0.8 1e-05
95.25 -0.666666666667 1e-05
95.25 -0.533333333333 6.7549336867e-05
95.25 -0.4 0.000113355707951
95.25 -0.266666666667 0.000158472819874
95.25 -0.133333333333 0.000274884838659
95.25 0.0 0.000342833831221
95.25 0.133333333333 0.000157497297456
95.25 0.266666666667 0.000181454202963
95.25 0.4 0.000317483134965
95.25 0.533333333333 0.000385204794441
95.25 0.666666666667 0.000364256292884
95.25 0.8 0.000205403634384
95.25 1.0 0.000181591866828
100.0 -1.0 1e-05
100.0 -0.8 1e-05
100.0 -0.666666666667 1e-05
100.0 -0.533333333333 1e-05
100.0 -0.4 6.76178582545e-05
100.0 -0.266666666667 2.25843525568e-05
100.0 -0.133333333333 6.77164892445e-05
100.0 0.0 0.000160175897862
100.0 0.133333333333 0.000159240790509
100.0 0.266666666667 0.00027406726695
100.0 0.4 0.000249531341926
100.0 0.533333333333 0.000203996955181
100.0 0.666666666667 0.000208183578017
100.0 0.8 0.000272193872626
100.0 1.0 0.000113332057172
