5.0 -1.0 0.0309119946037
5.0 -0.8 0.0253829174245
5.0 -0.666666666667 0.024072200669
5.0 -0.533333333333 0.0226395758535
5.0 -0.4 0.0218132190001
5.0 -0.266666666667 0.0207396734914
5.0 -0.133333333333 0.019243234077
5.0 0.0 0.0194054842382
5.0 0.133333333333 0.0175332015336
5.0 0.266666666667 0.0173817016345
5.0 0.4 0.0164190987926
5.0 0.533333333333 0.0149453280633
5.0 0.666666666667 0.0133645985104
5.0 0.8 0.0118649792554
5.0 1.0 0.0116168775685
9.75 -1.0 0.0285241460262
9.75 -0.8 0.0236492995077
9.75 -0.666666666667 0.0228840095633
9.75 -0.533333333333 0.023682972103
9.75 -0.4 0.0224802164211
9.75 -0.266666666667 0.0207731981158
9.75 -0.133333333333 0.0211439928809
9.75 0.0 0.0190700835401
9.75 0.133333333333 0.0181355262411
9.75 0.266666666667 0.0157355711228
9.75 0.4 0.0151523039931
9.75 0.533333333333 0.0136726513245
9.75 0.666666666667 0.0122114982301
9.75 0.8 0.0108440333948
9.75 1.0 0.00842201868589
12.9166666667 -1.0 0.0276754368466
12.9166666667 -0.8 0.0243170102011
12.9166666667 -0.666666666667 0.022798784489
12.9166666667 -0.533333333333 0.0231197116393
12.9166666667 -0.4 0.0213226055551
12.9166666667 -0.266666666667 0.0199256503829
12.9166666667 -0.133333333333 0.0203879072813
12.9166666667 0.0 0.0174655772596
12.9166666667 0.133333333333 0.0162592279497
12.9166666667 0.266666666667 0.0167179790366
12.9166666667 0.4 0.0138163653581
12.9166666667 0.533333333333 0.0123771079797
12.9166666667 0.666666666667 0.0100512728153
12.9166666667 0.8 0.00786525119018
12.9166666667 1.0 0.00715275552108
16.0833333333 -1.0 0.0234252010689
16.0833333333 -0.8 0.0214143807248
16.0833333333 -0.666666666667 0.0214863166336
16.0833333333 -0.533333333333 0.021331339416
16.0833333333 -0.4 0.0199240145055
16.0833333333 -0.266666666667 0.0184025936506
16.0833333333 -0.133333333333 0.0185283449619
16.0833333333 0.0 0.0169624103522
16.0833333333 0.133333333333 0.015802946682
16.0833333333 0.266666666667 0.013513495137
16.0833333333 0.4 0.0117921872075
16.0833333333 0.533333333333 0.0105925901689
16.0833333333 0.666666666667 0.0086388806127
16.0833333333 0.8 0.00670345156794
16.0833333333 1.0 0.00566660738807
19.25 -1.0 0.0202196392502
19.25 -0.8 0.0201012505747
19.25 -0.666666666667 0.0197327258021
19.25 -0.533333333333 0.0187087952511
19.25 -0.4 0.0179999080662
19.25 -0.266666666667 0.0167154493806
19.25 -0.133333333333 0.0152078462534
19.25 0.0 0.0138354337251
19.25 0.133333333333 0.0139686025315
19.25 0.266666666667 0.0133168118391
19.25 0.4 0.0107745378452
19.25 0.533333333333 0.00968398156804
19.25 0.666666666667 0.0066943603121
19.25 0.8 0.00544982941995
19.25 1.0 0.00377342592229
22.4166666667 -1.0 0.0195673298776
22.4166666667 -0.8 0.0173201980848
22.4166666667 -0.666666666667 0.0179618803087
22.4166666667 -0.533333333333 0.015472168723
22.4166666667 -0.4 0.0169082092132
22.4166666667 -0.266666666667 0.0163175647081
22.4166666667 -0.133333333333 0.0141253502771
22.4166666667 0.0 0.0128764365152
22.4166666667 0.133333333333 0.0120409536287
22.4166666667 0.266666666667 0.0106812736671
22.4166666667 0.4 0.00949420705532
22.4166666667 0.533333333333 0.00758386748926
22.4166666667 0.666666666667 0.00548715442201
22.4166666667 0.8 0.00433115515003
22.4166666667 1.0 0.00268511803291
25.5833333333 -1.0 0.0137659304777
25.5833333333 -0.8 0.0148691003158
25.5833333333 -0.666666666667 0.0143196564369
25.5833333333 -0.533333333333 0.0147914159048
25.5833333333 -0.4 0.0145238985527
25.5833333333 -0.266666666667 0.0135705813743
25.5833333333 -0.133333333333 0.0125757716129
25.5833333333 0.0 0.0108343431941
25.5833333333 0.133333333333 0.00961314218075
25.5833333333 0.266666666667 0.00922353789124
25.5833333333 0.4 0.00773635447037
25.5833333333 0.533333333333 0.00660696961707
25.5833333333 0.666666666667 0.00515180593275
25.5833333333 0.8 0.0035078068516
25.5833333333 1.0 0.00187099939092
28.75 -1.0 0.0119463543086
28.75 -0.8 0.0128020003256
28.75 -0.666666666667 0.0135767134343
28.75 -0.533333333333 0.0125668739193
28.75 -0.4 0.0124420055398
28.75 -0.266666666667 0.011631385367
28.75 -0.133333333333 0.0115486703632
28.75 0.0 0.0102246310752
28.75 0.133333333333 0.00846608226503
28.75 0.266666666667 0.00740403345308
28.75 0.4 0.00601565016918
28.75 0.533333333333 0.00482104037089
28.75 0.666666666667 0.0039423039083
28.75 0.8 0.00233703692259
28.75 1.0 0.0014407888567
31.9166666667 -1.0 0.00936377088462
31.9166666667 -0.8 0.0100828099647
31.9166666667 -0.666666666667 0.0102605735463
31.9166666667 -0.533333333333 0.0108718933244
31.9166666667 -0.4 0.0108809374467
31.9166666667 -0.266666666667 0.00970253967489
31.9166666667 -0.133333333333 0.00933256457672
31.9166666667 0.0 0.00899449228629
31.9166666667 0.133333333333 0.00862902003303
31.9166666667 0.266666666667 0.00640619023639
31.9166666667 0.4 0.00540448341164
31.9166666667 0.533333333333 0.0044841811485
31.9166666667 0.666666666667 0.00298833192214
31.9166666667 0.8 0.00203387024067
31.9166666667 1.0 0.00129657060926
35.0833333333 -1.0 0.00856542800287
35.0833333333 -0.8 0.00790816357947
35.0833333333 -0.666666666667 0.008888731858
35.0833333333 -0.533333333333 0.00916448215762
35.0833333333 -0.4 0.00893575833107
35.0833333333 -0.266666666667 0.00837042893208
35.0833333333 -0.133333333333 0.00744947098653
35.0833333333 0.0 0.00797814046924
35.0833333333 0.133333333333 0.00616096845182
35.0833333333 0.266666666667 0.00506551424028
35.0833333333 0.4 0.00426049381448
35.0833333333 0.533333333333 0.00342721674039
35.0833333333 0.666666666667 0.00182342959129
35.0833333333 0.8 0.00116059228858
35.0833333333 1.0 0.000886226018086
38.25 -1.0 0.00628460925011
38.25 -0.8 0.00793259263552
38.25 -0.666666666667 0.00783721208787
38.25 -0.533333333333 0.00764083981528
38.25 -0.4 0.00797799004904
38.25 -0.266666666667 0.00640450089272
38.25 -0.133333333333 0.00708444131411
38.25 0.0 0.00583463665738
38.25 0.133333333333 0.00538724148591
38.25 0.266666666667 0.0040802844127
38.25 0.4 0.00362905762592
38.25 0.533333333333 0.00297981497745
38.25 0.666666666667 0.00217073469036
38.25 0.8 0.0012907250575
38.25 1.0 0.00052201434253
41.4166666667 -1.0 0.00488725649896
41.4166666667 -0.8 0.00569803177507
41.4166666667 -0.666666666667 0.00636428150182
41.4166666667 -0.533333333333 0.00687785188448
41.4166666667 -0.4 0.00673854198841
41.4166666667 -0.266666666667 0.00634908829065
41.4166666667 -0.133333333333 0.00571777324276
41.4166666667 0.0 0.00530422127031
41.4166666667 0.133333333333 0.00432939346344
41.4166666667 0.266666666667 0.00316020795196
41.4166666667 0.4 0.00291791743851
41.4166666667 0.533333333333 0.00207889497099
41.4166666667 0.666666666667 0.00134167558852
41.4166666667 0.8 0.000798423261025
41.4166666667 1.0 0.000411454814501
44.5833333333 -1.0 0.00471292969038
44.5833333333 -0.8 0.0049219467214
44.5833333333 -0.666666666667 0.00510080001712
44.5833333333 -0.533333333333 0.00628130299012
44.5833333333 -0.4 0.00592900460018
44.5833333333 -0.266666666667 0.0049043139794
44.5833333333 -0.133333333333 0.00472597158112
44.5833333333 0.0 0.00403322364786
44.5833333333 0.133333333333 0.00378397870932
44.5833333333 0.266666666667 0.00309830773954
44.5833333333 0.4 0.00209540247365
44.5833333333 0.533333333333 0.00152526378141
44.5833333333 0.666666666667 0.00120438943525
44.5833333333 0.8 0.000684875832709
44.5833333333 1.0 0.000296043784737
47.75 -1.0 0.00385183536081
47.75 -0.8 0.00471672937308
47.75 -0.666666666667 0.00394567071919
47.75 -0.533333333333 0.00433276413956
47.75 -0.4 0.00435345717173
47.75 -0.266666666667 0.00419789726826
47.75 -0.133333333333 0.00352755199429
47.75 0.0 0.00333193781012
47.75 0.133333333333 0.00352725328469
47.75 0.266666666667 0.0023686142405
47.75 0.4 0.00200126303456
47.75 0.533333333333 0.00180158716253
47.75 0.666666666667 0.00083953948982
47.75 0.8 0.000475743701284
47.75 1.0 0.000231643925588
50.9166666667 -1.0 0.00326056336661
50.9166666667 -0.8 0.00366798097253
50.9166666667 -0.666666666667 0.00368940637112
50.9166666667 -0.533333333333 0.00413619397923
50.9166666667 -0.4 0.00391559094775
50.9166666667 -0.266666666667 0.00317436134481
50.9166666667 -0.133333333333 0.00327776678509
50.9166666667 0.0 0.00298455177108
50.9166666667 0.133333333333 0.00223427933573
50.9166666667 0.266666666667 0.00161821209476
50.9166666667 0.4 0.00120929442565
50.9166666667 0.533333333333 0.000889457960155
50.9166666667 0.666666666667 0.000594096599861
50.9166666667 0.8 0.000364838573342
50.9166666667 1.0 0.000113878678156
54.0833333333 -1.0 0.00200284068091
54.0833333333 -0.8 0.00259610694579
54.0833333333 -0.666666666667 0.0036974480182
54.0833333333 -0.533333333333 0.0030693197299
54.0833333333 -0.4 0.00347027213916
54.0833333333 -0.266666666667 0.00276004152581
54.0833333333 -0.133333333333 0.00262047482341
54.0833333333 0.0 0.00239128040424
54.0833333333 0.133333333333 0.00211628547063
54.0833333333 0.266666666667 0.00157266530723
54.0833333333 0.4 0.00143316237423
54.0833333333 0.533333333333 0.00086864364924
54.0833333333 0.666666666667 0.000770748264305
54.0833333333 0.8 0.000345738872922
54.0833333333 1.0 4.64783776721e-05
57.25 -1.0 0.00161855189254
57.25 -0.8 0.00246115012315
57.25 -0.666666666667 0.00268016201228
57.25 -0.533333333333 0.00277581261316
57.25 -0.4 0.00285716793574
57.25 -0.266666666667 0.00269149206627
57.25 -0.133333333333 0.00230227808282
57.25 0.0 0.00216842439498
57.25 0.133333333333 0.00162151978002
57.25 0.266666666667 0.00132059929705
57.25 0.4 0.000908472266331
57.25 0.533333333333 0.000796418643844
57.25 0.666666666667 0.000456176263309
57.25 0.8 0.000140514984679
57.25 1.0 4.52704399884e-05
60.4166666667 -1.0 0.00179939188847
60.4166666667 -0.8 0.00202779677801
60.4166666667 -0.666666666667 0.00253414218279
60.4166666667 -0.533333333333 0.00217164892083
60.4166666667 -0.4 0.00218584162352
60.4166666667 -0.266666666667 0.00256910627262
60.4166666667 -0.133333333333 0.00193930954226
60.4166666667 0.0 0.00160051025195
60.4166666667 0.133333333333 0.00138252763791
60.4166666667 0.266666666667 0.00111322770548
60.4166666667 0.4 0.000682011854887
60.4166666667 0.533333333333 0.000661213601239
60.4166666667 0.666666666667 0.000295501357717
60.4166666667 0.8 0.000158756188894
60.4166666667 1.0 2.25542429543e-05
63.5833333333 -1.0 0.00152727510123
63.5833333333 -0.8 0.00173118477111
63.5833333333 -0.666666666667 0.00168599375468
63.5833333333 -0.533333333333 0.00161127002106
63.5833333333 -0.4 0.00225550304066
63.5833333333 -0.266666666667 0.00214309821354
63.5833333333 -0.133333333333 0.00183103455776
63.5833333333 0.0 0.000999757493305
63.5833333333 0.133333333333 0.00098324977952
63.5833333333 0.266666666667 0.000706437369619
63.5833333333 0.4 0.000636824311894
63.5833333333 0.533333333333 0.000362303647611
63.5833333333 0.666666666667 0.000250010466456
63.5833333333 0.8 0.000159050487154
63.5833333333 1.0 2.2692546255e-05
66.75 -1.0 0.000869176533522
66.75 -0.8 0.00145320018531
66.75 -0.666666666667 0.00153063884765
66.75 -0.533333333333 0.00148207300448
66.75 -0.4 0.00166222956661
66.75 -0.266666666667 0.00158834147319
66.75 -0.133333333333 0.00138820171607
66.75 0.0 0.00152631521796
66.75 0.133333333333 0.0010705397469
66.75 0.266666666667 0.000547201023031
66.75 0.4 0.000635150051951
66.75 0.533333333333 0.000525539433567
66.75 0.666666666667 0.000135467558713
66.75 0.8 4.62479022546e-05
66.75 1.0 1e-05
69.9166666667 -1.0 0.000730394872358
69.9166666667 -0.8 0.00109913416637
69.9166666667 -0.666666666667 0.00123029266915
69.9166666667 -0.533333333333 0.00180240239426
69.9166666667 -0.4 0.00115800366935
69.9166666667 -0.266666666667 0.00118145120341
69.9166666667 -0.133333333333 0.00106950712788
69.9166666667 0.0 0.00106903436172
69.9166666667 0.133333333333 0.000431685236036
69.9166666667 0.266666666667 0.00084266478587
69.9166666667 0.4 0.00049957055356
69.9166666667 0.533333333333 0.000250195931582
69.9166666667 0.666666666667 0.000113829885885
69.9166666667 0.8 0.000135298472875
69.9166666667 1.0 1e-05
73.0833333333 -1.0 0.000501977838915
73.0833333333 -0.8 0.000775501755358
73.0833333333 -0.666666666667 0.000888703181655
73.0833333333 -0.533333333333 0.00123343175954
73.0833333333 -0.4 0.000824837316248
73.0833333333 -0.266666666667 0.00128235592145
73.0833333333 -0.133333333333 0.00107171110678
73.0833333333 0.0 0.000885253836541
73.0833333333 0.133333333333 0.000752082414837
73.0833333333 0.266666666667 0.000455300590677
73.0833333333 0.4 0.000433658940797
73.0833333333 0.533333333333 0.000248714235802
73.0833333333 0.666666666667 4.53862628843e-05
73.0833333333 0.8 4.61605526586e-05
73.0833333333 1.0 1e-05
76.25 -1.0 0.000589933548195
76.25 -0.8 0.000798045990168
76.25 -0.666666666667 0.00107422172521
76.25 -0.533333333333 0.00122990686103
76.25 -0.4 0.00109437791657
76.25 -0.266666666667 0.00104551609782
76.25 -0.133333333333 0.00077154512354
76.25 0.0 0.000754165867124
76.25 0.133333333333 0.000498227950247
76.25 0.266666666667 0.000322493203665
76.25 0.4 0.000204354244478
76.25 0.533333333333 0.000116241790058
76.25 0.666666666667 0.000114972696476
76.25 0.8 4.51321366877e-05
76.25 1.0 2.36063097043e-05
79.4166666667 -1.0 0.000274854559787
79.4166666667 -0.8 0.0005450205396
79.4166666667 -0.666666666667 0.000661053814401
79.4166666667 -0.533333333333 0.000618727212266
79.4166666667 -0.4 0.000751390866971
79.4166666667 -0.266666666667 0.000637985536355
79.4166666667 -0.133333333333 0.000549397947827
79.4166666667 0.0 0.000522298523228
79.4166666667 0.133333333333 0.000411652225885
79.4166666667 0.266666666667 0.000390083389418
79.4166666667 0.4 0.000295535837931
79.4166666667 0.533333333333 0.000112899461419
79.4166666667 0.666666666667 1e-05
79.4166666667 0.8 6.81559565416e-05
79.4166666667 1.0 1e-05
82.5833333333 -1.0 0.000296228606768
82.5833333333 -0.8 0.000549337112366
82.5833333333 -0.666666666667 0.000687098326217
82.5833333333 -0.533333333333 0.00068474041418
82.5833333333 -0.4 0.000570347472665
82.5833333333 -0.266666666667 0.000660503064598
82.5833333333 -0.133333333333 0.000456109029934
82.5833333333 0.0 0.000522004191094
82.5833333333 0.133333333333 0.00041353059644
82.5833333333 0.266666666667 0.000271914073949
82.5833333333 0.4 0.000297034343739
82.5833333333 0.533333333333 0.00011273014185
82.5833333333 0.666666666667 1e-05
82.5833333333 0.8 1e-05
82.5833333333 1.0 1e-05
85.75 -1.0 0.000136665563769
85.75 -0.8 0.000437666642076
85.75 -0.666666666667 0.000409797877368
85.75 -0.533333333333 0.000659648999136
85.75 -0.4 0.000636284488416
85.75 -0.266666666667 0.000431034689108
85.75 -0.133333333333 0.000433242127413
85.75 0.0 0.000275794064975
85.75 0.133333333333 0.000204936654819
85.75 0.266666666667 0.000180487473779
85.75 0.4 2.2692546255e-05
85.75 0.533333333333 8.99716113683e-05
85.75 0.666666666667 2.36063097043e-05
85.75 0.8 1e-05
85.75 1.0 1e-05
88.9166666667 -1.0 0.000226662316679
88.9166666667 -0.8 0.000364884396097
88.9166666667 -0.666666666667 0.000459057963445
88.9166666667 -0.533333333333 0.000523192551803
88.9166666667 -0.4 0.000452719281667
88.9166666667 -0.266666666667 0.000477203376249
88.9166666667 -0.133333333333 0.000387564490583
88.9166666667 0.0 0.000388869822508
88.9166666667 0.133333333333 0.000114990146284
88.9166666667 0.266666666667 0.000181265733432
88.9166666667 0.4 1e-05
88.9166666667 0.533333333333 1e-05
88.9166666667 0.666666666667 1e-05
88.9166666667 0.8 1e-05
88.9166666667 1.0 1e-05
92.0833333333 -1.0 0.000114119886706
92.0833333333 -0.8 0.000319096213785
92.0833333333 -0.666666666667 0.000318588391485
92.0833333333 -0.533333333333 0.00038687911735
92.0833333333 -0.4 0.000296543337618
92.0833333333 -0.266666666667 0.000528415970936
92.0833333333 -0.133333333333 0.000294504245893
92.0833333333 0.0 0.000276455987637
92.0833333333 0.133333333333 0.000182810828004
92.0833333333 0.266666666667 0.000159196155944
92.0833333333 0.4 0.000159494485827
92.0833333333 0.533333333333 1e-05
92.0833333333 0.666666666667 4.50399645211e-05
92.0833333333 0.8 1e-05
92.0833333333 1.0 1e-05
95.25 -1.0 9.13201377623e-05
95.25 -0.8 0.000295181075102
95.25 -0.666666666667 0.000387972432539
95.25 -0.533333333333 0.000318839265433
95.25 -0.4 0.000316320337356
95.25 -0.266666666667 0.000317995988393
95.25 -0.133333333333 0.000431697557441
95.25 0.0 0.000228322209263
95.25 0.133333333333 9.00975510912e-05
95.25 0.266666666667 0.00015957958365
95.25 0.4 2.24857215668e-05
95.25 0.533333333333 6.76901773287e-05
95.25 0.666666666667 2.24857215668e-05
95.25 0.8 1e-05
95.25 1.0 1e-05
100.0 -1.0 0.000115088777274
100.0 -0.8 0.000182132626252
100.0 -0.666666666667 0.00031974717318
100.0 -0.533333333333 0.000320051392109
100.0 -0.4 0.000203856421572
100.0 -0.266666666667 0.000225501416795
100.0 -0.133333333333 0.000251720052219
100.0 0.0 0.00011291828382
100.0 0.133333333333 4.51385955111e-05
100.0 0.266666666667 2.24857215668e-05
100.0 0.4 1e-05
100.0 0.533333333333 1e-05
100.0 0.666666666667 1e-05
100.0 0.8 1e-05
100.0 1.0 1e-05
