5.0 -1.0 0.024215283372
5.0 -0.8 0.025615242744
5.0 -0.666666666667 0.0282034857731
5.0 -0.533333333333 0.029745878161
5.0 -0.4 0.0313393409339
5.0 -0.266666666667 0.0318959240625
5.0 -0.133333333333 0.035577923692
5.0 0.0 0.0363063641191
5.0 0.133333333333 0.0366837737848
5.0 0.266666666667 0.0387173509078
5.0 0.4 0.0378695886261
5.0 0.533333333333 0.0361186396979
5.0 0.666666666667 0.0365372105304
5.0 0.8 0.0351224277565
5.0 1.0 0.0380889041382
9.75 -1.0 0.0157396285188
9.75 -0.8 0.0192162952871
9.75 -0.666666666667 0.0218340862033
9.75 -0.533333333333 0.0253340758615
9.75 -0.4 0.0275053280297
9.75 -0.266666666667 0.0289928364751
9.75 -0.133333333333 0.0334859756013
9.75 0.0 0.0334558498647
9.75 0.133333333333 0.0334613424879
9.75 0.266666666667 0.0338344562546
9.75 0.4 0.0325995271895
9.75 0.533333333333 0.0322009854384
9.75 0.666666666667 0.0307575775649
9.75 0.8 0.0284415695416
9.75 1.0 0.0263137638699
12.9166666667 -1.0 0.01055422223
12.9166666667 -0.8 0.0126783378893
12.9166666667 -0.666666666667 0.0173025494905
12.9166666667 -0.533333333333 0.0215593285375
12.9166666667 -0.4 0.0240288478961
12.9166666667 -0.266666666667 0.0271990405715
12.9166666667 -0.133333333333 0.0274085575859
12.9166666667 0.0 0.030263216886
12.9166666667 0.133333333333 0.0287417228341
12.9166666667 0.266666666667 0.0293236242674
12.9166666667 0.4 0.0291909860066
12.9166666667 0.533333333333 0.0269681155871
12.9166666667 0.666666666667 0.0246367880637
12.9166666667 0.8 0.0225796188503
12.9166666667 1.0 0.0188657848964
16.0833333333 -1.0 0.00707712809881
16.0833333333 -0.8 0.00994778897509
16.0833333333 -0.666666666667 0.012330087105
16.0833333333 -0.533333333333 0.0155488984632
16.0833333333 -0.4 0.0195212271655
16.0833333333 -0.266666666667 0.0206619496391
16.0833333333 -0.133333333333 0.0226447123495
16.0833333333 0.0 0.0247478962226
16.0833333333 0.133333333333 0.0252422356249
16.0833333333 0.266666666667 0.025050950861
16.0833333333 0.4 0.024705957167
16.0833333333 0.533333333333 0.0225568747515
16.0833333333 0.666666666667 0.0186542013811
16.0833333333 0.8 0.0169740070559
16.0833333333 1.0 0.0151057192379
19.25 -1.0 0.00408702057855
19.25 -0.8 0.00705183498949
19.25 -0.666666666667 0.00868992127151
19.25 -0.533333333333 0.0120287478654
19.25 -0.4 0.01473169897
19.25 -0.266666666667 0.0179585890469
19.25 -0.133333333333 0.018608474333
19.25 0.0 0.0185882354216
19.25 0.133333333333 0.0197071386535
19.25 0.266666666667 0.0198918093211
19.25 0.4 0.0187910546288
19.25 0.533333333333 0.0169963521389
19.25 0.666666666667 0.015997110515
19.25 0.8 0.0123718707139
19.25 1.0 0.00987969049809
22.4166666667 -1.0 0.0027540699009
22.4166666667 -0.8 0.00459967635212
22.4166666667 -0.666666666667 0.00742887705681
22.4166666667 -0.533333333333 0.00947687621951
22.4166666667 -0.4 0.0113937706992
22.4166666667 -0.266666666667 0.0130968829522
22.4166666667 -0.133333333333 0.014150917098
22.4166666667 0.0 0.0153883982827
22.4166666667 0.133333333333 0.0162029558361
22.4166666667 0.266666666667 0.0171407416644
22.4166666667 0.4 0.0143397905733
22.4166666667 0.533333333333 0.0140802856706
22.4166666667 0.666666666667 0.0113254534082
22.4166666667 0.8 0.00948185594121
22.4166666667 1.0 0.0053923338301
25.5833333333 -1.0 0.00205411648871
25.5833333333 -0.8 0.00289634585664
25.5833333333 -0.666666666667 0.00431888796575
25.5833333333 -0.533333333333 0.00663218306684
25.5833333333 -0.4 0.00863985556959
25.5833333333 -0.266666666667 0.00959563616211
25.5833333333 -0.133333333333 0.0107854807818
25.5833333333 0.0 0.0113691420937
25.5833333333 0.133333333333 0.0119507656738
25.5833333333 0.266666666667 0.0123326657877
25.5833333333 0.4 0.0114630181491
25.5833333333 0.533333333333 0.00931382462229
25.5833333333 0.666666666667 0.00868539536848
25.5833333333 0.8 0.00716638901741
25.5833333333 1.0 0.00385204188494
28.75 -1.0 0.000746250877408
28.75 -0.8 0.0021495049201
28.75 -0.666666666667 0.00294236669088
28.75 -0.533333333333 0.00455302800534
28.75 -0.4 0.00597972402712
28.75 -0.266666666667 0.00775146823189
28.75 -0.133333333333 0.00866223806583
28.75 0.0 0.00896577252584
28.75 0.133333333333 0.00901318128247
28.75 0.266666666667 0.00866124191768
28.75 0.4 0.00789066746026
28.75 0.533333333333 0.00777479701574
28.75 0.666666666667 0.00586286071737
28.75 0.8 0.00394511320306
28.75 1.0 0.0025232165329
31.9166666667 -1.0 0.000513626092367
31.9166666667 -0.8 0.00123786421136
31.9166666667 -0.666666666667 0.00273202113159
31.9166666667 -0.533333333333 0.00310539633092
31.9166666667 -0.4 0.00394575617644
31.9166666667 -0.266666666667 0.00502091699647
31.9166666667 -0.133333333333 0.00546605853002
31.9166666667 0.0 0.0068892645677
31.9166666667 0.133333333333 0.00674832851082
31.9166666667 0.266666666667 0.00660737940698
31.9166666667 0.4 0.00595477530407
31.9166666667 0.533333333333 0.00553449061526
31.9166666667 0.666666666667 0.00478627408212
31.9166666667 0.8 0.00366608061364
31.9166666667 1.0 0.00166046028175
35.0833333333 -1.0 0.000397814007008
35.0833333333 -0.8 0.000864897581615
35.0833333333 -0.666666666667 0.00142471552049
35.0833333333 -0.533333333333 0.00219414152557
35.0833333333 -0.4 0.00301306084084
35.0833333333 -0.266666666667 0.00422594600676
35.0833333333 -0.133333333333 0.0044838308819
35.0833333333 0.0 0.00490583567537
35.0833333333 0.133333333333 0.00488048361346
35.0833333333 0.266666666667 0.00501657691907
35.0833333333 0.4 0.0047390026937
35.0833333333 0.533333333333 0.00413252671439
35.0833333333 0.666666666667 0.00338610297971
35.0833333333 0.8 0.00203292554457
35.0833333333 1.0 0.00147130450258
38.25 -1.0 0.000187162924486
38.25 -0.8 0.000746600719002
38.25 -0.666666666667 0.000934717614535
38.25 -0.533333333333 0.00135526124704
38.25 -0.4 0.0023114534656
38.25 -0.266666666667 0.00250031373225
38.25 -0.133333333333 0.00378048542777
38.25 0.0 0.00364096260417
38.25 0.133333333333 0.00387526762489
38.25 0.266666666667 0.00392360260828
38.25 0.4 0.00312740766086
38.25 0.533333333333 0.00273147776018
38.25 0.666666666667 0.00163313792122
38.25 0.8 0.00154124244809
38.25 1.0 0.000652260996075
41.4166666667 -1.0 0.000116897732555
41.4166666667 -0.8 0.000256495292641
41.4166666667 -0.666666666667 0.000770604109556
41.4166666667 -0.533333333333 0.000934102760138
41.4166666667 -0.4 0.00149415012752
41.4166666667 -0.266666666667 0.00163436246885
41.4166666667 -0.133333333333 0.00207632113451
41.4166666667 0.0 0.00273092271441
41.4166666667 0.133333333333 0.00331529246819
41.4166666667 0.266666666667 0.0031731465792
41.4166666667 0.4 0.00205475691712
41.4166666667 0.533333333333 0.00186737082013
41.4166666667 0.666666666667 0.00158696509908
41.4166666667 0.8 0.000933711557855
41.4166666667 1.0 0.000513609960915
44.5833333333 -1.0 6.99036162269e-05
44.5833333333 -0.8 0.000140237480395
44.5833333333 -0.666666666667 0.000396470412525
44.5833333333 -0.533333333333 0.000817918770492
44.5833333333 -0.4 0.00137749726824
44.5833333333 -0.266666666667 0.00140084311855
44.5833333333 -0.133333333333 0.00170559886119
44.5833333333 0.0 0.00184569227875
44.5833333333 0.133333333333 0.00165758858643
44.5833333333 0.266666666667 0.00210214584592
44.5833333333 0.4 0.00179897131576
44.5833333333 0.533333333333 0.00170490993875
44.5833333333 0.666666666667 0.00100379080239
44.5833333333 0.8 0.000701004994645
44.5833333333 1.0 0.000279523356458
47.75 -1.0 2.32243680391e-05
47.75 -0.8 0.000116759249996
47.75 -0.666666666667 0.000186313016447
47.75 -0.533333333333 0.00042000535952
47.75 -0.4 0.000583342346187
47.75 -0.266666666667 0.000794624122202
47.75 -0.133333333333 0.000746847883964
47.75 0.0 0.00137741473946
47.75 0.133333333333 0.00149463727955
47.75 0.266666666667 0.00140108181704
47.75 0.4 0.00107375590688
47.75 0.533333333333 0.000886759497421
47.75 0.666666666667 0.000817591653381
47.75 0.8 0.000537456968569
47.75 1.0 0.000139928662025
50.9166666667 -1.0 1e-05
50.9166666667 -0.8 9.346870942e-05
50.9166666667 -0.666666666667 0.000163220091716
50.9166666667 -0.533333333333 0.000373196990159
50.9166666667 -0.4 0.000629530396312
50.9166666667 -0.266666666667 0.000770690311681
50.9166666667 -0.133333333333 0.00112094987421
50.9166666667 0.0 0.000863703044819
50.9166666667 0.133333333333 0.00112142209083
50.9166666667 0.266666666667 0.00100358353839
50.9166666667 0.4 0.000957667473237
50.9166666667 0.533333333333 0.000724164887719
50.9166666667 0.666666666667 0.00067733689096
50.9166666667 0.8 0.000373876658339
50.9166666667 1.0 0.000116409977796
54.0833333333 -1.0 1e-05
54.0833333333 -0.8 4.65700659458e-05
54.0833333333 -0.666666666667 7.01505629392e-05
54.0833333333 -0.533333333333 0.000186561602349
54.0833333333 -0.4 0.00035012837458
54.0833333333 -0.266666666667 0.000490495764163
54.0833333333 -0.133333333333 0.000654542392855
54.0833333333 0.0 0.000629211403031
54.0833333333 0.133333333333 0.000677622085409
54.0833333333 0.266666666667 0.000607111816173
54.0833333333 0.4 0.000608182287432
54.0833333333 0.533333333333 0.000419949255944
54.0833333333 0.666666666667 0.000466895422713
54.0833333333 0.8 4.66277381244e-05
54.0833333333 1.0 4.68994267848e-05
57.25 -1.0 1e-05
57.25 -0.8 1e-05
57.25 -0.666666666667 6.97704101259e-05
57.25 -0.533333333333 0.000163478477664
57.25 -0.4 0.000326700072324
57.25 -0.266666666667 0.000234008807983
57.25 -0.133333333333 0.000536597710905
57.25 0.0 0.000537396146531
57.25 0.133333333333 0.000351295573033
57.25 0.266666666667 0.000606825939069
57.25 0.4 0.000490532753877
57.25 0.533333333333 0.000280425137054
57.25 0.666666666667 0.000256519489434
57.25 0.8 0.000140027548841
57.25 1.0 2.34033700853e-05
60.4166666667 -1.0 1e-05
60.4166666667 -0.8 1e-05
60.4166666667 -0.666666666667 2.34033700853e-05
60.4166666667 -0.533333333333 9.34996389282e-05
60.4166666667 -0.4 0.000233556376177
60.4166666667 -0.266666666667 0.000187142857246
60.4166666667 -0.133333333333 0.000327014054808
60.4166666667 0.0 0.000397186073297
60.4166666667 0.133333333333 0.000326959756444
60.4166666667 0.266666666667 0.000279942471699
60.4166666667 0.4 0.000421178509001
60.4166666667 0.533333333333 0.00030290386834
60.4166666667 0.666666666667 0.000186911639179
60.4166666667 0.8 0.000116865163857
60.4166666667 1.0 1e-05
63.5833333333 -1.0 1e-05
63.5833333333 -0.8 1e-05
63.5833333333 -0.666666666667 2.32243680391e-05
63.5833333333 -0.533333333333 4.68763240261e-05
63.5833333333 -0.4 0.000139993865077
63.5833333333 -0.266666666667 0.000140143711952
63.5833333333 -0.133333333333 0.00021048171943
63.5833333333 0.0 0.000186955618879
63.5833333333 0.133333333333 0.000163821390914
63.5833333333 0.266666666667 0.000326905586387
63.5833333333 0.4 0.000163474667461
63.5833333333 0.533333333333 0.000163627983221
63.5833333333 0.666666666667 0.000186985580599
63.5833333333 0.8 6.98950713883e-05
63.5833333333 1.0 1e-05
66.75 -1.0 1e-05
66.75 -0.8 1e-05
66.75 -0.666666666667 1e-05
66.75 -0.533333333333 1e-05
66.75 -0.4 0.000116545131168
66.75 -0.266666666667 0.000140155784357
66.75 -0.133333333333 9.31856918881e-05
66.75 0.0 0.000279835087169
66.75 0.133333333333 0.000256962296554
66.75 0.266666666667 0.00018685486913
66.75 0.4 7.00499255358e-05
66.75 0.533333333333 7.01237948239e-05
66.75 0.666666666667 9.36199893132e-05
66.75 0.8 1e-05
66.75 1.0 1e-05
69.9166666667 -1.0 1e-05
69.9166666667 -0.8 1e-05
69.9166666667 -0.666666666667 1e-05
69.9166666667 -0.533333333333 2.33456979067e-05
69.9166666667 -0.4 1e-05
69.9166666667 -0.266666666667 4.69226673332e-05
69.9166666667 -0.133333333333 1e-05
69.9166666667 0.0 0.0001865244169
69.9166666667 0.133333333333 4.66362362755e-05
69.9166666667 0.266666666667 0.000186995827642
69.9166666667 0.4 0.000116821266288
69.9166666667 0.533333333333 2.33250054425e-05
69.9166666667 0.666666666667 0.000116159722927
69.9166666667 0.8 1e-05
69.9166666667 1.0 1e-05
73.0833333333 -1.0 1e-05
73.0833333333 -0.8 1e-05
73.0833333333 -0.666666666667 1e-05
73.0833333333 -0.533333333333 1e-05
73.0833333333 -0.4 9.36717353252e-05
73.0833333333 -0.266666666667 4.63670400406e-05
73.0833333333 -0.133333333333 7.01505629392e-05
73.0833333333 0.0 9.33853042675e-05
73.0833333333 0.133333333333 2.33456979067e-05
73.0833333333 0.266666666667 4.68763240261e-05
73.0833333333 0.4 0.000116841923309
73.0833333333 0.533333333333 6.96887140883e-05
73.0833333333 0.666666666667 1e-05
73.0833333333 0.8 1e-05
73.0833333333 1.0 1e-05
76.25 -1.0 1e-05
76.25 -0.8 1e-05
76.25 -0.666666666667 1e-05
76.25 -0.533333333333 1e-05
76.25 -0.4 2.33526035558e-05
76.25 -0.266666666667 2.32243680391e-05
76.25 -0.133333333333 2.31426720015e-05
76.25 0.0 1e-05
76.25 0.133333333333 1e-05
76.25 0.266666666667 9.33527822574e-05
76.25 0.4 4.69459078817e-05
76.25 0.533333333333 2.32243680391e-05
76.25 0.666666666667 1e-05
76.25 0.8 1e-05
76.25 1.0 1e-05
79.4166666667 -1.0 1e-05
79.4166666667 -0.8 1e-05
79.4166666667 -0.666666666667 1e-05
79.4166666667 -0.533333333333 1e-05
79.4166666667 -0.4 1e-05
79.4166666667 -0.266666666667 4.66277381244e-05
79.4166666667 -0.133333333333 1e-05
79.4166666667 0.0 2.34497133924e-05
79.4166666667 0.133333333333 4.68530834777e-05
79.4166666667 0.266666666667 1e-05
79.4166666667 0.4 1e-05
79.4166666667 0.533333333333 1e-05
79.4166666667 0.666666666667 1e-05
79.4166666667 0.8 1e-05
79.4166666667 1.0 1e-05
82.5833333333 -1.0 1e-05
82.5833333333 -0.8 1e-05
82.5833333333 -0.666666666667 1e-05
82.5833333333 -0.533333333333 1e-05
82.5833333333 -0.4 1e-05
82.5833333333 -0.266666666667 1e-05
82.5833333333 -0.133333333333 1e-05
82.5833333333 0.0 1e-05
82.5833333333 0.133333333333 1e-05
82.5833333333 0.266666666667 1e-05
82.5833333333 0.4 1e-05
82.5833333333 0.533333333333 1e-05
82.5833333333 0.666666666667 1e-05
82.5833333333 0.8 1e-05
82.5833333333 1.0 1e-05
85.75 -1.0 1e-05
85.75 -0.8 1e-05
85.75 -0.666666666667 1e-05
85.75 -0.533333333333 1e-05
85.75 -0.4 1e-05
85.75 -0.266666666667 1e-05
85.75 -0.133333333333 1e-05
85.75 0.0 1e-05
85.75 0.133333333333 1e-05
85.75 0.266666666667 1e-05
85.75 0.4 1e-05
85.75 0.533333333333 1e-05
85.75 0.666666666667 1e-05
85.75 0.8 1e-05
85.75 1.0 1e-05
88.9166666667 -1.0 1e-05
88.9166666667 -0.8 1e-05
88.9166666667 -0.666666666667 1e-05
88.9166666667 -0.533333333333 1e-05
88.9166666667 -0.4 1e-05
88.9166666667 -0.266666666667 1e-05
88.9166666667 -0.133333333333 1e-05
88.9166666667 0.0 1e-05
88.9166666667 0.133333333333 1e-05
88.9166666667 0.266666666667 1e-05
88.9166666667 0.4 1e-05
88.9166666667 0.533333333333 1e-05
88.9166666667 0.666666666667 1e-05
88.9166666667 0.8 1e-05
88.9166666667 1.0 1e-05
92.0833333333 -1.0 1e-05
92.0833333333 -0.8 1e-05
92.0833333333 -0.666666666667 1e-05
92.0833333333 -0.533333333333 1e-05
92.0833333333 -0.4 1e-05
92.0833333333 -0.266666666667 1e-05
92.0833333333 -0.133333333333 1e-05
92.0833333333 0.0 1e-05
92.0833333333 0.133333333333 1e-05
92.0833333333 0.266666666667 1e-05
92.0833333333 0.4 1e-05
92.0833333333 0.533333333333 1e-05
92.0833333333 0.666666666667 1e-05
92.0833333333 0.8 1e-05
92.0833333333 1.0 1e-05
95.25 -1.0 1e-05
95.25 -0.8 1e-05
95.25 -0.666666666667 1e-05
95.25 -0.533333333333 1e-05
95.25 -0.4 1e-05
95.25 -0.266666666667 1e-05
95.25 -0.133333333333 1e-05
95.25 0.0 1e-05
95.25 0.133333333333 1e-05
95.25 0.266666666667 1e-05
95.25 0.4 1e-05
95.25 0.533333333333 1e-05
95.25 0.666666666667 1e-05
95.25 0.8 1e-05
95.25 1.0 1e-05
100.0 -1.0 1e-05
100.0 -0.8 1e-05
100.0 -0.666666666667 1e-05
100.0 -0.533333333333 1e-05
100.0 -0.4 1e-05
100.0 -0.266666666667 1e-05
100.0 -0.133333333333 1e-05
100.0 0.0 1e-05
100.0 0.133333333333 1e-05
100.0 0.266666666667 1e-05
100.0 0.4 1e-05
100.0 0.533333333333 1e-05
100.0 0.666666666667 1e-05
100.0 0.8 1e-05
100.0 1.0 1e-05
