5.0 -1.0 0.0303364594781
5.0 -0.8 0.0286032666946
5.0 -0.666666666667 0.0319031702243
5.0 -0.533333333333 0.033274308782
5.0 -0.4 0.0336958717568
5.0 -0.266666666667 0.0351145551364
5.0 -0.133333333333 0.0362340931213
5.0 0.0 0.0374800257389
5.0 0.133333333333 0.0367982906599
5.0 0.266666666667 0.0365850679201
5.0 0.4 0.0364408918127
5.0 0.533333333333 0.0340199201186
5.0 0.666666666667 0.031889727953
5.0 0.8 0.0288860389038
5.0 1.0 0.0307756499989
9.75 -1.0 0.0211267497642
9.75 -0.8 0.0228394148361
9.75 -0.666666666667 0.0270202277521
9.75 -0.533333333333 0.0282009461928
9.75 -0.4 0.0301703254708
9.75 -0.266666666667 0.0324854560504
9.75 -0.133333333333 0.0330723253978
9.75 0.0 0.0351631692203
9.75 0.133333333333 0.0336880879082
9.75 0.266666666667 0.0311223577038
9.75 0.4 0.0289759244289
9.75 0.533333333333 0.0293036125482
9.75 0.666666666667 0.0246596438121
9.75 0.8 0.024096680254
9.75 1.0 0.0212483768489
12.9166666667 -1.0 0.013890288945
12.9166666667 -0.8 0.0168824156271
12.9166666667 -0.666666666667 0.0195262690737
12.9166666667 -0.533333333333 0.0230001277948
12.9166666667 -0.4 0.0252894467959
12.9166666667 -0.266666666667 0.0288113472147
12.9166666667 -0.133333333333 0.0292337719046
12.9166666667 0.0 0.0293753433293
12.9166666667 0.133333333333 0.030003532537
12.9166666667 0.266666666667 0.027793835831
12.9166666667 0.4 0.0266879784157
12.9166666667 0.533333333333 0.0252606841592
12.9166666667 0.666666666667 0.0216447694683
12.9166666667 0.8 0.0188653430774
12.9166666667 1.0 0.0150355874186
16.0833333333 -1.0 0.0104405679962
16.0833333333 -0.8 0.0133558138467
16.0833333333 -0.666666666667 0.0154328146359
16.0833333333 -0.533333333333 0.0186530964816
16.0833333333 -0.4 0.0223681437766
16.0833333333 -0.266666666667 0.0223380247426
16.0833333333 -0.133333333333 0.0224652959185
16.0833333333 0.0 0.0251278900829
16.0833333333 0.133333333333 0.0237430408268
16.0833333333 0.266666666667 0.0227862425834
16.0833333333 0.4 0.0234914397114
16.0833333333 0.533333333333 0.0200553227675
16.0833333333 0.666666666667 0.0158800343991
16.0833333333 0.8 0.0139851223023
16.0833333333 1.0 0.0106467840266
19.25 -1.0 0.00672138127886
19.25 -0.8 0.00852027124262
19.25 -0.666666666667 0.0126295574298
19.25 -0.533333333333 0.0155761639559
19.25 -0.4 0.016625428327
19.25 -0.266666666667 0.0185379590464
19.25 -0.133333333333 0.019311309013
19.25 0.0 0.0177218114574
19.25 0.133333333333 0.0197113441848
19.25 0.266666666667 0.0197546099042
19.25 0.4 0.0175582547824
19.25 0.533333333333 0.01492324612
19.25 0.666666666667 0.0124235576031
19.25 0.8 0.00885083466971
19.25 1.0 0.00651381993048
22.4166666667 -1.0 0.00396913581475
22.4166666667 -0.8 0.00557861720407
22.4166666667 -0.666666666667 0.00765980999604
22.4166666667 -0.533333333333 0.011766084366
22.4166666667 -0.4 0.0136405805892
22.4166666667 -0.266666666667 0.0131021883861
22.4166666667 -0.133333333333 0.0155278688399
22.4166666667 0.0 0.0153914622572
22.4166666667 0.133333333333 0.0157340018892
22.4166666667 0.266666666667 0.0154792316073
22.4166666667 0.4 0.0134492083116
22.4166666667 0.533333333333 0.0114439156756
22.4166666667 0.666666666667 0.0105962440233
22.4166666667 0.8 0.0076384015817
22.4166666667 1.0 0.00527613494341
25.5833333333 -1.0 0.00275677868574
25.5833333333 -0.8 0.00502023307916
25.5833333333 -0.666666666667 0.00658075612049
25.5833333333 -0.533333333333 0.0075890370435
25.5833333333 -0.4 0.00957924037032
25.5833333333 -0.266666666667 0.0105286673804
25.5833333333 -0.133333333333 0.0115310013398
25.5833333333 0.0 0.0112788692482
25.5833333333 0.133333333333 0.0123684811453
25.5833333333 0.266666666667 0.0108335044881
25.5833333333 0.4 0.00987482699633
25.5833333333 0.533333333333 0.00870813264341
25.5833333333 0.666666666667 0.00625634466462
25.5833333333 0.8 0.0049029542157
25.5833333333 1.0 0.0032469210679
28.75 -1.0 0.00156512613147
28.75 -0.8 0.0027778656884
28.75 -0.666666666667 0.00361989194811
28.75 -0.533333333333 0.0057236854254
28.75 -0.4 0.0071698952476
28.75 -0.266666666667 0.00795992845164
28.75 -0.133333333333 0.00838624621932
28.75 0.0 0.00908010320973
28.75 0.133333333333 0.00896610789
28.75 0.266666666667 0.00798446237436
28.75 0.4 0.00781919759981
28.75 0.533333333333 0.00625885709007
28.75 0.666666666667 0.00506523560035
28.75 0.8 0.00312950304777
28.75 1.0 0.00191532554984
31.9166666667 -1.0 0.000933916814938
31.9166666667 -0.8 0.00231211087048
31.9166666667 -0.666666666667 0.0034800787729
31.9166666667 -0.533333333333 0.00373709098188
31.9166666667 -0.4 0.00516126722682
31.9166666667 -0.266666666667 0.0059546182577
31.9166666667 -0.133333333333 0.00616502095912
31.9166666667 0.0 0.00675005695661
31.9166666667 0.133333333333 0.00677300844165
31.9166666667 0.266666666667 0.00614158101542
31.9166666667 0.4 0.00560019663058
31.9166666667 0.533333333333 0.00448454790273
31.9166666667 0.666666666667 0.00315317928048
31.9166666667 0.8 0.00217123140899
31.9166666667 1.0 0.00105078733121
35.0833333333 -1.0 0.000513196413901
35.0833333333 -0.8 0.00149537721036
35.0833333333 -0.666666666667 0.00210296911159
35.0833333333 -0.533333333333 0.00284964416019
35.0833333333 -0.4 0.00361791043313
35.0833333333 -0.266666666667 0.0046453467393
35.0833333333 -0.133333333333 0.00488091758831
35.0833333333 0.0 0.00592992174747
35.0833333333 0.133333333333 0.00469411325658
35.0833333333 0.266666666667 0.00429766869064
35.0833333333 0.4 0.00401682677369
35.0833333333 0.533333333333 0.00308139394393
35.0833333333 0.666666666667 0.00240398985968
35.0833333333 0.8 0.00184487356173
35.0833333333 1.0 0.000795015516536
38.25 -1.0 0.000349317778237
38.25 -0.8 0.000956269837913
38.25 -0.666666666667 0.00151749407043
38.25 -0.533333333333 0.00193730991146
38.25 -0.4 0.00296363413547
38.25 -0.266666666667 0.00284998024367
38.25 -0.133333333333 0.00327137242301
38.25 0.0 0.00352578930752
38.25 0.133333333333 0.00378102359217
38.25 0.266666666667 0.00329020812211
38.25 0.4 0.0028010341002
38.25 0.533333333333 0.00256856348513
38.25 0.666666666667 0.00170448290456
38.25 0.8 0.00105111594248
38.25 1.0 0.000373758900083
41.4166666667 -1.0 0.000116566707082
41.4166666667 -0.8 0.000676447803003
41.4166666667 -0.666666666667 0.00114368756079
41.4166666667 -0.533333333333 0.00147095165304
41.4166666667 -0.4 0.00172812497628
41.4166666667 -0.266666666667 0.00237942757995
41.4166666667 -0.133333333333 0.00265946017935
41.4166666667 0.0 0.00263917995743
41.4166666667 0.133333333333 0.00275285448162
41.4166666667 0.266666666667 0.00277933907069
41.4166666667 0.4 0.00221919016565
41.4166666667 0.533333333333 0.00104946785639
41.4166666667 0.666666666667 0.00105055780682
41.4166666667 0.8 0.000536237970127
41.4166666667 1.0 0.000257215974436
44.5833333333 -1.0 0.000116619991482
44.5833333333 -0.8 0.000444028062819
44.5833333333 -0.666666666667 0.000676331242301
44.5833333333 -0.533333333333 0.00114530399973
44.5833333333 -0.4 0.00149481351169
44.5833333333 -0.266666666667 0.001890657991
44.5833333333 -0.133333333333 0.0019864930979
44.5833333333 0.0 0.00186753443841
44.5833333333 0.133333333333 0.00177606456954
44.5833333333 0.266666666667 0.00156459466164
44.5833333333 0.4 0.00172781379115
44.5833333333 0.533333333333 0.00102841089667
44.5833333333 0.666666666667 0.000630629023338
44.5833333333 0.8 0.000536007582057
44.5833333333 1.0 0.000116793786995
47.75 -1.0 0.000116976120436
47.75 -0.8 0.000140282308552
47.75 -0.666666666667 0.000374298057628
47.75 -0.533333333333 0.0008414848717
47.75 -0.4 0.000817200367868
47.75 -0.266666666667 0.00135362737474
47.75 -0.133333333333 0.00130753039674
47.75 0.0 0.00109665390916
47.75 0.133333333333 0.00140036991699
47.75 0.266666666667 0.0010269760452
47.75 0.4 0.00100459993271
47.75 0.533333333333 0.000583273082107
47.75 0.666666666667 0.000303008572065
47.75 0.8 9.34730202974e-05
47.75 1.0 0.000139988894493
50.9166666667 -1.0 2.31426720015e-05
50.9166666667 -0.8 0.000233522147259
50.9166666667 -0.666666666667 0.000257018351236
50.9166666667 -0.533333333333 0.000654081327315
50.9166666667 -0.4 0.0009817166079
50.9166666667 -0.266666666667 0.00107377133347
50.9166666667 -0.133333333333 0.000863867377036
50.9166666667 0.0 0.00102780746084
50.9166666667 0.133333333333 0.000910127767917
50.9166666667 0.266666666667 0.00105021719571
50.9166666667 0.4 0.000839013473251
50.9166666667 0.533333333333 0.000560613242458
50.9166666667 0.666666666667 0.000210521259434
50.9166666667 0.8 0.000303800719765
50.9166666667 1.0 1e-05
54.0833333333 -1.0 2.34497133924e-05
54.0833333333 -0.8 4.68023169482e-05
54.0833333333 -0.666666666667 0.000116626824998
54.0833333333 -0.533333333333 0.000186800605248
54.0833333333 -0.4 0.000536928682329
54.0833333333 -0.266666666667 0.000771667238625
54.0833333333 -0.133333333333 0.000653864451879
54.0833333333 0.0 0.000559916632905
54.0833333333 0.133333333333 0.000629872821173
54.0833333333 0.266666666667 0.00070055773607
54.0833333333 0.4 0.000467287853666
54.0833333333 0.533333333333 0.000373736444242
54.0833333333 0.666666666667 0.000186687808975
54.0833333333 0.8 4.6749067992e-05
54.0833333333 1.0 1e-05
57.25 -1.0 1e-05
57.25 -0.8 0.000140345033446
57.25 -0.666666666667 9.32794603311e-05
57.25 -0.533333333333 0.000256153010429
57.25 -0.4 0.00016320127439
57.25 -0.266666666667 0.000537160399871
57.25 -0.133333333333 0.000560918291924
57.25 0.0 0.000444122784055
57.25 0.133333333333 0.000513449900235
57.25 0.266666666667 0.000561426592904
57.25 0.4 0.000280185867096
57.25 0.533333333333 0.000279927773783
57.25 0.666666666667 0.000140113726483
57.25 0.8 4.669732198e-05
57.25 1.0 1e-05
60.4166666667 -1.0 1e-05
60.4166666667 -0.8 2.33456979067e-05
60.4166666667 -0.666666666667 0.0001166965351
60.4166666667 -0.533333333333 0.000233760483911
60.4166666667 -0.4 0.000233751020179
60.4166666667 -0.266666666667 0.000233196927523
60.4166666667 -0.133333333333 0.000373648628656
60.4166666667 0.0 0.000514267898847
60.4166666667 0.133333333333 0.000280603021828
60.4166666667 0.266666666667 0.0003970906164
60.4166666667 0.4 0.00016372917953
60.4166666667 0.533333333333 0.00020986238776
60.4166666667 0.666666666667 7.00189960276e-05
60.4166666667 0.8 4.65923853939e-05
60.4166666667 1.0 1e-05
63.5833333333 -1.0 1e-05
63.5833333333 -0.8 1e-05
63.5833333333 -0.666666666667 6.99957087917e-05
63.5833333333 -0.533333333333 0.000140202057739
63.5833333333 -0.4 0.000210394203905
63.5833333333 -0.266666666667 0.00021056946788
63.5833333333 -0.133333333333 0.000233430041243
63.5833333333 0.0 0.000210273582427
63.5833333333 0.133333333333 0.00020974126627
63.5833333333 0.266666666667 0.000163842990729
63.5833333333 0.4 0.000140045611089
63.5833333333 0.533333333333 0.000116867597901
63.5833333333 0.666666666667 7.01470353724e-05
63.5833333333 0.8 4.68763240261e-05
63.5833333333 1.0 1e-05
66.75 -1.0 1e-05
66.75 -0.8 1e-05
66.75 -0.666666666667 2.32243680391e-05
66.75 -0.533333333333 1e-05
66.75 -0.4 9.33792885432e-05
66.75 -0.266666666667 0.0002104420856
66.75 -0.133333333333 0.000163454942785
66.75 0.0 0.000233731876101
66.75 0.133333333333 0.000209920918025
66.75 0.266666666667 0.000116837647875
66.75 0.4 0.000163310568541
66.75 0.533333333333 9.30308744294e-05
66.75 0.666666666667 1e-05
66.75 0.8 1e-05
66.75 1.0 1e-05
69.9166666667 -1.0 1e-05
69.9166666667 -0.8 1e-05
69.9166666667 -0.666666666667 1e-05
69.9166666667 -0.533333333333 4.65700659458e-05
69.9166666667 -0.4 0.000140040355662
69.9166666667 -0.266666666667 6.98710475293e-05
69.9166666667 -0.133333333333 9.33207142342e-05
69.9166666667 0.0 0.000163402425157
69.9166666667 0.133333333333 0.000116642241004
69.9166666667 0.266666666667 2.34729539408e-05
69.9166666667 0.4 4.66156259423e-05
69.9166666667 0.533333333333 4.67954112991e-05
69.9166666667 0.666666666667 1e-05
69.9166666667 0.8 1e-05
69.9166666667 1.0 1e-05
73.0833333333 -1.0 1e-05
73.0833333333 -0.8 1e-05
73.0833333333 -0.666666666667 1e-05
73.0833333333 -0.533333333333 2.34497133924e-05
73.0833333333 -0.4 2.31426720015e-05
73.0833333333 -0.266666666667 4.64952755573e-05
73.0833333333 -0.133333333333 9.36253920181e-05
73.0833333333 0.0 7.00859496679e-05
73.0833333333 0.133333333333 0.000186699231672
73.0833333333 0.266666666667 9.36046995539e-05
73.0833333333 0.4 2.32243680391e-05
73.0833333333 0.533333333333 1e-05
73.0833333333 0.666666666667 1e-05
73.0833333333 0.8 1e-05
73.0833333333 1.0 1e-05
76.25 -1.0 1e-05
76.25 -0.8 1e-05
76.25 -0.666666666667 1e-05
76.25 -0.533333333333 2.31426720015e-05
76.25 -0.4 1e-05
76.25 -0.266666666667 7.02796941114e-05
76.25 -0.133333333333 4.66277381244e-05
76.25 0.0 2.34729539408e-05
76.25 0.133333333333 1e-05
76.25 0.266666666667 2.32243680391e-05
76.25 0.4 2.31426720015e-05
76.25 0.533333333333 2.33526035558e-05
76.25 0.666666666667 1e-05
76.25 0.8 1e-05
76.25 1.0 1e-05
79.4166666667 -1.0 1e-05
79.4166666667 -0.8 1e-05
79.4166666667 -0.666666666667 1e-05
79.4166666667 -0.533333333333 1e-05
79.4166666667 -0.4 1e-05
79.4166666667 -0.266666666667 1e-05
79.4166666667 -0.133333333333 2.34033700853e-05
79.4166666667 0.0 4.68994267848e-05
79.4166666667 0.133333333333 1e-05
79.4166666667 0.266666666667 1e-05
79.4166666667 0.4 4.66277381244e-05
79.4166666667 0.533333333333 1e-05
79.4166666667 0.666666666667 1e-05
79.4166666667 0.8 1e-05
79.4166666667 1.0 1e-05
82.5833333333 -1.0 1e-05
82.5833333333 -0.8 1e-05
82.5833333333 -0.666666666667 1e-05
82.5833333333 -0.533333333333 1e-05
82.5833333333 -0.4 1e-05
82.5833333333 -0.266666666667 1e-05
82.5833333333 -0.133333333333 1e-05
82.5833333333 0.0 1e-05
82.5833333333 0.133333333333 1e-05
82.5833333333 0.266666666667 1e-05
82.5833333333 0.4 1e-05
82.5833333333 0.533333333333 1e-05
82.5833333333 0.666666666667 1e-05
82.5833333333 0.8 1e-05
82.5833333333 1.0 1e-05
85.75 -1.0 1e-05
85.75 -0.8 1e-05
85.75 -0.666666666667 1e-05
85.75 -0.533333333333 1e-05
85.75 -0.4 1e-05
85.75 -0.266666666667 1e-05
85.75 -0.133333333333 1e-05
85.75 0.0 1e-05
85.75 0.133333333333 1e-05
85.75 0.266666666667 1e-05
85.75 0.4 1e-05
85.75 0.533333333333 1e-05
85.75 0.666666666667 1e-05
85.75 0.8 1e-05
85.75 1.0 1e-05
88.9166666667 -1.0 1e-05
88.9166666667 -0.8 1e-05
88.9166666667 -0.666666666667 1e-05
88.9166666667 -0.533333333333 1e-05
88.9166666667 -0.4 1e-05
88.9166666667 -0.266666666667 1e-05
88.9166666667 -0.133333333333 1e-05
88.9166666667 0.0 1e-05
88.9166666667 0.133333333333 1e-05
88.9166666667 0.266666666667 1e-05
88.9166666667 0.4 1e-05
88.9166666667 0.533333333333 1e-05
88.9166666667 0.666666666667 1e-05
88.9166666667 0.8 1e-05
88.9166666667 1.0 1e-05
92.0833333333 -1.0 1e-05
92.0833333333 -0.8 1e-05
92.0833333333 -0.666666666667 1e-05
92.0833333333 -0.533333333333 1e-05
92.0833333333 -0.4 1e-05
92.0833333333 -0.266666666667 1e-05
92.0833333333 -0.133333333333 1e-05
92.0833333333 0.0 1e-05
92.0833333333 0.133333333333 1e-05
92.0833333333 0.266666666667 1e-05
92.0833333333 0.4 1e-05
92.0833333333 0.533333333333 1e-05
92.0833333333 0.666666666667 1e-05
92.0833333333 0.8 1e-05
92.0833333333 1.0 1e-05
95.25 -1.0 1e-05
95.25 -0.8 1e-05
95.25 -0.666666666667 1e-05
95.25 -0.533333333333 1e-05
95.25 -0.4 1e-05
95.25 -0.266666666667 1e-05
95.25 -0.133333333333 1e-05
95.25 0.0 1e-05
95.25 0.133333333333 1e-05
95.25 0.266666666667 1e-05
95.25 0.4 1e-05
95.25 0.533333333333 1e-05
95.25 0.666666666667 1e-05
95.25 0.8 1e-05
95.25 1.0 1e-05
100.0 -1.0 1e-05
100.0 -0.8 1e-05
100.0 -0.666666666667 1e-05
100.0 -0.533333333333 1e-05
100.0 -0.4 1e-05
100.0 -0.266666666667 1e-05
100.0 -0.133333333333 1e-05
100.0 0.0 1e-05
100.0 0.133333333333 1e-05
100.0 0.266666666667 1e-05
100.0 0.4 1e-05
100.0 0.533333333333 1e-05
100.0 0.666666666667 1e-05
100.0 0.8 1e-05
100.0 1.0 1e-05
