5.0 -1.0 0.0173940618609
5.0 -0.8 0.0169826084857
5.0 -0.666666666667 0.0158368449915
5.0 -0.533333333333 0.0156434085821
5.0 -0.4 0.0150695709872
5.0 -0.266666666667 0.0146577039028
5.0 -0.133333333333 0.0146505422868
5.0 0.0 0.0146179162908
5.0 0.133333333333 0.0144194734671
5.0 0.266666666667 0.0140510155082
5.0 0.4 0.0141072889635
5.0 0.533333333333 0.013829226768
5.0 0.666666666667 0.0136843427192
5.0 0.8 0.0134745053684
5.0 1.0 0.0129866002678
9.75 -1.0 0.0167567431726
9.75 -0.8 0.0165665553599
9.75 -0.666666666667 0.0162645050626
9.75 -0.533333333333 0.015772892653
9.75 -0.4 0.0158943265541
9.75 -0.266666666667 0.0155606670053
9.75 -0.133333333333 0.0151303230548
9.75 0.0 0.0151534723708
9.75 0.133333333333 0.0145589346185
9.75 0.266666666667 0.0144405540063
9.75 0.4 0.0141225469034
9.75 0.533333333333 0.0139729227413
9.75 0.666666666667 0.0138939438303
9.75 0.8 0.013333020399
9.75 1.0 0.0117465423101
12.9166666667 -1.0 0.0155538441988
12.9166666667 -0.8 0.0159506050989
12.9166666667 -0.666666666667 0.0159057568925
12.9166666667 -0.533333333333 0.0158464215016
12.9166666667 -0.4 0.015403052247
12.9166666667 -0.266666666667 0.0155774330236
12.9166666667 -0.133333333333 0.0157062498053
12.9166666667 0.0 0.0148711259079
12.9166666667 0.133333333333 0.0148381174024
12.9166666667 0.266666666667 0.0146576030433
12.9166666667 0.4 0.0144426587214
12.9166666667 0.533333333333 0.0136920065972
12.9166666667 0.666666666667 0.0127578040392
12.9166666667 0.8 0.0118798463408
12.9166666667 1.0 0.0108378047456
16.0833333333 -1.0 0.0144333243077
16.0833333333 -0.8 0.0148468687201
16.0833333333 -0.666666666667 0.0151332309144
16.0833333333 -0.533333333333 0.0152410873402
16.0833333333 -0.4 0.0151990713151
16.0833333333 -0.266666666667 0.0151632174106
16.0833333333 -0.133333333333 0.0153033873253
16.0833333333 0.0 0.014625286586
16.0833333333 0.133333333333 0.0145897898874
16.0833333333 0.266666666667 0.0140598327071
16.0833333333 0.4 0.0137772624923
16.0833333333 0.533333333333 0.0128272810053
16.0833333333 0.666666666667 0.0121776839637
16.0833333333 0.8 0.0106895612303
16.0833333333 1.0 0.00943209815072
19.25 -1.0 0.0127019994148
19.25 -0.8 0.0133231415856
19.25 -0.666666666667 0.0137534702719
19.25 -0.533333333333 0.014244199115
19.25 -0.4 0.0144907047452
19.25 -0.266666666667 0.0143746749934
19.25 -0.133333333333 0.0139399477149
19.25 0.0 0.0141454748582
19.25 0.133333333333 0.0132852695761
19.25 0.266666666667 0.0135425364468
19.25 0.4 0.0128151765705
19.25 0.533333333333 0.0118344836957
19.25 0.666666666667 0.0106038244669
19.25 0.8 0.00954054190766
19.25 1.0 0.00783653354179
22.4166666667 -1.0 0.0107408261701
22.4166666667 -0.8 0.0120284598655
22.4166666667 -0.666666666667 0.0125387774182
22.4166666667 -0.533333333333 0.0129446867583
22.4166666667 -0.4 0.012992645088
22.4166666667 -0.266666666667 0.0134317108026
22.4166666667 -0.133333333333 0.0128579754632
22.4166666667 0.0 0.013010374647
22.4166666667 0.133333333333 0.0123659811552
22.4166666667 0.266666666667 0.0117070414312
22.4166666667 0.4 0.0113318294153
22.4166666667 0.533333333333 0.0104262570108
22.4166666667 0.666666666667 0.00945348947387
22.4166666667 0.8 0.00806658251721
22.4166666667 1.0 0.0063700466448
25.5833333333 -1.0 0.00940602729295
25.5833333333 -0.8 0.0103817073606
25.5833333333 -0.666666666667 0.011296154549
25.5833333333 -0.533333333333 0.0115582036019
25.5833333333 -0.4 0.011743547387
25.5833333333 -0.266666666667 0.0116262704436
25.5833333333 -0.133333333333 0.0116716993947
25.5833333333 0.0 0.0115537787158
25.5833333333 0.133333333333 0.0110878680753
25.5833333333 0.266666666667 0.0110974149995
25.5833333333 0.4 0.0101786901148
25.5833333333 0.533333333333 0.00936583759613
25.5833333333 0.666666666667 0.00836816824665
25.5833333333 0.8 0.00710404524493
25.5833333333 1.0 0.00538241183774
28.75 -1.0 0.00777302053203
28.75 -0.8 0.00912183471225
28.75 -0.666666666667 0.00957889124677
28.75 -0.533333333333 0.0101684800612
28.75 -0.4 0.010899573768
28.75 -0.266666666667 0.0104714239382
28.75 -0.133333333333 0.0103182822666
28.75 0.0 0.0106487363493
28.75 0.133333333333 0.0102045943419
28.75 0.266666666667 0.00957109749988
28.75 0.4 0.00887629906372
28.75 0.533333333333 0.00802105288057
28.75 0.666666666667 0.00691106985226
28.75 0.8 0.00588306822496
28.75 1.0 0.00436623519808
31.9166666667 -1.0 0.00653057327767
31.9166666667 -0.8 0.00783478924964
31.9166666667 -0.666666666667 0.00867097323381
31.9166666667 -0.533333333333 0.00949736183069
31.9166666667 -0.4 0.00954525563331
31.9166666667 -0.266666666667 0.00945984585638
31.9166666667 -0.133333333333 0.00959742305206
31.9166666667 0.0 0.00898817337007
31.9166666667 0.133333333333 0.00919776838461
31.9166666667 0.266666666667 0.00845837766097
31.9166666667 0.4 0.00775912791825
31.9166666667 0.533333333333 0.00701720988269
31.9166666667 0.666666666667 0.00612396923089
31.9166666667 0.8 0.00478451157532
31.9166666667 1.0 0.00357966849152
35.0833333333 -1.0 0.00558519866005
35.0833333333 -0.8 0.00658760679914
35.0833333333 -0.666666666667 0.00752523121423
35.0833333333 -0.533333333333 0.00778103987342
35.0833333333 -0.4 0.00836592268483
35.0833333333 -0.266666666667 0.00855526903032
35.0833333333 -0.133333333333 0.00828343548759
35.0833333333 0.0 0.00808508226856
35.0833333333 0.133333333333 0.00787545132222
35.0833333333 0.266666666667 0.00729144197561
35.0833333333 0.4 0.00684720797271
35.0833333333 0.533333333333 0.0062305698938
35.0833333333 0.666666666667 0.00508468691042
35.0833333333 0.8 0.00407808576402
35.0833333333 1.0 0.00276894347168
38.25 -1.0 0.00458581769226
38.25 -0.8 0.00590462741053
38.25 -0.666666666667 0.00651137044997
38.25 -0.533333333333 0.00700553579764
38.25 -0.4 0.00737109184734
38.25 -0.266666666667 0.00749233905155
38.25 -0.133333333333 0.00723928397931
38.25 0.0 0.00740013421265
38.25 0.133333333333 0.00708822841205
38.25 0.266666666667 0.00655648646061
38.25 0.4 0.00595876464749
38.25 0.533333333333 0.00544616373067
38.25 0.666666666667 0.00438294785227
38.25 0.8 0.00355582311564
38.25 1.0 0.00246195935429
41.4166666667 -1.0 0.00392457716701
41.4166666667 -0.8 0.005044705922
41.4166666667 -0.666666666667 0.00553084079906
41.4166666667 -0.533333333333 0.00598447789494
41.4166666667 -0.4 0.00647417748625
41.4166666667 -0.266666666667 0.00634129925859
41.4166666667 -0.133333333333 0.00672673665128
41.4166666667 0.0 0.00655164669151
41.4166666667 0.133333333333 0.00651607897275
41.4166666667 0.266666666667 0.00560424651441
41.4166666667 0.4 0.00536796984024
41.4166666667 0.533333333333 0.00438260781886
41.4166666667 0.666666666667 0.00378958340173
41.4166666667 0.8 0.00281614963941
41.4166666667 1.0 0.00207211143232
44.5833333333 -1.0 0.00340466995996
44.5833333333 -0.8 0.00410423607404
44.5833333333 -0.666666666667 0.00502079662859
44.5833333333 -0.533333333333 0.005353783824
44.5833333333 -0.4 0.00588786839582
44.5833333333 -0.266666666667 0.00582394717948
44.5833333333 -0.133333333333 0.00584533854235
44.5833333333 0.0 0.00581969839376
44.5833333333 0.133333333333 0.00562796761582
44.5833333333 0.266666666667 0.00516735137709
44.5833333333 0.4 0.0044841899073
44.5833333333 0.533333333333 0.00372571164051
44.5833333333 0.666666666667 0.00335487797115
44.5833333333 0.8 0.00246405256362
44.5833333333 1.0 0.00157361026247
47.75 -1.0 0.00278359011916
47.75 -0.8 0.00355827722428
47.75 -0.666666666667 0.00422236159704
47.75 -0.533333333333 0.00483635875926
47.75 -0.4 0.00503499917405
47.75 -0.266666666667 0.00491436918399
47.75 -0.133333333333 0.00503703825845
47.75 0.0 0.00511794008768
47.75 0.133333333333 0.00476777818234
47.75 0.266666666667 0.0045269028416
47.75 0.4 0.00393394888682
47.75 0.533333333333 0.00337858809497
47.75 0.666666666667 0.00277837580266
47.75 0.8 0.00196307335373
47.75 1.0 0.00130415514362
50.9166666667 -1.0 0.00226324301241
50.9166666667 -0.8 0.00326287830993
50.9166666667 -0.666666666667 0.00362424702397
50.9166666667 -0.533333333333 0.00412547306019
50.9166666667 -0.4 0.00456952979033
50.9166666667 -0.266666666667 0.00455997729556
50.9166666667 -0.133333333333 0.00465424510917
50.9166666667 0.0 0.00446542689108
50.9166666667 0.133333333333 0.00439246980323
50.9166666667 0.266666666667 0.00381599773309
50.9166666667 0.4 0.00344241833509
50.9166666667 0.533333333333 0.00288473368408
50.9166666667 0.666666666667 0.00230819111788
50.9166666667 0.8 0.00166104741568
50.9166666667 1.0 0.00105387268264
54.0833333333 -1.0 0.00195138715413
54.0833333333 -0.8 0.0026723126002
54.0833333333 -0.666666666667 0.00315873566949
54.0833333333 -0.533333333333 0.00373997762694
54.0833333333 -0.4 0.00382758860883
54.0833333333 -0.266666666667 0.00382514866565
54.0833333333 -0.133333333333 0.00407815270456
54.0833333333 0.0 0.00421266642707
54.0833333333 0.133333333333 0.00361973720137
54.0833333333 0.266666666667 0.00354662538641
54.0833333333 0.4 0.00304084869038
54.0833333333 0.533333333333 0.00250199942985
54.0833333333 0.666666666667 0.00192324656608
54.0833333333 0.8 0.00142706060627
54.0833333333 1.0 0.000789211513861
57.25 -1.0 0.00155228422951
57.25 -0.8 0.00216190297439
57.25 -0.666666666667 0.00261542439151
57.25 -0.533333333333 0.00307864674419
57.25 -0.4 0.0034919944142
57.25 -0.266666666667 0.00345217040045
57.25 -0.133333333333 0.00350345996258
57.25 0.0 0.00331258669736
57.25 0.133333333333 0.0032437316631
57.25 0.266666666667 0.00297951345026
57.25 0.4 0.00267712481665
57.25 0.533333333333 0.00210978512097
57.25 0.666666666667 0.00178134648239
57.25 0.8 0.00112948653385
57.25 1.0 0.000680448595117
60.4166666667 -1.0 0.00129940055566
60.4166666667 -0.8 0.0018780999134
60.4166666667 -0.666666666667 0.00235336219729
60.4166666667 -0.533333333333 0.00257787345348
60.4166666667 -0.4 0.00295831299435
60.4166666667 -0.266666666667 0.00309767590496
60.4166666667 -0.133333333333 0.00295090339338
60.4166666667 0.0 0.00310899958741
60.4166666667 0.133333333333 0.00275026012209
60.4166666667 0.266666666667 0.00264128874827
60.4166666667 0.4 0.00226827294705
60.4166666667 0.533333333333 0.00189233490644
60.4166666667 0.666666666667 0.00140358458791
60.4166666667 0.8 0.000982759324793
60.4166666667 1.0 0.000507975057748
63.5833333333 -1.0 0.00113667429242
63.5833333333 -0.8 0.00165645645217
63.5833333333 -0.666666666667 0.00202009800304
63.5833333333 -0.533333333333 0.0023817241814
63.5833333333 -0.4 0.00260589537699
63.5833333333 -0.266666666667 0.00272171026259
63.5833333333 -0.133333333333 0.00261053502962
63.5833333333 0.0 0.00259687199446
63.5833333333 0.133333333333 0.00249252738736
63.5833333333 0.266666666667 0.00227533314931
63.5833333333 0.4 0.00201761411472
63.5833333333 0.533333333333 0.0016183701713
63.5833333333 0.666666666667 0.00122381409486
63.5833333333 0.8 0.00084828676058
63.5833333333 1.0 0.000411101081232
66.75 -1.0 0.00087427714718
66.75 -0.8 0.00133012346144
66.75 -0.666666666667 0.00197039939581
66.75 -0.533333333333 0.00213109588182
66.75 -0.4 0.00226568384913
66.75 -0.266666666667 0.00244292829978
66.75 -0.133333333333 0.00250651121246
66.75 0.0 0.00241693846027
66.75 0.133333333333 0.00223976015999
66.75 0.266666666667 0.00192306154595
66.75 0.4 0.00163742671455
66.75 0.533333333333 0.00138921684959
66.75 0.666666666667 0.00106074236318
66.75 0.8 0.000770262531428
66.75 1.0 0.000387519169618
69.9166666667 -1.0 0.000666159371434
69.9166666667 -0.8 0.00117210343304
69.9166666667 -0.666666666667 0.00146485559786
69.9166666667 -0.533333333333 0.00180261725287
69.9166666667 -0.4 0.0021171474399
69.9166666667 -0.266666666667 0.00213105588206
69.9166666667 -0.133333333333 0.00205283763134
69.9166666667 0.0 0.00200369635953
69.9166666667 0.133333333333 0.00201304444603
69.9166666667 0.266666666667 0.00172472213739
69.9166666667 0.4 0.00140796405773
69.9166666667 0.533333333333 0.0011200545115
69.9166666667 0.666666666667 0.000931007671356
69.9166666667 0.8 0.000588367224719
69.9166666667 1.0 0.000304805714417
73.0833333333 -1.0 0.000642570932985
73.0833333333 -0.8 0.00102084881551
73.0833333333 -0.666666666667 0.00125705062631
73.0833333333 -0.533333333333 0.0017506110737
73.0833333333 -0.4 0.00174619854736
73.0833333333 -0.266666666667 0.00187347515648
73.0833333333 -0.133333333333 0.00181920541192
73.0833333333 0.0 0.0017647460401
73.0833333333 0.133333333333 0.00156882856799
73.0833333333 0.266666666667 0.00151912830506
73.0833333333 0.4 0.00131113251473
73.0833333333 0.533333333333 0.00100656415403
73.0833333333 0.666666666667 0.000739629578633
73.0833333333 0.8 0.000491343315745
73.0833333333 1.0 0.000264546717736
76.25 -1.0 0.000593025178685
76.25 -0.8 0.000917063123931
76.25 -0.666666666667 0.00118379062867
76.25 -0.533333333333 0.00140106531506
76.25 -0.4 0.00149079956321
76.25 -0.266666666667 0.00169197615935
76.25 -0.133333333333 0.00159459628525
76.25 0.0 0.00158086758612
76.25 0.133333333333 0.00153112580419
76.25 0.266666666667 0.00131845963543
76.25 0.4 0.00114110553125
76.25 0.533333333333 0.000938180594133
76.25 0.666666666667 0.000640275021625
76.25 0.8 0.000404017854694
76.25 1.0 0.000186677123882
79.4166666667 -1.0 0.000496264079299
79.4166666667 -0.8 0.000668631916414
79.4166666667 -0.666666666667 0.000992268250854
79.4166666667 -0.533333333333 0.00119546394936
79.4166666667 -0.4 0.00133480174922
79.4166666667 -0.266666666667 0.00141060867131
79.4166666667 -0.133333333333 0.00142463064363
79.4166666667 0.0 0.00128997746885
79.4166666667 0.133333333333 0.00131131605687
79.4166666667 0.266666666667 0.00115787598042
79.4166666667 0.4 0.000954563850933
79.4166666667 0.533333333333 0.000798652853999
79.4166666667 0.666666666667 0.000607331898193
79.4166666667 0.8 0.00033544521224
79.4166666667 1.0 0.000144160558339
82.5833333333 -1.0 0.00043937777986
82.5833333333 -0.8 0.000628549530743
82.5833333333 -0.666666666667 0.000923647742245
82.5833333333 -0.533333333333 0.00106796150028
82.5833333333 -0.4 0.00111054545896
82.5833333333 -0.266666666667 0.00125233387345
82.5833333333 -0.133333333333 0.00124278418843
82.5833333333 0.0 0.00113868207608
82.5833333333 0.133333333333 0.00112690911161
82.5833333333 0.266666666667 0.00092612095109
82.5833333333 0.4 0.000826899200296
82.5833333333 0.533333333333 0.000654549839921
82.5833333333 0.666666666667 0.000474822833736
82.5833333333 0.8 0.000276411652295
82.5833333333 1.0 0.000115756249742
85.75 -1.0 0.000269365627597
85.75 -0.8 0.000548084643284
85.75 -0.666666666667 0.000737074888898
85.75 -0.533333333333 0.000911945402343
85.75 -0.4 0.000933230792212
85.75 -0.266666666667 0.00106322945794
85.75 -0.133333333333 0.00106320441365
85.75 0.0 0.00107264195646
85.75 0.133333333333 0.00105143521131
85.75 0.266666666667 0.000876597901926
85.75 0.4 0.000704040957242
85.75 0.533333333333 0.000583688504123
85.75 0.666666666667 0.000342466997551
85.75 0.8 0.000226838841868
85.75 1.0 9.21322996618e-05
88.9166666667 -1.0 0.000257536405007
88.9166666667 -0.8 0.000479601630652
88.9166666667 -0.666666666667 0.00078446407355
88.9166666667 -0.533333333333 0.000805608381672
88.9166666667 -0.4 0.000923560962688
88.9166666667 -0.266666666667 0.000912051556514
88.9166666667 -0.133333333333 0.000930956473819
88.9166666667 0.0 0.000796255390859
88.9166666667 0.133333333333 0.000909594838185
88.9166666667 0.266666666667 0.000763145123989
88.9166666667 0.4 0.000588353298876
88.9166666667 0.533333333333 0.000444150502624
88.9166666667 0.666666666667 0.000368560098731
88.9166666667 0.8 0.000219765760549
88.9166666667 1.0 9.45339226244e-05
92.0833333333 -1.0 0.00022684739275
92.0833333333 -0.8 0.000415873127653
92.0833333333 -0.666666666667 0.000538699919576
92.0833333333 -0.533333333333 0.000689994994445
92.0833333333 -0.4 0.000850359506022
92.0833333333 -0.266666666667 0.000803315879845
92.0833333333 -0.133333333333 0.000824525844588
92.0833333333 0.0 0.00075605651949
92.0833333333 0.133333333333 0.000732320197396
92.0833333333 0.266666666667 0.000614330262416
92.0833333333 0.4 0.000536259994453
92.0833333333 0.533333333333 0.000429979416405
92.0833333333 0.666666666667 0.00024578335826
92.0833333333 0.8 0.000160722002075
92.0833333333 1.0 5.66778556376e-05
95.25 -1.0 0.000207855187479
95.25 -0.8 0.00033309639737
95.25 -0.666666666667 0.000451306973173
95.25 -0.533333333333 0.000633277548059
95.25 -0.4 0.000649540218527
95.25 -0.266666666667 0.000619040752011
95.25 -0.133333333333 0.000675746564623
95.25 0.0 0.000699311993814
95.25 0.133333333333 0.000633237714197
95.25 0.266666666667 0.000564697449481
95.25 0.4 0.000486855543237
95.25 0.533333333333 0.000361526522373
95.25 0.666666666667 0.000262340979727
95.25 0.8 0.000144108283447
95.25 1.0 4.96180455775e-05
100.0 -1.0 0.000106331598404
100.0 -0.8 0.000328452310726
100.0 -0.666666666667 0.000399191273323
100.0 -0.533333333333 0.000498518016934
100.0 -0.4 0.000529183300001
100.0 -0.266666666667 0.000607336683506
100.0 -0.133333333333 0.000677993552166
100.0 0.0 0.000604848405696
100.0 0.133333333333 0.000628503691707
100.0 0.266666666667 0.000434654613059
100.0 0.4 0.000396930657676
100.0 0.533333333333 0.000285877574207
100.0 0.666666666667 0.000151149405386
100.0 0.8 8.73880767027e-05
100.0 1.0 3.77985048062e-05
