5.0 -1.0 0.0108121568962
5.0 -0.8 0.0110614119834
5.0 -0.666666666667 0.013543282329
5.0 -0.533333333333 0.0116517549515
5.0 -0.4 0.0133865307685
5.0 -0.266666666667 0.0147133383657
5.0 -0.133333333333 0.0156442419415
5.0 0.0 0.0149253332858
5.0 0.133333333333 0.0156587894927
5.0 0.266666666667 0.0159036886022
5.0 0.4 0.0174908578908
5.0 0.533333333333 0.0176365610651
5.0 0.666666666667 0.0189308565874
5.0 0.8 0.0191557556141
5.0 1.0 0.0258924741379
9.75 -1.0 0.00912627491444
9.75 -0.8 0.0101446878516
9.75 -0.666666666667 0.0112686442531
9.75 -0.533333333333 0.0121293095121
9.75 -0.4 0.013250613946
9.75 -0.266666666667 0.014740853796
9.75 -0.133333333333 0.0150493722586
9.75 0.0 0.0153648835219
9.75 0.133333333333 0.0171698892277
9.75 0.266666666667 0.0175473030679
9.75 0.4 0.0182912062416
9.75 0.533333333333 0.0193618552656
9.75 0.666666666667 0.019305613304
9.75 0.8 0.0211457411376
9.75 1.0 0.0250920141557
12.9166666667 -1.0 0.00674907947213
12.9166666667 -0.8 0.00832207699167
12.9166666667 -0.666666666667 0.0103878698989
12.9166666667 -0.533333333333 0.0113033600305
12.9166666667 -0.4 0.0121789866521
12.9166666667 -0.266666666667 0.0137817092387
12.9166666667 -0.133333333333 0.0146291118265
12.9166666667 0.0 0.0161185016215
12.9166666667 0.133333333333 0.0157295788349
12.9166666667 0.266666666667 0.0160951458015
12.9166666667 0.4 0.0191697540576
12.9166666667 0.533333333333 0.0174509514478
12.9166666667 0.666666666667 0.0206391914166
12.9166666667 0.8 0.0207974178106
12.9166666667 1.0 0.0240776046896
16.0833333333 -1.0 0.00534300648973
16.0833333333 -0.8 0.00697082038669
16.0833333333 -0.666666666667 0.0094669141354
16.0833333333 -0.533333333333 0.0108286332032
16.0833333333 -0.4 0.0118229464852
16.0833333333 -0.266666666667 0.0130720053938
16.0833333333 -0.133333333333 0.0134452030393
16.0833333333 0.0 0.0149982102259
16.0833333333 0.133333333333 0.0154083918626
16.0833333333 0.266666666667 0.0158378005984
16.0833333333 0.4 0.0173554324328
16.0833333333 0.533333333333 0.0183883465451
16.0833333333 0.666666666667 0.0185506336427
16.0833333333 0.8 0.0203724458193
16.0833333333 1.0 0.0223196644643
19.25 -1.0 0.00458300549205
19.25 -0.8 0.00538320450784
19.25 -0.666666666667 0.00810434369989
19.25 -0.533333333333 0.00904652353055
19.25 -0.4 0.0107760409603
19.25 -0.266666666667 0.0130043718906
19.25 -0.133333333333 0.0118950167847
19.25 0.0 0.0144284585338
19.25 0.133333333333 0.014553358846
19.25 0.266666666667 0.0165334955871
19.25 0.4 0.0153785117226
19.25 0.533333333333 0.0163254990659
19.25 0.666666666667 0.0177252611407
19.25 0.8 0.0187016103758
19.25 1.0 0.0206760366701
22.4166666667 -1.0 0.00316174907728
22.4166666667 -0.8 0.00481857677935
22.4166666667 -0.666666666667 0.00595839521564
22.4166666667 -0.533333333333 0.00789793813487
22.4166666667 -0.4 0.00903451308719
22.4166666667 -0.266666666667 0.0106673351185
22.4166666667 -0.133333333333 0.0113667827083
22.4166666667 0.0 0.0127856520334
22.4166666667 0.133333333333 0.0142530421761
22.4166666667 0.266666666667 0.0148594515388
22.4166666667 0.4 0.014537507325
22.4166666667 0.533333333333 0.014401407589
22.4166666667 0.666666666667 0.016381839031
22.4166666667 0.8 0.0170585592272
22.4166666667 1.0 0.0175924469954
25.5833333333 -1.0 0.00302978472705
25.5833333333 -0.8 0.00414629181271
25.5833333333 -0.666666666667 0.00561865808524
25.5833333333 -0.533333333333 0.0066050794563
25.5833333333 -0.4 0.0076165556957
25.5833333333 -0.266666666667 0.00855478932195
25.5833333333 -0.133333333333 0.0101309030421
25.5833333333 0.0 0.0113603221267
25.5833333333 0.133333333333 0.0118506495666
25.5833333333 0.266666666667 0.0124725200406
25.5833333333 0.4 0.0137921301495
25.5833333333 0.533333333333 0.0135379161152
25.5833333333 0.666666666667 0.0135846614697
25.5833333333 0.8 0.0144853399277
25.5833333333 1.0 0.0154456832727
28.75 -1.0 0.00195572808792
28.75 -0.8 0.0036812686821
28.75 -0.666666666667 0.00405366649116
28.75 -0.533333333333 0.00511492667118
28.75 -0.4 0.00714849693201
28.75 -0.266666666667 0.00778070990576
28.75 -0.133333333333 0.00911427120301
28.75 0.0 0.00898371550467
28.75 0.133333333333 0.00992569238751
28.75 0.266666666667 0.0109231249872
28.75 0.4 0.0123382206677
28.75 0.533333333333 0.0130650138073
28.75 0.666666666667 0.0127147824501
28.75 0.8 0.0131066822194
28.75 1.0 0.0140637314441
31.9166666667 -1.0 0.00157969525722
31.9166666667 -0.8 0.00246435521914
31.9166666667 -0.666666666667 0.00337314050298
31.9166666667 -0.533333333333 0.00483427237698
31.9166666667 -0.4 0.00577893388326
31.9166666667 -0.266666666667 0.00673770775697
31.9166666667 -0.133333333333 0.00827533313981
31.9166666667 0.0 0.00843146415195
31.9166666667 0.133333333333 0.00902601269197
31.9166666667 0.266666666667 0.00989415010811
31.9166666667 0.4 0.0101489131801
31.9166666667 0.533333333333 0.0105450728132
31.9166666667 0.666666666667 0.0110130672736
31.9166666667 0.8 0.0108551327933
31.9166666667 1.0 0.0110347496534
35.0833333333 -1.0 0.00109461854575
35.0833333333 -0.8 0.00198255487768
35.0833333333 -0.666666666667 0.00272455399497
35.0833333333 -0.533333333333 0.00407744112195
35.0833333333 -0.4 0.0052420651918
35.0833333333 -0.266666666667 0.00568555217708
35.0833333333 -0.133333333333 0.00628883653314
35.0833333333 0.0 0.00710865808517
35.0833333333 0.133333333333 0.00780187689502
35.0833333333 0.266666666667 0.00887421656932
35.0833333333 0.4 0.00896716804379
35.0833333333 0.533333333333 0.00969764805597
35.0833333333 0.666666666667 0.00868817939596
35.0833333333 0.8 0.0101082619497
35.0833333333 1.0 0.00888696249356
38.25 -1.0 0.00102504759644
38.25 -0.8 0.0019643733918
38.25 -0.666666666667 0.00237691214538
38.25 -0.533333333333 0.00330618793415
38.25 -0.4 0.00507416433339
38.25 -0.266666666667 0.00468341460844
38.25 -0.133333333333 0.00577100647833
38.25 0.0 0.00588975031921
38.25 0.133333333333 0.00642933777376
38.25 0.266666666667 0.0082934717232
38.25 0.4 0.00754680447416
38.25 0.533333333333 0.00804729489636
38.25 0.666666666667 0.00828232473707
38.25 0.8 0.00800049667081
38.25 1.0 0.00736140148386
41.4166666667 -1.0 0.000793198575008
41.4166666667 -0.8 0.00151220911549
41.4166666667 -0.666666666667 0.00227875212654
41.4166666667 -0.533333333333 0.00274145074107
41.4166666667 -0.4 0.00369903111193
41.4166666667 -0.266666666667 0.00409455839072
41.4166666667 -0.133333333333 0.00509371209564
41.4166666667 0.0 0.00549538598666
41.4166666667 0.133333333333 0.00635455125607
41.4166666667 0.266666666667 0.00687757287787
41.4166666667 0.4 0.00660418604732
41.4166666667 0.533333333333 0.0076540232853
41.4166666667 0.666666666667 0.00756404618594
41.4166666667 0.8 0.00716996112494
41.4166666667 1.0 0.00745648096909
44.5833333333 -1.0 0.00055925318596
44.5833333333 -0.8 0.000839831200164
44.5833333333 -0.666666666667 0.0014653690647
44.5833333333 -0.533333333333 0.00227877205364
44.5833333333 -0.4 0.00358900076267
44.5833333333 -0.266666666667 0.0033531678899
44.5833333333 -0.133333333333 0.00437754663833
44.5833333333 0.0 0.00500816599193
44.5833333333 0.133333333333 0.005232380465
44.5833333333 0.266666666667 0.00564605125553
44.5833333333 0.4 0.00633095927065
44.5833333333 0.533333333333 0.00644344189285
44.5833333333 0.666666666667 0.00577706254052
44.5833333333 0.8 0.00591869522976
44.5833333333 1.0 0.0058906281601
47.75 -1.0 0.000652432654013
47.75 -0.8 0.000673492388503
47.75 -0.666666666667 0.00123992879218
47.75 -0.533333333333 0.00200536131634
47.75 -0.4 0.00282235670309
47.75 -0.266666666667 0.00318363326406
47.75 -0.133333333333 0.00358566331306
47.75 0.0 0.00411519529198
47.75 0.133333333333 0.00460260287495
47.75 0.266666666667 0.005932987292
47.75 0.4 0.00495768779667
47.75 0.533333333333 0.00533128132708
47.75 0.666666666667 0.00628538737275
47.75 0.8 0.00484685623283
47.75 1.0 0.00437923929108
50.9166666667 -1.0 0.000487433251216
50.9166666667 -0.8 0.000629146285327
50.9166666667 -0.666666666667 0.000930526395679
50.9166666667 -0.533333333333 0.00149525941262
50.9166666667 -0.4 0.00219064548454
50.9166666667 -0.266666666667 0.00289384371976
50.9166666667 -0.133333333333 0.00349854601264
50.9166666667 0.0 0.00307457221901
50.9166666667 0.133333333333 0.00447743682304
50.9166666667 0.266666666667 0.00454110715219
50.9166666667 0.4 0.00470424909996
50.9166666667 0.533333333333 0.0049172813374
50.9166666667 0.666666666667 0.00446685915795
50.9166666667 0.8 0.00444339643745
50.9166666667 1.0 0.00425307269101
54.0833333333 -1.0 0.000280013327528
54.0833333333 -0.8 0.000486882373852
54.0833333333 -0.666666666667 0.00095113969842
54.0833333333 -0.533333333333 0.00149068588026
54.0833333333 -0.4 0.0018165418254
54.0833333333 -0.266666666667 0.00221392333802
54.0833333333 -0.133333333333 0.00258232559237
54.0833333333 0.0 0.0034033403117
54.0833333333 0.133333333333 0.00365432788673
54.0833333333 0.266666666667 0.00342736203069
54.0833333333 0.4 0.00382510253223
54.0833333333 0.533333333333 0.00432802542446
54.0833333333 0.666666666667 0.00411958466469
54.0833333333 0.8 0.00389472204106
54.0833333333 1.0 0.00377711529908
57.25 -1.0 0.000187264857566
57.25 -0.8 0.00053315081699
57.25 -0.666666666667 0.000747853206462
57.25 -0.533333333333 0.00104547165571
57.25 -0.4 0.00146465081341
57.25 -0.266666666667 0.00193200762539
57.25 -0.133333333333 0.00239581585274
57.25 0.0 0.0027497507305
57.25 0.133333333333 0.00356333512876
57.25 0.266666666667 0.00265668425198
57.25 0.4 0.00408310408239
57.25 0.533333333333 0.00365791856827
57.25 0.666666666667 0.00351301360009
57.25 0.8 0.00322904967399
57.25 1.0 0.00302824244007
60.4166666667 -1.0 7.05176570832e-05
60.4166666667 -0.8 0.000164149419822
60.4166666667 -0.666666666667 0.000465716262782
60.4166666667 -0.533333333333 0.000812351667691
60.4166666667 -0.4 0.0012820976681
60.4166666667 -0.266666666667 0.00190453156806
60.4166666667 -0.133333333333 0.00179447754612
60.4166666667 0.0 0.00258326032377
60.4166666667 0.133333333333 0.00221034129328
60.4166666667 0.266666666667 0.00282008700265
60.4166666667 0.4 0.00309884856818
60.4166666667 0.533333333333 0.00298287053894
60.4166666667 0.666666666667 0.00307505826585
60.4166666667 0.8 0.00332997654293
60.4166666667 1.0 0.00277239067684
63.5833333333 -1.0 0.00016370953075
63.5833333333 -0.8 0.000254771946477
63.5833333333 -0.666666666667 0.000536442040915
63.5833333333 -0.533333333333 0.000673261190863
63.5833333333 -0.4 0.00107107242523
63.5833333333 -0.266666666667 0.0013523306921
63.5833333333 -0.133333333333 0.00190854431385
63.5833333333 0.0 0.00195856244243
63.5833333333 0.133333333333 0.00263097022448
63.5833333333 0.266666666667 0.00255967725945
63.5833333333 0.4 0.00291406400907
63.5833333333 0.533333333333 0.00260846147834
63.5833333333 0.666666666667 0.00251153061887
63.5833333333 0.8 0.00221316871199
63.5833333333 1.0 0.00211784089215
66.75 -1.0 0.000116984263675
66.75 -0.8 0.000303462020628
66.75 -0.666666666667 0.000326054710911
66.75 -0.533333333333 0.00044322956856
66.75 -0.4 0.000934053176891
66.75 -0.266666666667 0.00097556014598
66.75 -0.133333333333 0.00144337632824
66.75 0.0 0.00181620257023
66.75 0.133333333333 0.00209655629932
66.75 0.266666666667 0.00244391803724
66.75 0.4 0.00227785519151
66.75 0.533333333333 0.00218704061484
66.75 0.666666666667 0.00214265389367
66.75 0.8 0.00190999960067
66.75 1.0 0.00191095279949
69.9166666667 -1.0 4.66212296416e-05
69.9166666667 -0.8 0.000116689652619
69.9166666667 -0.666666666667 0.000162940331367
69.9166666667 -0.533333333333 0.000442970305264
69.9166666667 -0.4 0.000905466774887
69.9166666667 -0.266666666667 0.00113860707271
69.9166666667 -0.133333333333 0.00175079529345
69.9166666667 0.0 0.00175083872423
69.9166666667 0.133333333333 0.00169915435324
69.9166666667 0.266666666667 0.00177395045514
69.9166666667 0.4 0.00212460949197
69.9166666667 0.533333333333 0.0022428129482
69.9166666667 0.666666666667 0.00202437922643
69.9166666667 0.8 0.00137282786873
69.9166666667 1.0 0.00107280143861
73.0833333333 -1.0 1e-05
73.0833333333 -0.8 0.000279457143591
73.0833333333 -0.666666666667 0.000138866315016
73.0833333333 -0.533333333333 0.000303176481314
73.0833333333 -0.4 0.000771198416455
73.0833333333 -0.266666666667 0.000770085636499
73.0833333333 -0.133333333333 0.00137509204834
73.0833333333 0.0 0.00158391274127
73.0833333333 0.133333333333 0.00172231348385
73.0833333333 0.266666666667 0.001603439615
73.0833333333 0.4 0.00166903669015
73.0833333333 0.533333333333 0.0016756533998
73.0833333333 0.666666666667 0.00162929991497
73.0833333333 0.8 0.00151757117843
73.0833333333 1.0 0.0010700785244
76.25 -1.0 7.02571951557e-05
76.25 -0.8 0.000185458063457
76.25 -0.666666666667 0.000186552849461
76.25 -0.533333333333 0.000372687246428
76.25 -0.4 0.000653881228733
76.25 -0.266666666667 0.000862072559081
76.25 -0.133333333333 0.00104993507825
76.25 0.0 0.00112116124972
76.25 0.133333333333 0.00151738120097
76.25 0.266666666667 0.00179173151354
76.25 0.4 0.00177008361661
76.25 0.533333333333 0.00139654178893
76.25 0.666666666667 0.00149409921105
76.25 0.8 0.00148883387991
76.25 1.0 0.00133148754927
79.4166666667 -1.0 2.34103099005e-05
79.4166666667 -0.8 7.01502669207e-05
79.4166666667 -0.666666666667 4.67399570202e-05
79.4166666667 -0.533333333333 0.000489584725395
79.4166666667 -0.4 0.000489497772194
79.4166666667 -0.266666666667 0.000651988588434
79.4166666667 -0.133333333333 0.000840555092563
79.4166666667 0.0 0.00123399035621
79.4166666667 0.133333333333 0.000977328377336
79.4166666667 0.266666666667 0.00116313742391
79.4166666667 0.4 0.00130306341787
79.4166666667 0.533333333333 0.00167694862345
79.4166666667 0.666666666667 0.00156103807395
79.4166666667 0.8 0.00115923731755
79.4166666667 1.0 0.000766338710486
82.5833333333 -1.0 1e-05
82.5833333333 -0.8 0.000116857761307
82.5833333333 -0.666666666667 9.14644638348e-05
82.5833333333 -0.533333333333 0.000301975591894
82.5833333333 -0.4 0.000441036699875
82.5833333333 -0.266666666667 0.000396391632844
82.5833333333 -0.133333333333 0.000535336958324
82.5833333333 0.0 0.000744833669257
82.5833333333 0.133333333333 0.00116878407203
82.5833333333 0.266666666667 0.00123171913096
82.5833333333 0.4 0.0012061579546
82.5833333333 0.533333333333 0.00151133192227
82.5833333333 0.666666666667 0.00123458038275
82.5833333333 0.8 0.00116269395532
82.5833333333 1.0 0.000789952254186
85.75 -1.0 1e-05
85.75 -0.8 0.000140145687157
85.75 -0.666666666667 2.34103099005e-05
85.75 -0.533333333333 0.000164074742481
85.75 -0.4 0.000464864062317
85.75 -0.266666666667 0.000583901299989
85.75 -0.133333333333 0.000743143599649
85.75 0.0 0.000836699943386
85.75 0.133333333333 0.000650774437524
85.75 0.266666666667 0.000791812297519
85.75 0.4 0.000835544661954
85.75 0.533333333333 0.000860634293643
85.75 0.666666666667 0.00125955852711
85.75 0.8 0.000813851986835
85.75 1.0 0.000697870549336
88.9166666667 -1.0 1e-05
88.9166666667 -0.8 6.91194434856e-05
88.9166666667 -0.666666666667 6.99048351359e-05
88.9166666667 -0.533333333333 0.000280190310081
88.9166666667 -0.4 0.000301736248619
88.9166666667 -0.266666666667 0.00044061367035
88.9166666667 -0.133333333333 0.00057896936199
88.9166666667 0.0 0.000558966578403
88.9166666667 0.133333333333 0.00104567468998
88.9166666667 0.266666666667 0.000793011904545
88.9166666667 0.4 0.000675909363481
88.9166666667 0.533333333333 0.000815511203436
88.9166666667 0.666666666667 0.000929789707303
88.9166666667 0.8 0.000677198945628
88.9166666667 1.0 0.000327551890207
92.0833333333 -1.0 1e-05
92.0833333333 -0.8 4.65903620071e-05
92.0833333333 -0.666666666667 9.30950913865e-05
92.0833333333 -0.533333333333 0.000140607370573
92.0833333333 -0.4 0.000184246478486
92.0833333333 -0.266666666667 0.000257051416457
92.0833333333 -0.133333333333 0.000466701664815
92.0833333333 0.0 0.00055959013566
92.0833333333 0.133333333333 0.000720725503557
92.0833333333 0.266666666667 0.000746826401662
92.0833333333 0.4 0.00100146215629
92.0833333333 0.533333333333 0.000653357486717
92.0833333333 0.666666666667 0.000557534970294
92.0833333333 0.8 0.000627812131148
92.0833333333 1.0 0.000653594681581
95.25 -1.0 1e-05
95.25 -0.8 2.32951810036e-05
95.25 -0.666666666667 2.31948002412e-05
95.25 -0.533333333333 0.000257587400853
95.25 -0.4 0.000209392542729
95.25 -0.266666666667 0.000233085830663
95.25 -0.133333333333 0.000303821781149
95.25 0.0 0.000326690141065
95.25 0.133333333333 0.000627542141679
95.25 0.266666666667 0.000585316441481
95.25 0.4 0.000721925626982
95.25 0.533333333333 0.000977245224231
95.25 0.666666666667 0.000511292861502
95.25 0.8 0.000302425449092
95.25 1.0 0.000583422309006
100.0 -1.0 1e-05
100.0 -0.8 1e-05
100.0 -0.666666666667 9.39134208868e-05
100.0 -0.533333333333 0.000116816297963
100.0 -0.4 0.000187442906439
100.0 -0.266666666667 0.000326502763854
100.0 -0.133333333333 0.000370684143163
100.0 0.0 0.000395115745106
100.0 0.133333333333 0.000605622898177
100.0 0.266666666667 0.000420744957803
100.0 0.4 0.000487918165999
100.0 0.533333333333 0.000626360266859
100.0 0.666666666667 0.000581131096769
100.0 0.8 0.000372416354912
100.0 1.0 0.000303339341875
