5.0 -1.0 0.0117996697092
5.0 -0.8 0.0223544448695
5.0 -0.666666666667 0.0355711245488
5.0 -0.533333333333 0.0539149640426
5.0 -0.4 0.0701073062005
5.0 -0.266666666667 0.0880662098478
5.0 -0.133333333333 0.108770761403
5.0 0.0 0.126686344526
5.0 0.133333333333 0.140801307591
5.0 0.266666666667 0.153144691452
5.0 0.4 0.16409755334
5.0 0.533333333333 0.165044012279
5.0 0.666666666667 0.166076170102
5.0 0.8 0.152786518679
5.0 1.0 0.15402164535
9.75 -1.0 0.00068472486539
9.75 -0.8 0.0034705559776
9.75 -0.666666666667 0.0080022164829
9.75 -0.533333333333 0.0129092373692
9.75 -0.4 0.0201099175251
9.75 -0.266666666667 0.0286079491893
9.75 -0.133333333333 0.036139288768
9.75 0.0 0.0440224172251
9.75 0.133333333333 0.0522643031046
9.75 0.266666666667 0.0583701921264
9.75 0.4 0.0617231497271
9.75 0.533333333333 0.0619612392841
9.75 0.666666666667 0.0597434235482
9.75 0.8 0.0523537153684
9.75 1.0 0.0421149103534
12.9166666667 -1.0 4.72150710199e-05
12.9166666667 -0.8 0.000377501493226
12.9166666667 -0.666666666667 0.00106243400746
12.9166666667 -0.533333333333 0.00250204523654
12.9166666667 -0.4 0.00472129606277
12.9166666667 -0.266666666667 0.00736521751019
12.9166666667 -0.133333333333 0.0106944787731
12.9166666667 0.0 0.0145642072987
12.9166666667 0.133333333333 0.0167355362074
12.9166666667 0.266666666667 0.0194040751408
12.9166666667 0.4 0.0201603527203
12.9166666667 0.533333333333 0.0211749025006
12.9166666667 0.666666666667 0.0183401969438
12.9166666667 0.8 0.0148695652865
12.9166666667 1.0 0.00974655398095
16.0833333333 -1.0 1e-05
16.0833333333 -0.8 1e-05
16.0833333333 -0.666666666667 9.45667196842e-05
16.0833333333 -0.533333333333 0.000212410539141
16.0833333333 -0.4 0.000684168202066
16.0833333333 -0.266666666667 0.00165252153127
16.0833333333 -0.133333333333 0.00243138178391
16.0833333333 0.0 0.00405938610937
16.0833333333 0.133333333333 0.00457929244796
16.0833333333 0.266666666667 0.0059479976215
16.0833333333 0.4 0.00649123090149
16.0833333333 0.533333333333 0.0063480178417
16.0833333333 0.666666666667 0.00465039278898
16.0833333333 0.8 0.00375147671583
16.0833333333 1.0 0.00181788835213
19.25 -1.0 1e-05
19.25 -0.8 1e-05
19.25 -0.666666666667 1e-05
19.25 -0.533333333333 1e-05
19.25 -0.4 7.09556854318e-05
19.25 -0.266666666667 4.7257408692e-05
19.25 -0.133333333333 0.000636903430399
19.25 0.0 0.000707882799088
19.25 0.133333333333 0.00110908142432
19.25 0.266666666667 0.00115650193687
19.25 0.4 0.00125179469018
19.25 0.533333333333 0.000991310797636
19.25 0.666666666667 0.00127468496052
19.25 0.8 0.000567246412566
19.25 1.0 7.07959369076e-05
22.4166666667 -1.0 1e-05
22.4166666667 -0.8 1e-05
22.4166666667 -0.666666666667 1e-05
22.4166666667 -0.533333333333 1e-05
22.4166666667 -0.4 1e-05
22.4166666667 -0.266666666667 1e-05
22.4166666667 -0.133333333333 1e-05
22.4166666667 0.0 1e-05
22.4166666667 0.133333333333 7.07884864935e-05
22.4166666667 0.266666666667 7.08003257745e-05
22.4166666667 0.4 9.42682186393e-05
22.4166666667 0.533333333333 7.08685386477e-05
22.4166666667 0.666666666667 2.3636936653e-05
22.4166666667 0.8 1e-05
22.4166666667 1.0 1e-05
25.5833333333 -1.0 1e-05
25.5833333333 -0.8 1e-05
25.5833333333 -0.666666666667 1e-05
25.5833333333 -0.533333333333 1e-05
25.5833333333 -0.4 1e-05
25.5833333333 -0.266666666667 1e-05
25.5833333333 -0.133333333333 1e-05
25.5833333333 0.0 1e-05
25.5833333333 0.133333333333 1e-05
25.5833333333 0.266666666667 1e-05
25.5833333333 0.4 1e-05
25.5833333333 0.533333333333 1e-05
25.5833333333 0.666666666667 1e-05
25.5833333333 0.8 1e-05
25.5833333333 1.0 1e-05
28.75 -1.0 1e-05
28.75 -0.8 1e-05
28.75 -0.666666666667 1e-05
28.75 -0.533333333333 1e-05
28.75 -0.4 1e-05
28.75 -0.266666666667 1e-05
28.75 -0.133333333333 1e-05
28.75 0.0 1e-05
28.75 0.133333333333 1e-05
28.75 0.266666666667 1e-05
28.75 0.4 1e-05
28.75 0.533333333333 1e-05
28.75 0.666666666667 1e-05
28.75 0.8 1e-05
28.75 1.0 1e-05
31.9166666667 -1.0 1e-05
31.9166666667 -0.8 1e-05
31.9166666667 -0.666666666667 1e-05
31.9166666667 -0.533333333333 1e-05
31.9166666667 -0.4 1e-05
31.9166666667 -0.266666666667 1e-05
31.9166666667 -0.133333333333 1e-05
31.9166666667 0.0 1e-05
31.9166666667 0.133333333333 1e-05
31.9166666667 0.266666666667 1e-05
31.9166666667 0.4 1e-05
31.9166666667 0.533333333333 1e-05
31.9166666667 0.666666666667 1e-05
31.9166666667 0.8 1e-05
31.9166666667 1.0 1e-05
35.0833333333 -1.0 1e-05
35.0833333333 -0.8 1e-05
35.0833333333 -0.666666666667 1e-05
35.0833333333 -0.533333333333 1e-05
35.0833333333 -0.4 1e-05
35.0833333333 -0.266666666667 1e-05
35.0833333333 -0.133333333333 1e-05
35.0833333333 0.0 1e-05
35.0833333333 0.133333333333 1e-05
35.0833333333 0.266666666667 1e-05
35.0833333333 0.4 1e-05
35.0833333333 0.533333333333 1e-05
35.0833333333 0.666666666667 1e-05
35.0833333333 0.8 1e-05
35.0833333333 1.0 1e-05
38.25 -1.0 1e-05
38.25 -0.8 1e-05
38.25 -0.666666666667 1e-05
38.25 -0.533333333333 1e-05
38.25 -0.4 1e-05
38.25 -0.266666666667 1e-05
38.25 -0.133333333333 1e-05
38.25 0.0 1e-05
38.25 0.133333333333 1e-05
38.25 0.266666666667 1e-05
38.25 0.4 1e-05
38.25 0.533333333333 1e-05
38.25 0.666666666667 1e-05
38.25 0.8 1e-05
38.25 1.0 1e-05
41.4166666667 -1.0 1e-05
41.4166666667 -0.8 1e-05
41.4166666667 -0.666666666667 1e-05
41.4166666667 -0.533333333333 1e-05
41.4166666667 -0.4 1e-05
41.4166666667 -0.266666666667 1e-05
41.4166666667 -0.133333333333 1e-05
41.4166666667 0.0 1e-05
41.4166666667 0.133333333333 1e-05
41.4166666667 0.266666666667 1e-05
41.4166666667 0.4 1e-05
41.4166666667 0.533333333333 1e-05
41.4166666667 0.666666666667 1e-05
41.4166666667 0.8 1e-05
41.4166666667 1.0 1e-05
44.5833333333 -1.0 1e-05
44.5833333333 -0.8 1e-05
44.5833333333 -0.666666666667 1e-05
44.5833333333 -0.533333333333 1e-05
44.5833333333 -0.4 1e-05
44.5833333333 -0.266666666667 1e-05
44.5833333333 -0.133333333333 1e-05
44.5833333333 0.0 1e-05
44.5833333333 0.133333333333 1e-05
44.5833333333 0.266666666667 1e-05
44.5833333333 0.4 1e-05
44.5833333333 0.533333333333 1e-05
44.5833333333 0.666666666667 1e-05
44.5833333333 0.8 1e-05
44.5833333333 1.0 1e-05
47.75 -1.0 1e-05
47.75 -0.8 1e-05
47.75 -0.666666666667 1e-05
47.75 -0.533333333333 1e-05
47.75 -0.4 1e-05
47.75 -0.266666666667 1e-05
47.75 -0.133333333333 1e-05
47.75 0.0 1e-05
47.75 0.133333333333 1e-05
47.75 0.266666666667 1e-05
47.75 0.4 1e-05
47.75 0.533333333333 1e-05
47.75 0.666666666667 1e-05
47.75 0.8 1e-05
47.75 1.0 1e-05
50.9166666667 -1.0 1e-05
50.9166666667 -0.8 1e-05
50.9166666667 -0.666666666667 1e-05
50.9166666667 -0.533333333333 1e-05
50.9166666667 -0.4 1e-05
50.9166666667 -0.266666666667 1e-05
50.9166666667 -0.133333333333 1e-05
50.9166666667 0.0 1e-05
50.9166666667 0.133333333333 1e-05
50.9166666667 0.266666666667 1e-05
50.9166666667 0.4 1e-05
50.9166666667 0.533333333333 1e-05
50.9166666667 0.666666666667 1e-05
50.9166666667 0.8 1e-05
50.9166666667 1.0 1e-05
54.0833333333 -1.0 1e-05
54.0833333333 -0.8 1e-05
54.0833333333 -0.666666666667 1e-05
54.0833333333 -0.533333333333 1e-05
54.0833333333 -0.4 1e-05
54.0833333333 -0.266666666667 1e-05
54.0833333333 -0.133333333333 1e-05
54.0833333333 0.0 1e-05
54.0833333333 0.133333333333 1e-05
54.0833333333 0.266666666667 1e-05
54.0833333333 0.4 1e-05
54.0833333333 0.533333333333 1e-05
54.0833333333 0.666666666667 1e-05
54.0833333333 0.8 1e-05
54.0833333333 1.0 1e-05
57.25 -1.0 1e-05
57.25 -0.8 1e-05
57.25 -0.666666666667 1e-05
57.25 -0.533333333333 1e-05
57.25 -0.4 1e-05
57.25 -0.266666666667 1e-05
57.25 -0.133333333333 1e-05
57.25 0.0 1e-05
57.25 0.133333333333 1e-05
57.25 0.266666666667 1e-05
57.25 0.4 1e-05
57.25 0.533333333333 1e-05
57.25 0.666666666667 1e-05
57.25 0.8 1e-05
57.25 1.0 1e-05
60.4166666667 -1.0 1e-05
60.4166666667 -0.8 1e-05
60.4166666667 -0.666666666667 1e-05
60.4166666667 -0.533333333333 1e-05
60.4166666667 -0.4 1e-05
60.4166666667 -0.266666666667 1e-05
60.4166666667 -0.133333333333 1e-05
60.4166666667 0.0 1e-05
60.4166666667 0.133333333333 1e-05
60.4166666667 0.266666666667 1e-05
60.4166666667 0.4 1e-05
60.4166666667 0.533333333333 1e-05
60.4166666667 0.666666666667 1e-05
60.4166666667 0.8 1e-05
60.4166666667 1.0 1e-05
63.5833333333 -1.0 1e-05
63.5833333333 -0.8 1e-05
63.5833333333 -0.666666666667 1e-05
63.5833333333 -0.533333333333 1e-05
63.5833333333 -0.4 1e-05
63.5833333333 -0.266666666667 1e-05
63.5833333333 -0.133333333333 1e-05
63.5833333333 0.0 1e-05
63.5833333333 0.133333333333 1e-05
63.5833333333 0.266666666667 1e-05
63.5833333333 0.4 1e-05
63.5833333333 0.533333333333 1e-05
63.5833333333 0.666666666667 1e-05
63.5833333333 0.8 1e-05
63.5833333333 1.0 1e-05
66.75 -1.0 1e-05
66.75 -0.8 1e-05
66.75 -0.666666666667 1e-05
66.75 -0.533333333333 1e-05
66.75 -0.4 1e-05
66.75 -0.266666666667 1e-05
66.75 -0.133333333333 1e-05
66.75 0.0 1e-05
66.75 0.133333333333 1e-05
66.75 0.266666666667 1e-05
66.75 0.4 1e-05
66.75 0.533333333333 1e-05
66.75 0.666666666667 1e-05
66.75 0.8 1e-05
66.75 1.0 1e-05
69.9166666667 -1.0 1e-05
69.9166666667 -0.8 1e-05
69.9166666667 -0.666666666667 1e-05
69.9166666667 -0.533333333333 1e-05
69.9166666667 -0.4 1e-05
69.9166666667 -0.266666666667 1e-05
69.9166666667 -0.133333333333 1e-05
69.9166666667 0.0 1e-05
69.9166666667 0.133333333333 1e-05
69.9166666667 0.266666666667 1e-05
69.9166666667 0.4 1e-05
69.9166666667 0.533333333333 1e-05
69.9166666667 0.666666666667 1e-05
69.9166666667 0.8 1e-05
69.9166666667 1.0 1e-05
73.0833333333 -1.0 1e-05
73.0833333333 -0.8 1e-05
73.0833333333 -0.666666666667 1e-05
73.0833333333 -0.533333333333 1e-05
73.0833333333 -0.4 1e-05
73.0833333333 -0.266666666667 1e-05
73.0833333333 -0.133333333333 1e-05
73.0833333333 0.0 1e-05
73.0833333333 0.133333333333 1e-05
73.0833333333 0.266666666667 1e-05
73.0833333333 0.4 1e-05
73.0833333333 0.533333333333 1e-05
73.0833333333 0.666666666667 1e-05
73.0833333333 0.8 1e-05
73.0833333333 1.0 1e-05
76.25 -1.0 1e-05
76.25 -0.8 1e-05
76.25 -0.666666666667 1e-05
76.25 -0.533333333333 1e-05
76.25 -0.4 1e-05
76.25 -0.266666666667 1e-05
76.25 -0.133333333333 1e-05
76.25 0.0 1e-05
76.25 0.133333333333 1e-05
76.25 0.266666666667 1e-05
76.25 0.4 1e-05
76.25 0.533333333333 1e-05
76.25 0.666666666667 1e-05
76.25 0.8 1e-05
76.25 1.0 1e-05
79.4166666667 -1.0 1e-05
79.4166666667 -0.8 1e-05
79.4166666667 -0.666666666667 1e-05
79.4166666667 -0.533333333333 1e-05
79.4166666667 -0.4 1e-05
79.4166666667 -0.266666666667 1e-05
79.4166666667 -0.133333333333 1e-05
79.4166666667 0.0 1e-05
79.4166666667 0.133333333333 1e-05
79.4166666667 0.266666666667 1e-05
79.4166666667 0.4 1e-05
79.4166666667 0.533333333333 1e-05
79.4166666667 0.666666666667 1e-05
79.4166666667 0.8 1e-05
79.4166666667 1.0 1e-05
82.5833333333 -1.0 1e-05
82.5833333333 -0.8 1e-05
82.5833333333 -0.666666666667 1e-05
82.5833333333 -0.533333333333 1e-05
82.5833333333 -0.4 1e-05
82.5833333333 -0.266666666667 1e-05
82.5833333333 -0.133333333333 1e-05
82.5833333333 0.0 1e-05
82.5833333333 0.133333333333 1e-05
82.5833333333 0.266666666667 1e-05
82.5833333333 0.4 1e-05
82.5833333333 0.533333333333 1e-05
82.5833333333 0.666666666667 1e-05
82.5833333333 0.8 1e-05
82.5833333333 1.0 1e-05
85.75 -1.0 1e-05
85.75 -0.8 1e-05
85.75 -0.666666666667 1e-05
85.75 -0.533333333333 1e-05
85.75 -0.4 1e-05
85.75 -0.266666666667 1e-05
85.75 -0.133333333333 1e-05
85.75 0.0 1e-05
85.75 0.133333333333 1e-05
85.75 0.266666666667 1e-05
85.75 0.4 1e-05
85.75 0.533333333333 1e-05
85.75 0.666666666667 1e-05
85.75 0.8 1e-05
85.75 1.0 1e-05
88.9166666667 -1.0 1e-05
88.9166666667 -0.8 1e-05
88.9166666667 -0.666666666667 1e-05
88.9166666667 -0.533333333333 1e-05
88.9166666667 -0.4 1e-05
88.9166666667 -0.266666666667 1e-05
88.9166666667 -0.133333333333 1e-05
88.9166666667 0.0 1e-05
88.9166666667 0.133333333333 1e-05
88.9166666667 0.266666666667 1e-05
88.9166666667 0.4 1e-05
88.9166666667 0.533333333333 1e-05
88.9166666667 0.666666666667 1e-05
88.9166666667 0.8 1e-05
88.9166666667 1.0 1e-05
92.0833333333 -1.0 1e-05
92.0833333333 -0.8 1e-05
92.0833333333 -0.666666666667 1e-05
92.0833333333 -0.533333333333 1e-05
92.0833333333 -0.4 1e-05
92.0833333333 -0.266666666667 1e-05
92.0833333333 -0.133333333333 1e-05
92.0833333333 0.0 1e-05
92.0833333333 0.133333333333 1e-05
92.0833333333 0.266666666667 1e-05
92.0833333333 0.4 1e-05
92.0833333333 0.533333333333 1e-05
92.0833333333 0.666666666667 1e-05
92.0833333333 0.8 1e-05
92.0833333333 1.0 1e-05
95.25 -1.0 1e-05
95.25 -0.8 1e-05
95.25 -0.666666666667 1e-05
95.25 -0.533333333333 1e-05
95.25 -0.4 1e-05
95.25 -0.266666666667 1e-05
95.25 -0.133333333333 1e-05
95.25 0.0 1e-05
95.25 0.133333333333 1e-05
95.25 0.266666666667 1e-05
95.25 0.4 1e-05
95.25 0.533333333333 1e-05
95.25 0.666666666667 1e-05
95.25 0.8 1e-05
95.25 1.0 1e-05
100.0 -1.0 1e-05
100.0 -0.8 1e-05
100.0 -0.666666666667 1e-05
100.0 -0.533333333333 1e-05
100.0 -0.4 1e-05
100.0 -0.266666666667 1e-05
100.0 -0.133333333333 1e-05
100.0 0.0 1e-05
100.0 0.133333333333 1e-05
100.0 0.266666666667 1e-05
100.0 0.4 1e-05
100.0 0.533333333333 1e-05
100.0 0.666666666667 1e-05
100.0 0.8 1e-05
100.0 1.0 1e-05
