5.0 -1.0 0.018833152125
5.0 -0.8 0.0180225859788
5.0 -0.666666666667 0.0172856146237
5.0 -0.533333333333 0.016342598301
5.0 -0.4 0.0155321012554
5.0 -0.266666666667 0.0152038898452
5.0 -0.133333333333 0.0149220307007
5.0 0.0 0.0145261185495
5.0 0.133333333333 0.0143882053511
5.0 0.266666666667 0.0138384790083
5.0 0.4 0.0136347360955
5.0 0.533333333333 0.0129778397549
5.0 0.666666666667 0.0127624692052
5.0 0.8 0.0119974132546
5.0 1.0 0.011137876401
9.75 -1.0 0.0194614884933
9.75 -0.8 0.0181267191063
9.75 -0.666666666667 0.0172309325118
9.75 -0.533333333333 0.0169146735005
9.75 -0.4 0.0160939035063
9.75 -0.266666666667 0.0158488816419
9.75 -0.133333333333 0.0155655296792
9.75 0.0 0.0148560578466
9.75 0.133333333333 0.0145065285011
9.75 0.266666666667 0.0144026932678
9.75 0.4 0.0137292820782
9.75 0.533333333333 0.0130279070332
9.75 0.666666666667 0.0121608678498
9.75 0.8 0.0113646563556
9.75 1.0 0.00987782867034
12.9166666667 -1.0 0.0182283637773
12.9166666667 -0.8 0.0179206921587
12.9166666667 -0.666666666667 0.0168343517685
12.9166666667 -0.533333333333 0.0166498534214
12.9166666667 -0.4 0.0162546778804
12.9166666667 -0.266666666667 0.0157682235999
12.9166666667 -0.133333333333 0.0155534922833
12.9166666667 0.0 0.0155275238213
12.9166666667 0.133333333333 0.0144928754651
12.9166666667 0.266666666667 0.0141202741163
12.9166666667 0.4 0.0135115028551
12.9166666667 0.533333333333 0.0125585056376
12.9166666667 0.666666666667 0.0115655527963
12.9166666667 0.8 0.0104738362851
12.9166666667 1.0 0.00846060369891
16.0833333333 -1.0 0.0171104091291
16.0833333333 -0.8 0.0171008329223
16.0833333333 -0.666666666667 0.0168718835225
16.0833333333 -0.533333333333 0.0162765861882
16.0833333333 -0.4 0.0157285247754
16.0833333333 -0.266666666667 0.0156438970965
16.0833333333 -0.133333333333 0.0148275970262
16.0833333333 0.0 0.0145755343512
16.0833333333 0.133333333333 0.013989347849
16.0833333333 0.266666666667 0.0136308317721
16.0833333333 0.4 0.012836971474
16.0833333333 0.533333333333 0.0116003180733
16.0833333333 0.666666666667 0.010738558684
16.0833333333 0.8 0.00929530491789
16.0833333333 1.0 0.00727238557445
19.25 -1.0 0.0156452757843
19.25 -0.8 0.0154705054311
19.25 -0.666666666667 0.0153433898031
19.25 -0.533333333333 0.0153133924598
19.25 -0.4 0.0147882841733
19.25 -0.266666666667 0.0145208586662
19.25 -0.133333333333 0.0145776913789
19.25 0.0 0.0137526705172
19.25 0.133333333333 0.0134201616029
19.25 0.266666666667 0.012352375666
19.25 0.4 0.0114256913322
19.25 0.533333333333 0.0105517713476
19.25 0.666666666667 0.00959216376118
19.25 0.8 0.00772348808775
19.25 1.0 0.00595425889324
22.4166666667 -1.0 0.013744121977
22.4166666667 -0.8 0.0137767930227
22.4166666667 -0.666666666667 0.0138117886388
22.4166666667 -0.533333333333 0.0136119296393
22.4166666667 -0.4 0.0137171619074
22.4166666667 -0.266666666667 0.0134436089843
22.4166666667 -0.133333333333 0.0130040029371
22.4166666667 0.0 0.0127868345377
22.4166666667 0.133333333333 0.0119763890284
22.4166666667 0.266666666667 0.0110364353304
22.4166666667 0.4 0.0104806561036
22.4166666667 0.533333333333 0.00934468527515
22.4166666667 0.666666666667 0.0078040663831
22.4166666667 0.8 0.00665559535973
22.4166666667 1.0 0.00507261473654
25.5833333333 -1.0 0.0116850459147
25.5833333333 -0.8 0.0118298953425
25.5833333333 -0.666666666667 0.0124729765408
25.5833333333 -0.533333333333 0.0126263108729
25.5833333333 -0.4 0.0123705622022
25.5833333333 -0.266666666667 0.0123218110962
25.5833333333 -0.133333333333 0.0122267136281
25.5833333333 0.0 0.0112679532942
25.5833333333 0.133333333333 0.0109939108317
25.5833333333 0.266666666667 0.010110048221
25.5833333333 0.4 0.00921000189288
25.5833333333 0.533333333333 0.00811833142371
25.5833333333 0.666666666667 0.00711131879718
25.5833333333 0.8 0.00559714717969
25.5833333333 1.0 0.00387979762299
28.75 -1.0 0.00987588144524
28.75 -0.8 0.0105287138663
28.75 -0.666666666667 0.0109093006811
28.75 -0.533333333333 0.0108990857745
28.75 -0.4 0.0111048143486
28.75 -0.266666666667 0.010804518807
28.75 -0.133333333333 0.0106884537991
28.75 0.0 0.010482951884
28.75 0.133333333333 0.00981894610738
28.75 0.266666666667 0.0089117489671
28.75 0.4 0.00805684848665
28.75 0.533333333333 0.00712112509677
28.75 0.666666666667 0.00584753378544
28.75 0.8 0.00448678887521
28.75 1.0 0.00327694801148
31.9166666667 -1.0 0.00858596937174
31.9166666667 -0.8 0.00928499867635
31.9166666667 -0.666666666667 0.00987092833892
31.9166666667 -0.533333333333 0.00982436097771
31.9166666667 -0.4 0.0098010115509
31.9166666667 -0.266666666667 0.00971519703142
31.9166666667 -0.133333333333 0.00937272354622
31.9166666667 0.0 0.00927608015889
31.9166666667 0.133333333333 0.00856027708103
31.9166666667 0.266666666667 0.00772078397589
31.9166666667 0.4 0.00737630569014
31.9166666667 0.533333333333 0.00622318253565
31.9166666667 0.666666666667 0.00498057001135
31.9166666667 0.8 0.00388408465977
31.9166666667 1.0 0.00256855504189
35.0833333333 -1.0 0.00725345673325
35.0833333333 -0.8 0.00786575604876
35.0833333333 -0.666666666667 0.00839976566438
35.0833333333 -0.533333333333 0.00877329950352
35.0833333333 -0.4 0.00882451131036
35.0833333333 -0.266666666667 0.00847246114322
35.0833333333 -0.133333333333 0.00841378505682
35.0833333333 0.0 0.00800998768589
35.0833333333 0.133333333333 0.00763856517842
35.0833333333 0.266666666667 0.00658258829042
35.0833333333 0.4 0.00604847089157
35.0833333333 0.533333333333 0.00517667217142
35.0833333333 0.666666666667 0.0042831738144
35.0833333333 0.8 0.00312343707567
35.0833333333 1.0 0.0020792427605
38.25 -1.0 0.00634140779284
38.25 -0.8 0.00679536689171
38.25 -0.666666666667 0.00735268213463
38.25 -0.533333333333 0.00750160299025
38.25 -0.4 0.00800504286006
38.25 -0.266666666667 0.00775442291781
38.25 -0.133333333333 0.00752743299657
38.25 0.0 0.00725855611353
38.25 0.133333333333 0.00665112332938
38.25 0.266666666667 0.00615023434911
38.25 0.4 0.00527595954844
38.25 0.533333333333 0.00454322688099
38.25 0.666666666667 0.00362378727494
38.25 0.8 0.00254712644915
38.25 1.0 0.00163260148486
41.4166666667 -1.0 0.0049830838572
41.4166666667 -0.8 0.00610748768782
41.4166666667 -0.666666666667 0.00654903470094
41.4166666667 -0.533333333333 0.00694181120697
41.4166666667 -0.4 0.00690811141936
41.4166666667 -0.266666666667 0.00707377355729
41.4166666667 -0.133333333333 0.00653286495173
41.4166666667 0.0 0.0063578802422
41.4166666667 0.133333333333 0.00574351750089
41.4166666667 0.266666666667 0.00508929949539
41.4166666667 0.4 0.00465477762369
41.4166666667 0.533333333333 0.0037304148274
41.4166666667 0.666666666667 0.00296758978266
41.4166666667 0.8 0.00213363477204
41.4166666667 1.0 0.00135392786479
44.5833333333 -1.0 0.00432380096919
44.5833333333 -0.8 0.00524082890588
44.5833333333 -0.666666666667 0.00551874607599
44.5833333333 -0.533333333333 0.00584524397518
44.5833333333 -0.4 0.00621181535428
44.5833333333 -0.266666666667 0.00604159676939
44.5833333333 -0.133333333333 0.00594967727729
44.5833333333 0.0 0.00569639190665
44.5833333333 0.133333333333 0.00518841815834
44.5833333333 0.266666666667 0.00474896457921
44.5833333333 0.4 0.00396182132987
44.5833333333 0.533333333333 0.0033314105222
44.5833333333 0.666666666667 0.00269331100988
44.5833333333 0.8 0.00179788970125
44.5833333333 1.0 0.00110818380137
47.75 -1.0 0.00353480071802
47.75 -0.8 0.00444415418649
47.75 -0.666666666667 0.00498273775748
47.75 -0.533333333333 0.00523324521135
47.75 -0.4 0.00534197004702
47.75 -0.266666666667 0.00533241964405
47.75 -0.133333333333 0.00516202626823
47.75 0.0 0.00477520152644
47.75 0.133333333333 0.00456718631702
47.75 0.266666666667 0.00389872465225
47.75 0.4 0.0034069163574
47.75 0.533333333333 0.0027478735547
47.75 0.666666666667 0.00229910618107
47.75 0.8 0.00154057219971
47.75 1.0 0.000890822088454
50.9166666667 -1.0 0.0030267021789
50.9166666667 -0.8 0.00367161684423
50.9166666667 -0.666666666667 0.00437123846159
50.9166666667 -0.533333333333 0.00462635963967
50.9166666667 -0.4 0.00475806855448
50.9166666667 -0.266666666667 0.00492137867848
50.9166666667 -0.133333333333 0.00467374387967
50.9166666667 0.0 0.00437092551316
50.9166666667 0.133333333333 0.00404993291862
50.9166666667 0.266666666667 0.0034729581906
50.9166666667 0.4 0.00291316205681
50.9166666667 0.533333333333 0.00252533634063
50.9166666667 0.666666666667 0.00174836083521
50.9166666667 0.8 0.00122382527365
50.9166666667 1.0 0.000730141898651
54.0833333333 -1.0 0.00260606796789
54.0833333333 -0.8 0.00338351030703
54.0833333333 -0.666666666667 0.00383228064077
54.0833333333 -0.533333333333 0.00391708803456
54.0833333333 -0.4 0.00410671391141
54.0833333333 -0.266666666667 0.00408969344293
54.0833333333 -0.133333333333 0.0041675611286
54.0833333333 0.0 0.00371180949712
54.0833333333 0.133333333333 0.00350631977345
54.0833333333 0.266666666667 0.00313988726263
54.0833333333 0.4 0.00251176284261
54.0833333333 0.533333333333 0.00211943507363
54.0833333333 0.666666666667 0.00156641910081
54.0833333333 0.8 0.00109154482615
54.0833333333 1.0 0.000564605041499
57.25 -1.0 0.00219986917244
57.25 -0.8 0.00284519081149
57.25 -0.666666666667 0.00325805311638
57.25 -0.533333333333 0.00347339920709
57.25 -0.4 0.00357013568409
57.25 -0.266666666667 0.00357907051599
57.25 -0.133333333333 0.00343031749042
57.25 0.0 0.00327229474933
57.25 0.133333333333 0.00306918451758
57.25 0.266666666667 0.00259423415543
57.25 0.4 0.00212644580069
57.25 0.533333333333 0.00173863960684
57.25 0.666666666667 0.00132793844916
57.25 0.8 0.000838704668628
57.25 1.0 0.000446428530981
60.4166666667 -1.0 0.0019278891182
60.4166666667 -0.8 0.00236968983868
60.4166666667 -0.666666666667 0.00272415145787
60.4166666667 -0.533333333333 0.00316324379357
60.4166666667 -0.4 0.0031730715102
60.4166666667 -0.266666666667 0.00311405610705
60.4166666667 -0.133333333333 0.00302434732105
60.4166666667 0.0 0.0028068993373
60.4166666667 0.133333333333 0.00262501530529
60.4166666667 0.266666666667 0.00228483776974
60.4166666667 0.4 0.00196594505848
60.4166666667 0.533333333333 0.00149062245627
60.4166666667 0.666666666667 0.000990040460589
60.4166666667 0.8 0.000730163505006
60.4166666667 1.0 0.000281130654946
63.5833333333 -1.0 0.00152608435291
63.5833333333 -0.8 0.00201052590349
63.5833333333 -0.666666666667 0.00242170394234
63.5833333333 -0.533333333333 0.00274078238404
63.5833333333 -0.4 0.0029702433268
63.5833333333 -0.266666666667 0.00283778355216
63.5833333333 -0.133333333333 0.0026177104225
63.5833333333 0.0 0.00254706413626
63.5833333333 0.133333333333 0.00242646133404
63.5833333333 0.266666666667 0.00198691266867
63.5833333333 0.4 0.00159726934644
63.5833333333 0.533333333333 0.00124501551179
63.5833333333 0.666666666667 0.000819942110889
63.5833333333 0.8 0.000604830825676
63.5833333333 1.0 0.000264682534049
66.75 -1.0 0.00139161548402
66.75 -0.8 0.0018827548103
66.75 -0.666666666667 0.00214041609247
66.75 -0.533333333333 0.00241460169983
66.75 -0.4 0.0024807799798
66.75 -0.266666666667 0.00245449507666
66.75 -0.133333333333 0.00260620338978
66.75 0.0 0.00231296346424
66.75 0.133333333333 0.00209097881093
66.75 0.266666666667 0.00164917205495
66.75 0.4 0.00146018611034
66.75 0.533333333333 0.001055988472
66.75 0.666666666667 0.000711059366529
66.75 0.8 0.000503309673801
66.75 1.0 0.000191422556552
69.9166666667 -1.0 0.00114123711874
69.9166666667 -0.8 0.00150023899283
69.9166666667 -0.666666666667 0.00178834099326
69.9166666667 -0.533333333333 0.00206494501023
69.9166666667 -0.4 0.00216674875112
69.9166666667 -0.266666666667 0.0022353334801
69.9166666667 -0.133333333333 0.00214294665142
69.9166666667 0.0 0.00190645229157
69.9166666667 0.133333333333 0.0017530951754
69.9166666667 0.266666666667 0.00152164039685
69.9166666667 0.4 0.00118137144753
69.9166666667 0.533333333333 0.000890773458819
69.9166666667 0.666666666667 0.000666388212639
69.9166666667 0.8 0.00039213087877
69.9166666667 1.0 0.000148795871904
73.0833333333 -1.0 0.000919208644571
73.0833333333 -0.8 0.00125925741635
73.0833333333 -0.666666666667 0.00158321751313
73.0833333333 -0.533333333333 0.00195134491898
73.0833333333 -0.4 0.00203650080032
73.0833333333 -0.266666666667 0.00188315798245
73.0833333333 -0.133333333333 0.00172257788326
73.0833333333 0.0 0.00161364094101
73.0833333333 0.133333333333 0.00150013746573
73.0833333333 0.266666666667 0.00139395138779
73.0833333333 0.4 0.00108198103571
73.0833333333 0.533333333333 0.000727569843202
73.0833333333 0.666666666667 0.000614173578241
73.0833333333 0.8 0.000363997400048
73.0833333333 1.0 0.000125162947492
76.25 -1.0 0.000827075518743
76.25 -0.8 0.00113658138221
76.25 -0.666666666667 0.00135618939816
76.25 -0.533333333333 0.00158791686252
76.25 -0.4 0.00166083753902
76.25 -0.266666666667 0.00165866676803
76.25 -0.133333333333 0.001635027845
76.25 0.0 0.00160897371908
76.25 0.133333333333 0.00139655068696
76.25 0.266666666667 0.00118844492821
76.25 0.4 0.000916789447095
76.25 0.533333333333 0.000746831265928
76.25 0.666666666667 0.000538722639469
76.25 0.8 0.000250479265726
76.25 1.0 0.000103938139322
79.4166666667 -1.0 0.000678133703135
79.4166666667 -0.8 0.000992402128137
79.4166666667 -0.666666666667 0.00124288543314
79.4166666667 -0.533333333333 0.00136331976039
79.4166666667 -0.4 0.00145537294703
79.4166666667 -0.266666666667 0.00150744275419
79.4166666667 -0.133333333333 0.00138240897691
79.4166666667 0.0 0.00126849665413
79.4166666667 0.133333333333 0.00116749461803
79.4166666667 0.266666666667 0.000968704557014
79.4166666667 0.4 0.00077010567409
79.4166666667 0.533333333333 0.000602292342364
79.4166666667 0.666666666667 0.000434669628479
79.4166666667 0.8 0.000210252186059
79.4166666667 1.0 7.80117768576e-05
82.5833333333 -1.0 0.000515254799762
82.5833333333 -0.8 0.000770211853806
82.5833333333 -0.666666666667 0.00105149790866
82.5833333333 -0.533333333333 0.00118849484044
82.5833333333 -0.4 0.00124499672056
82.5833333333 -0.266666666667 0.00136088476634
82.5833333333 -0.133333333333 0.00124997565776
82.5833333333 0.0 0.00109135996726
82.5833333333 0.133333333333 0.00107503553262
82.5833333333 0.266666666667 0.000892978818919
82.5833333333 0.4 0.000692160934452
82.5833333333 0.533333333333 0.000522027991495
82.5833333333 0.666666666667 0.000314205234333
82.5833333333 0.8 0.000170138217684
82.5833333333 1.0 6.61287446621e-05
85.75 -1.0 0.000500772952571
85.75 -0.8 0.000722878977829
85.75 -0.666666666667 0.000862347936484
85.75 -0.533333333333 0.000956935105747
85.75 -0.4 0.00105849206606
85.75 -0.266666666667 0.00108452926285
85.75 -0.133333333333 0.0011435719078
85.75 0.0 0.00099936358415
85.75 0.133333333333 0.000956992346546
85.75 0.266666666667 0.000694625553645
85.75 0.4 0.000581171312877
85.75 0.533333333333 0.000418125228707
85.75 0.666666666667 0.000285867689097
85.75 0.8 0.000158337829605
85.75 1.0 5.19661420973e-05
88.9166666667 -1.0 0.000399338586095
88.9166666667 -0.8 0.000566965803999
88.9166666667 -0.666666666667 0.000704134141841
88.9166666667 -0.533333333333 0.000952371360323
88.9166666667 -0.4 0.000973382409138
88.9166666667 -0.266666666667 0.00108452995814
88.9166666667 -0.133333333333 0.00101364379329
88.9166666667 0.0 0.000843304111834
88.9166666667 0.133333333333 0.000770176171698
88.9166666667 0.266666666667 0.000668626812579
88.9166666667 0.4 0.000524409121819
88.9166666667 0.533333333333 0.000413338983056
88.9166666667 0.666666666667 0.000238652871019
88.9166666667 0.8 9.21724188751e-05
88.9166666667 1.0 3.30918766342e-05
92.0833333333 -1.0 0.000290522451242
92.0833333333 -0.8 0.000515052514012
92.0833333333 -0.666666666667 0.000661656109573
92.0833333333 -0.533333333333 0.000720573710349
92.0833333333 -0.4 0.0008198688019
92.0833333333 -0.266666666667 0.000871781810822
92.0833333333 -0.133333333333 0.000878852694619
92.0833333333 0.0 0.000736987943541
92.0833333333 0.133333333333 0.000656920368916
92.0833333333 0.266666666667 0.000640286396311
92.0833333333 0.4 0.000413544942196
92.0833333333 0.533333333333 0.000333084540833
92.0833333333 0.666666666667 0.000189005969411
92.0833333333 0.8 0.000127590385668
92.0833333333 1.0 2.60176316194e-05
95.25 -1.0 0.000276488676041
95.25 -0.8 0.000475060944492
95.25 -0.666666666667 0.000569382066232
95.25 -0.533333333333 0.000666311063208
95.25 -0.4 0.000784409226731
95.25 -0.266666666667 0.000685238124538
95.25 -0.133333333333 0.000713565768672
95.25 0.0 0.000647323855295
95.25 0.133333333333 0.000590625532937
95.25 0.266666666667 0.000496056648781
95.25 0.4 0.000389849325125
95.25 0.533333333333 0.000267011769742
95.25 0.666666666667 0.00012757727653
95.25 0.8 6.85107412411e-05
95.25 1.0 1.41491535296e-05
100.0 -1.0 0.00020557191518
100.0 -0.8 0.000366204571906
100.0 -0.666666666667 0.000472408238449
100.0 -0.533333333333 0.000574031724486
100.0 -0.4 0.000675683881513
100.0 -0.266666666667 0.000663819869851
100.0 -0.133333333333 0.000552951221401
100.0 0.0 0.000623747224164
100.0 0.133333333333 0.000512730254811
100.0 0.266666666667 0.000437075022181
100.0 0.4 0.000302383499117
100.0 0.533333333333 0.000179631281817
100.0 0.666666666667 0.000122858272021
100.0 0.8 7.32402159266e-05
100.0 1.0 1.18204714754e-05
