5.0 -1.0 0.0215208426454
5.0 -0.8 0.0198845295914
5.0 -0.666666666667 0.0177012728598
5.0 -0.533333333333 0.0172478750098
5.0 -0.4 0.0162644518153
5.0 -0.266666666667 0.0158229195769
5.0 -0.133333333333 0.0151488810007
5.0 0.0 0.0147336879631
5.0 0.133333333333 0.013814650337
5.0 0.266666666667 0.0138969563059
5.0 0.4 0.0128392197565
5.0 0.533333333333 0.0122210509399
5.0 0.666666666667 0.0116224858833
5.0 0.8 0.0100435345452
5.0 1.0 0.00864275221986
9.75 -1.0 0.0218286930414
9.75 -0.8 0.0198210859095
9.75 -0.666666666667 0.0190669326354
9.75 -0.533333333333 0.0176815719424
9.75 -0.4 0.0169733754457
9.75 -0.266666666667 0.0164066596263
9.75 -0.133333333333 0.0156425248296
9.75 0.0 0.0150901797445
9.75 0.133333333333 0.0145209430911
9.75 0.266666666667 0.0135123275084
9.75 0.4 0.0129263174841
9.75 0.533333333333 0.0119245795282
9.75 0.666666666667 0.0107356061242
9.75 0.8 0.00932551100244
9.75 1.0 0.00771164212849
12.9166666667 -1.0 0.021182531884
12.9166666667 -0.8 0.0198042631006
12.9166666667 -0.666666666667 0.018828723949
12.9166666667 -0.533333333333 0.018024629779
12.9166666667 -0.4 0.0172850503649
12.9166666667 -0.266666666667 0.0160328726572
12.9166666667 -0.133333333333 0.0156833416542
12.9166666667 0.0 0.0148282665976
12.9166666667 0.133333333333 0.014293862123
12.9166666667 0.266666666667 0.0134226464295
12.9166666667 0.4 0.012579002147
12.9166666667 0.533333333333 0.0112911154313
12.9166666667 0.666666666667 0.00977017458623
12.9166666667 0.8 0.0083423094322
12.9166666667 1.0 0.00655153942972
16.0833333333 -1.0 0.0205813257865
16.0833333333 -0.8 0.0192557747779
16.0833333333 -0.666666666667 0.0185044887331
16.0833333333 -0.533333333333 0.0176350037099
16.0833333333 -0.4 0.0163720175324
16.0833333333 -0.266666666667 0.0160047414413
16.0833333333 -0.133333333333 0.0152680366858
16.0833333333 0.0 0.0142469913099
16.0833333333 0.133333333333 0.0137585098792
16.0833333333 0.266666666667 0.0126802069384
16.0833333333 0.4 0.0111614950157
16.0833333333 0.533333333333 0.0101240725296
16.0833333333 0.666666666667 0.00911975839626
16.0833333333 0.8 0.00733346020519
16.0833333333 1.0 0.00545310041513
19.25 -1.0 0.0184901227705
19.25 -0.8 0.0178031650471
19.25 -0.666666666667 0.0172862009911
19.25 -0.533333333333 0.0162077309148
19.25 -0.4 0.0157447780453
19.25 -0.266666666667 0.0150523838542
19.25 -0.133333333333 0.0141478204757
19.25 0.0 0.0136326079085
19.25 0.133333333333 0.0128340955262
19.25 0.266666666667 0.0115087188472
19.25 0.4 0.0105136250345
19.25 0.533333333333 0.00930370412056
19.25 0.666666666667 0.00774915491212
19.25 0.8 0.00593748808715
19.25 1.0 0.00422038236969
22.4166666667 -1.0 0.0170113000728
22.4166666667 -0.8 0.0162865346225
22.4166666667 -0.666666666667 0.0153878843335
22.4166666667 -0.533333333333 0.0149523532877
22.4166666667 -0.4 0.0145416173884
22.4166666667 -0.266666666667 0.0136781400849
22.4166666667 -0.133333333333 0.0130659319492
22.4166666667 0.0 0.0120611413368
22.4166666667 0.133333333333 0.0113082548391
22.4166666667 0.266666666667 0.0103270262733
22.4166666667 0.4 0.00919984112801
22.4166666667 0.533333333333 0.00772200735259
22.4166666667 0.666666666667 0.00651854741771
22.4166666667 0.8 0.00484860457755
22.4166666667 1.0 0.00335749919717
25.5833333333 -1.0 0.0147095898096
25.5833333333 -0.8 0.0145851813144
25.5833333333 -0.666666666667 0.013828623056
25.5833333333 -0.533333333333 0.0136939031841
25.5833333333 -0.4 0.0131156577756
25.5833333333 -0.266666666667 0.0122743481258
25.5833333333 -0.133333333333 0.0117307576389
25.5833333333 0.0 0.0112033535826
25.5833333333 0.133333333333 0.0103438706876
25.5833333333 0.266666666667 0.00921696965553
25.5833333333 0.4 0.00800283122791
25.5833333333 0.533333333333 0.00672883942609
25.5833333333 0.666666666667 0.00537772435368
25.5833333333 0.8 0.00421037304519
25.5833333333 1.0 0.00279980197755
28.75 -1.0 0.0127934388123
28.75 -0.8 0.0124730885206
28.75 -0.666666666667 0.0124896877949
28.75 -0.533333333333 0.0120677837799
28.75 -0.4 0.0118609474289
28.75 -0.266666666667 0.0109776415381
28.75 -0.133333333333 0.010442712304
28.75 0.0 0.00996827575565
28.75 0.133333333333 0.00910769438039
28.75 0.266666666667 0.0079146853622
28.75 0.4 0.00692530453449
28.75 0.533333333333 0.00594455551333
28.75 0.666666666667 0.00449847555792
28.75 0.8 0.00323685772698
28.75 1.0 0.00211251092615
31.9166666667 -1.0 0.0112608735939
31.9166666667 -0.8 0.0111536844331
31.9166666667 -0.666666666667 0.0110296713775
31.9166666667 -0.533333333333 0.0107834330466
31.9166666667 -0.4 0.0105990547335
31.9166666667 -0.266666666667 0.00980282487281
31.9166666667 -0.133333333333 0.00932828855707
31.9166666667 0.0 0.00862836012416
31.9166666667 0.133333333333 0.00819305147978
31.9166666667 0.266666666667 0.00709970411119
31.9166666667 0.4 0.00585010239882
31.9166666667 0.533333333333 0.00499734468292
31.9166666667 0.666666666667 0.00403047074422
31.9166666667 0.8 0.00262721678325
31.9166666667 1.0 0.00166094770916
35.0833333333 -1.0 0.00956091094791
35.0833333333 -0.8 0.00967290424533
35.0833333333 -0.666666666667 0.00968420750714
35.0833333333 -0.533333333333 0.0096658933073
35.0833333333 -0.4 0.00920958439062
35.0833333333 -0.266666666667 0.00876061839739
35.0833333333 -0.133333333333 0.00821972799036
35.0833333333 0.0 0.00736494376843
35.0833333333 0.133333333333 0.006849456125
35.0833333333 0.266666666667 0.0059351872579
35.0833333333 0.4 0.00524299999267
35.0833333333 0.533333333333 0.00416087666445
35.0833333333 0.666666666667 0.00320879288601
35.0833333333 0.8 0.00211673539555
35.0833333333 1.0 0.00129233445255
38.25 -1.0 0.00820755460788
38.25 -0.8 0.00857632720057
38.25 -0.666666666667 0.00858187113034
38.25 -0.533333333333 0.00851977920863
38.25 -0.4 0.00815866051254
38.25 -0.266666666667 0.00793656662745
38.25 -0.133333333333 0.00733385916316
38.25 0.0 0.0070243899085
38.25 0.133333333333 0.00579602869912
38.25 0.266666666667 0.00528510320562
38.25 0.4 0.00433312076856
38.25 0.533333333333 0.00343545738761
38.25 0.666666666667 0.00275477119862
38.25 0.8 0.0019420303685
38.25 1.0 0.00107505402716
41.4166666667 -1.0 0.0070621305784
41.4166666667 -0.8 0.00753221668321
41.4166666667 -0.666666666667 0.00757028347912
41.4166666667 -0.533333333333 0.00760759866814
41.4166666667 -0.4 0.00716595269983
41.4166666667 -0.266666666667 0.00689883332387
41.4166666667 -0.133333333333 0.00653969621236
41.4166666667 0.0 0.005852506101
41.4166666667 0.133333333333 0.00497115683317
41.4166666667 0.266666666667 0.00451999035944
41.4166666667 0.4 0.00400242905309
41.4166666667 0.533333333333 0.00297464525347
41.4166666667 0.666666666667 0.00215242114954
41.4166666667 0.8 0.00143639225583
41.4166666667 1.0 0.000840956839915
44.5833333333 -1.0 0.00594950649797
44.5833333333 -0.8 0.00634877520234
44.5833333333 -0.666666666667 0.00648567112925
44.5833333333 -0.533333333333 0.00662693334052
44.5833333333 -0.4 0.00646457986766
44.5833333333 -0.266666666667 0.00618353808897
44.5833333333 -0.133333333333 0.00588988149313
44.5833333333 0.0 0.0052285812364
44.5833333333 0.133333333333 0.00486694734201
44.5833333333 0.266666666667 0.00397613496864
44.5833333333 0.4 0.00325598706491
44.5833333333 0.533333333333 0.00263930792136
44.5833333333 0.666666666667 0.00195158683544
44.5833333333 0.8 0.00118594646531
44.5833333333 1.0 0.000604722882042
47.75 -1.0 0.00511027232096
47.75 -0.8 0.00561152543175
47.75 -0.666666666667 0.00561157360608
47.75 -0.533333333333 0.0058687060057
47.75 -0.4 0.00566586400963
47.75 -0.266666666667 0.00539590946137
47.75 -0.133333333333 0.00481773249002
47.75 0.0 0.00466168308314
47.75 0.133333333333 0.00397639753791
47.75 0.266666666667 0.0034707161673
47.75 0.4 0.00269129370861
47.75 0.533333333333 0.0021808284632
47.75 0.666666666667 0.00159964438529
47.75 0.8 0.00100895218755
47.75 1.0 0.000486657851146
50.9166666667 -1.0 0.00431412607572
50.9166666667 -0.8 0.00496141617885
50.9166666667 -0.666666666667 0.00488824745543
50.9166666667 -0.533333333333 0.00531375151742
50.9166666667 -0.4 0.00500929947265
50.9166666667 -0.266666666667 0.00482496938669
50.9166666667 -0.133333333333 0.00437987957395
50.9166666667 0.0 0.00408988792411
50.9166666667 0.133333333333 0.00357018366437
50.9166666667 0.266666666667 0.00301499600065
50.9166666667 0.4 0.00244064138614
50.9166666667 0.533333333333 0.00188295174599
50.9166666667 0.666666666667 0.00131123507007
50.9166666667 0.8 0.000732407292928
50.9166666667 1.0 0.000349758519373
54.0833333333 -1.0 0.00365288034451
54.0833333333 -0.8 0.00443961581461
54.0833333333 -0.666666666667 0.00451507985911
54.0833333333 -0.533333333333 0.00468028720304
54.0833333333 -0.4 0.0043357609121
54.0833333333 -0.266666666667 0.00430245498463
54.0833333333 -0.133333333333 0.00369049089269
54.0833333333 0.0 0.00344948005439
54.0833333333 0.133333333333 0.00312086387284
54.0833333333 0.266666666667 0.00265590001344
54.0833333333 0.4 0.00195394288842
54.0833333333 0.533333333333 0.00141287248297
54.0833333333 0.666666666667 0.0010773724161
54.0833333333 0.8 0.000720575402113
54.0833333333 1.0 0.000307121710135
57.25 -1.0 0.00322989342861
57.25 -0.8 0.00361504622591
57.25 -0.666666666667 0.00386553835575
57.25 -0.533333333333 0.00394573485399
57.25 -0.4 0.00371886351189
57.25 -0.266666666667 0.00368341516276
57.25 -0.133333333333 0.00337121921955
57.25 0.0 0.00296533156465
57.25 0.133333333333 0.00266758166352
57.25 0.266666666667 0.00211667298339
57.25 0.4 0.00174602577799
57.25 0.533333333333 0.00122867618529
57.25 0.666666666667 0.000843476786109
57.25 0.8 0.000522017521305
57.25 1.0 0.000250413235815
60.4166666667 -1.0 0.0027451655532
60.4166666667 -0.8 0.0031399164613
60.4166666667 -0.666666666667 0.00329095261228
60.4166666667 -0.533333333333 0.00351313719251
60.4166666667 -0.4 0.00325127904842
60.4166666667 -0.266666666667 0.00314734127452
60.4166666667 -0.133333333333 0.00302189287966
60.4166666667 0.0 0.00247617663818
60.4166666667 0.133333333333 0.00235799783904
60.4166666667 0.266666666667 0.00195157356027
60.4166666667 0.4 0.00137988207075
60.4166666667 0.533333333333 0.00108695164642
60.4166666667 0.666666666667 0.000685190638137
60.4166666667 0.8 0.000427640890591
60.4166666667 1.0 0.000196005388977
63.5833333333 -1.0 0.00250002254028
63.5833333333 -0.8 0.00276187694566
63.5833333333 -0.666666666667 0.00304761989747
63.5833333333 -0.533333333333 0.00298896428065
63.5833333333 -0.4 0.00283751293111
63.5833333333 -0.266666666667 0.00279271076625
63.5833333333 -0.133333333333 0.00258479273128
63.5833333333 0.0 0.00230583726582
63.5833333333 0.133333333333 0.00180740608437
63.5833333333 0.266666666667 0.00169401893571
63.5833333333 0.4 0.00125943886361
63.5833333333 0.533333333333 0.000911970693148
63.5833333333 0.666666666667 0.000645203916548
63.5833333333 0.8 0.000328412062307
63.5833333333 1.0 0.000151224437824
66.75 -1.0 0.00216415318037
66.75 -0.8 0.00243561518527
66.75 -0.666666666667 0.0026555659404
66.75 -0.533333333333 0.0026956760881
66.75 -0.4 0.00264124425602
66.75 -0.266666666667 0.00252082378781
66.75 -0.133333333333 0.00228010300717
66.75 0.0 0.00207900137763
66.75 0.133333333333 0.00177432891032
66.75 0.266666666667 0.00140811384456
66.75 0.4 0.00100410841828
66.75 0.533333333333 0.000836524910217
66.75 0.666666666667 0.000446684097581
66.75 0.8 0.000302383648391
66.75 1.0 0.000101620390079
69.9166666667 -1.0 0.00178605628449
69.9166666667 -0.8 0.00199657079775
69.9166666667 -0.666666666667 0.00219948027195
69.9166666667 -0.533333333333 0.00241716159992
69.9166666667 -0.4 0.00220873279601
69.9166666667 -0.266666666667 0.00219739961615
69.9166666667 -0.133333333333 0.00185465958581
69.9166666667 0.0 0.00174853347499
69.9166666667 0.133333333333 0.0014793092507
69.9166666667 0.266666666667 0.00128052663536
69.9166666667 0.4 0.000897988697158
69.9166666667 0.533333333333 0.00066388050977
69.9166666667 0.666666666667 0.000465485065943
69.9166666667 0.8 0.000224387970391
69.9166666667 1.0 8.02661747693e-05
73.0833333333 -1.0 0.00146238672546
73.0833333333 -0.8 0.00192097771676
73.0833333333 -0.666666666667 0.00190663834706
73.0833333333 -0.533333333333 0.00197767170496
73.0833333333 -0.4 0.0020271942065
73.0833333333 -0.266666666667 0.00190186468399
73.0833333333 -0.133333333333 0.00184524072465
73.0833333333 0.0 0.00151670431114
73.0833333333 0.133333333333 0.00126168149594
73.0833333333 0.266666666667 0.000911903081191
73.0833333333 0.4 0.000907219285664
73.0833333333 0.533333333333 0.00050088825884
73.0833333333 0.666666666667 0.000387448495155
73.0833333333 0.8 0.000205520236095
73.0833333333 1.0 4.25404848891e-05
76.25 -1.0 0.00129950436571
76.25 -0.8 0.00150037720697
76.25 -0.666666666667 0.00181465570439
76.25 -0.533333333333 0.00180047921242
76.25 -0.4 0.00177431109742
76.25 -0.266666666667 0.0016516693751
76.25 -0.133333333333 0.00163975228483
76.25 0.0 0.00134226280466
76.25 0.133333333333 0.00122879895131
76.25 0.266666666667 0.000895382375124
76.25 0.4 0.000727717360927
76.25 0.533333333333 0.000437234967356
76.25 0.666666666667 0.00029538895673
76.25 0.8 0.000148783184505
76.25 1.0 5.67075580446e-05
79.4166666667 -1.0 0.000994691094151
79.4166666667 -0.8 0.00135395269077
79.4166666667 -0.666666666667 0.00146980877655
79.4166666667 -0.533333333333 0.00165387085417
79.4166666667 -0.4 0.00151213044764
79.4166666667 -0.266666666667 0.00151933764209
79.4166666667 -0.133333333333 0.00126603524996
79.4166666667 0.0 0.00120034570039
79.4166666667 0.133333333333 0.00102787769002
79.4166666667 0.266666666667 0.000841094563486
79.4166666667 0.4 0.000562328160246
79.4166666667 0.533333333333 0.000340241258042
79.4166666667 0.666666666667 0.000243292775775
79.4166666667 0.8 0.000103931840006
79.4166666667 1.0 3.30543966684e-05
82.5833333333 -1.0 0.000890704419755
82.5833333333 -0.8 0.00111532000257
82.5833333333 -0.666666666667 0.00128290148548
82.5833333333 -0.533333333333 0.00137054017011
82.5833333333 -0.4 0.0013466109717
82.5833333333 -0.266666666667 0.00123809168309
82.5833333333 -0.133333333333 0.00118605895201
82.5833333333 0.0 0.00110561937948
82.5833333333 0.133333333333 0.000878877655461
82.5833333333 0.266666666667 0.000663793691097
82.5833333333 0.4 0.0004795583842
82.5833333333 0.533333333333 0.000351977734199
82.5833333333 0.666666666667 0.000219715562412
82.5833333333 0.8 4.95759272441e-05
82.5833333333 1.0 2.60059699552e-05
85.75 -1.0 0.000751182514462
85.75 -0.8 0.00091196298335
85.75 -0.666666666667 0.00112230671582
85.75 -0.533333333333 0.00118605913695
85.75 -0.4 0.00116242558047
85.75 -0.266666666667 0.00120023198149
85.75 -0.133333333333 0.00099221173011
85.75 0.0 0.000817482763283
85.75 0.133333333333 0.000855341165333
85.75 0.266666666667 0.000602576264829
85.75 0.4 0.000406357953489
85.75 0.533333333333 0.000245660663509
85.75 0.666666666667 0.00013705298145
85.75 0.8 6.62135171453e-05
85.75 1.0 1.89119443822e-05
88.9166666667 -1.0 0.000602504738318
88.9166666667 -0.8 0.000850425531548
88.9166666667 -0.666666666667 0.000985229131456
88.9166666667 -0.533333333333 0.00105130958151
88.9166666667 -0.4 0.00112715001762
88.9166666667 -0.266666666667 0.000961604353732
88.9166666667 -0.133333333333 0.000909628046304
88.9166666667 0.0 0.000810446869784
88.9166666667 0.133333333333 0.000654579908286
88.9166666667 0.266666666667 0.000519757856506
88.9166666667 0.4 0.000373222233037
88.9166666667 0.533333333333 0.000236211039257
88.9166666667 0.666666666667 0.000125177380541
88.9166666667 0.8 5.90681008201e-05
88.9166666667 1.0 1.18236316211e-05
92.0833333333 -1.0 0.000552914393655
92.0833333333 -0.8 0.000746620798423
92.0833333333 -0.666666666667 0.000800930374378
92.0833333333 -0.533333333333 0.000914409973877
92.0833333333 -0.4 0.000963830244633
92.0833333333 -0.266666666667 0.000897731080646
92.0833333333 -0.133333333333 0.00066873435988
92.0833333333 0.0 0.000654325059676
92.0833333333 0.133333333333 0.000597790807127
92.0833333333 0.266666666667 0.000430069648096
92.0833333333 0.4 0.000304678286862
92.0833333333 0.533333333333 0.000186668311398
92.0833333333 0.666666666667 9.92260456943e-05
92.0833333333 0.8 5.67127362987e-05
92.0833333333 1.0 7.10415036768e-06
95.25 -1.0 0.000449033633157
95.25 -0.8 0.000649809735052
95.25 -0.666666666667 0.000767887570814
95.25 -0.533333333333 0.000753511730581
95.25 -0.4 0.000808042822277
95.25 -0.266666666667 0.000774991947181
95.25 -0.133333333333 0.000692272955138
95.25 0.0 0.00058123053374
95.25 0.133333333333 0.000420611690562
95.25 0.266666666667 0.000363799168536
95.25 0.4 0.000222162228933
95.25 0.533333333333 0.00017007945322
95.25 0.666666666667 6.85346559552e-05
95.25 0.8 4.25182318055e-05
95.25 1.0 7.07381614396e-06
100.0 -1.0 0.000394572585715
100.0 -0.8 0.00056711676277
100.0 -0.666666666667 0.000595385311686
100.0 -0.533333333333 0.000614299002563
100.0 -0.4 0.000722961551258
100.0 -0.266666666667 0.000607007277306
100.0 -0.133333333333 0.000630851808956
100.0 0.0 0.000496089966025
100.0 0.133333333333 0.000399300240246
100.0 0.266666666667 0.000297662353819
100.0 0.4 0.000219757917243
100.0 0.533333333333 0.000113339542178
100.0 0.666666666667 9.45468389882e-05
100.0 0.8 1.41758244231e-05
100.0 1.0 7.09068112397e-06
