5.0 -1.0 0.0378943774993
5.0 -0.8 0.0341902057237
5.0 -0.666666666667 0.0347690455383
5.0 -0.533333333333 0.0363536277508
5.0 -0.4 0.0356735741454
5.0 -0.266666666667 0.0363745209798
5.0 -0.133333333333 0.0395762677112
5.0 0.0 0.0369451132029
5.0 0.133333333333 0.0351130980937
5.0 0.266666666667 0.0344376711835
5.0 0.4 0.0329709095484
5.0 0.533333333333 0.0309824996558
5.0 0.666666666667 0.0275765549416
5.0 0.8 0.0253147672783
5.0 1.0 0.0238651050465
9.75 -1.0 0.0265237267768
9.75 -0.8 0.0288369296623
9.75 -0.666666666667 0.0284150361823
9.75 -0.533333333333 0.0314273279575
9.75 -0.4 0.0340688077693
9.75 -0.266666666667 0.0342969956339
9.75 -0.133333333333 0.0343697779176
9.75 0.0 0.0339044343619
9.75 0.133333333333 0.030986488715
9.75 0.266666666667 0.0304963335431
9.75 0.4 0.0280040086495
9.75 0.533333333333 0.0251020296026
9.75 0.666666666667 0.0221353063468
9.75 0.8 0.0184026195477
9.75 1.0 0.016203475522
12.9166666667 -1.0 0.0204318920177
12.9166666667 -0.8 0.0225340857453
12.9166666667 -0.666666666667 0.0254469333932
12.9166666667 -0.533333333333 0.0277671193608
12.9166666667 -0.4 0.0278093161679
12.9166666667 -0.266666666667 0.0309849869165
12.9166666667 -0.133333333333 0.031007871642
12.9166666667 0.0 0.029464054251
12.9166666667 0.133333333333 0.0276253738877
12.9166666667 0.266666666667 0.0262682154809
12.9166666667 0.4 0.0219516581497
12.9166666667 0.533333333333 0.019167663257
12.9166666667 0.666666666667 0.0172376077652
12.9166666667 0.8 0.0127256033421
12.9166666667 1.0 0.0108783602151
16.0833333333 -1.0 0.0150367028312
16.0833333333 -0.8 0.0174870974675
16.0833333333 -0.666666666667 0.0195400206533
16.0833333333 -0.533333333333 0.0224895832966
16.0833333333 -0.4 0.0238421310565
16.0833333333 -0.266666666667 0.0235303888036
16.0833333333 -0.133333333333 0.025050890619
16.0833333333 0.0 0.0240711304495
16.0833333333 0.133333333333 0.0228594644635
16.0833333333 0.266666666667 0.0219029839374
16.0833333333 0.4 0.0172816207022
16.0833333333 0.533333333333 0.0165068587764
16.0833333333 0.666666666667 0.0130275421535
16.0833333333 0.8 0.0110663634392
16.0833333333 1.0 0.00707685544864
19.25 -1.0 0.0089429818413
19.25 -0.8 0.0120490806515
19.25 -0.666666666667 0.0155554152729
19.25 -0.533333333333 0.0171127829295
19.25 -0.4 0.0184975316516
19.25 -0.266666666667 0.0204999049899
19.25 -0.133333333333 0.0197776694219
19.25 0.0 0.0191684863091
19.25 0.133333333333 0.0187993930123
19.25 0.266666666667 0.0164844110641
19.25 0.4 0.015128269729
19.25 0.533333333333 0.0125370979796
19.25 0.666666666667 0.00943405263853
19.25 0.8 0.0061159849319
19.25 1.0 0.00527648652259
22.4166666667 -1.0 0.00704924271119
22.4166666667 -0.8 0.00997129145851
22.4166666667 -0.666666666667 0.0121421685083
22.4166666667 -0.533333333333 0.0150377463569
22.4166666667 -0.4 0.0160863992306
22.4166666667 -0.266666666667 0.0154782663443
22.4166666667 -0.133333333333 0.0148971358123
22.4166666667 0.0 0.0157656690252
22.4166666667 0.133333333333 0.0138491145615
22.4166666667 0.266666666667 0.0124639665695
22.4166666667 0.4 0.0112107453071
22.4166666667 0.533333333333 0.00880514332779
22.4166666667 0.666666666667 0.0066782077105
22.4166666667 0.8 0.00429648343551
22.4166666667 1.0 0.00252130512624
25.5833333333 -1.0 0.00427054061518
25.5833333333 -0.8 0.00658453649522
25.5833333333 -0.666666666667 0.00880222924875
25.5833333333 -0.533333333333 0.010412439794
25.5833333333 -0.4 0.0117422839477
25.5833333333 -0.266666666667 0.0122328954249
25.5833333333 -0.133333333333 0.0114876333098
25.5833333333 0.0 0.0113018407164
25.5833333333 0.133333333333 0.0103909358152
25.5833333333 0.266666666667 0.00913021830596
25.5833333333 0.4 0.00863900584273
25.5833333333 0.533333333333 0.0062553226459
25.5833333333 0.666666666667 0.00450488294268
25.5833333333 0.8 0.00326907705609
25.5833333333 1.0 0.00203190632843
28.75 -1.0 0.00254543168673
28.75 -0.8 0.00497308072811
28.75 -0.666666666667 0.00586168715856
28.75 -0.533333333333 0.00763257806821
28.75 -0.4 0.0084492292024
28.75 -0.266666666667 0.00964463846976
28.75 -0.133333333333 0.008828495944
28.75 0.0 0.00857027318803
28.75 0.133333333333 0.00812401939602
28.75 0.266666666667 0.00668186415538
28.75 0.4 0.0057897292259
28.75 0.533333333333 0.0044371000499
28.75 0.666666666667 0.00310430512336
28.75 0.8 0.00186806472447
28.75 1.0 0.00091093435303
31.9166666667 -1.0 0.00210368977816
31.9166666667 -0.8 0.00296417264661
31.9166666667 -0.666666666667 0.00450746482577
31.9166666667 -0.533333333333 0.00546482673045
31.9166666667 -0.4 0.00595656334044
31.9166666667 -0.266666666667 0.00688680384758
31.9166666667 -0.133333333333 0.00632804520241
31.9166666667 0.0 0.00639656557572
31.9166666667 0.133333333333 0.00625994493246
31.9166666667 0.266666666667 0.0050680393172
31.9166666667 0.4 0.00403836468937
31.9166666667 0.533333333333 0.00355161973685
31.9166666667 0.666666666667 0.00270777162359
31.9166666667 0.8 0.00114512925965
31.9166666667 1.0 0.000489691345234
35.0833333333 -1.0 0.00102836367681
35.0833333333 -0.8 0.00259179749271
35.0833333333 -0.666666666667 0.00312841464843
35.0833333333 -0.533333333333 0.00418046756316
35.0833333333 -0.4 0.00480787327732
35.0833333333 -0.266666666667 0.00476511039058
35.0833333333 -0.133333333333 0.00530031461753
35.0833333333 0.0 0.00480989485488
35.0833333333 0.133333333333 0.00382942978673
35.0833333333 0.266666666667 0.00420313631325
35.0833333333 0.4 0.00329384271227
35.0833333333 0.533333333333 0.0026138609662
35.0833333333 0.666666666667 0.0013076384561
35.0833333333 0.8 0.000865043051889
35.0833333333 1.0 0.000443977199163
38.25 -1.0 0.000722664775118
38.25 -0.8 0.00140076141716
38.25 -0.666666666667 0.00219581858913
38.25 -0.533333333333 0.00329171801941
38.25 -0.4 0.00305752640521
38.25 -0.266666666667 0.00373331319432
38.25 -0.133333333333 0.00352469922149
38.25 0.0 0.0038283037216
38.25 0.133333333333 0.00292029983824
38.25 0.266666666667 0.00233618608105
38.25 0.4 0.002078964772
38.25 0.533333333333 0.00161201300117
38.25 0.666666666667 0.00132994915734
38.25 0.8 0.000629810954219
38.25 1.0 0.000279325607011
41.4166666667 -1.0 0.000233206322874
41.4166666667 -0.8 0.0010501142356
41.4166666667 -0.666666666667 0.00172856849717
41.4166666667 -0.533333333333 0.00203071364069
41.4166666667 -0.4 0.00259108668135
41.4166666667 -0.266666666667 0.00275360864519
41.4166666667 -0.133333333333 0.00219607556663
41.4166666667 0.0 0.00259090262254
41.4166666667 0.133333333333 0.00270560626014
41.4166666667 0.266666666667 0.00196016764841
41.4166666667 0.4 0.00133064347976
41.4166666667 0.533333333333 0.000980168792084
41.4166666667 0.666666666667 0.000887912405077
41.4166666667 0.8 0.00032671819972
41.4166666667 1.0 9.32167454359e-05
44.5833333333 -1.0 0.000186466891112
44.5833333333 -0.8 0.000911829847462
44.5833333333 -0.666666666667 0.0012850699835
44.5833333333 -0.533333333333 0.00137868917384
44.5833333333 -0.4 0.00135487368895
44.5833333333 -0.266666666667 0.00161092455336
44.5833333333 -0.133333333333 0.00203014863937
44.5833333333 0.0 0.00198377045324
44.5833333333 0.133333333333 0.00186797660169
44.5833333333 0.266666666667 0.00161314975524
44.5833333333 0.4 0.00114465025547
44.5833333333 0.533333333333 0.000840527301192
44.5833333333 0.666666666667 0.000467046810182
44.5833333333 0.8 0.000303522978691
44.5833333333 1.0 2.34497133924e-05
47.75 -1.0 0.000139931222315
47.75 -0.8 0.000186386104632
47.75 -0.666666666667 0.000630066658481
47.75 -0.533333333333 0.00100417773577
47.75 -0.4 0.00105050363176
47.75 -0.266666666667 0.00102776751422
47.75 -0.133333333333 0.0015174289473
47.75 0.0 0.00149296270306
47.75 0.133333333333 0.00100400876178
47.75 0.266666666667 0.000794403883016
47.75 0.4 0.000700051334276
47.75 0.533333333333 0.000584387559266
47.75 0.666666666667 0.000350565986411
47.75 0.8 0.000117100828386
47.75 1.0 1e-05
50.9166666667 -1.0 0.000116734380256
50.9166666667 -0.8 0.000303577922496
50.9166666667 -0.666666666667 0.000537277265044
50.9166666667 -0.533333333333 0.000794546588802
50.9166666667 -0.4 0.000956775662131
50.9166666667 -0.266666666667 0.000887119565462
50.9166666667 -0.133333333333 0.000980174062214
50.9166666667 0.0 0.00111944654477
50.9166666667 0.133333333333 0.000981413048634
50.9166666667 0.266666666667 0.000981287846429
50.9166666667 0.4 0.000607075329022
50.9166666667 0.533333333333 0.000350686663548
50.9166666667 0.666666666667 0.000209745654049
50.9166666667 0.8 0.000140035397283
50.9166666667 1.0 2.33250054425e-05
54.0833333333 -1.0 2.34033700853e-05
54.0833333333 -0.8 0.000140462861192
54.0833333333 -0.666666666667 0.000256770450486
54.0833333333 -0.533333333333 0.000350118196502
54.0833333333 -0.4 0.000793788960529
54.0833333333 -0.266666666667 0.000630357283803
54.0833333333 -0.133333333333 0.000793737884952
54.0833333333 0.0 0.000630705564314
54.0833333333 0.133333333333 0.000514000164599
54.0833333333 0.266666666667 0.000561171712165
54.0833333333 0.4 0.000232995708375
54.0833333333 0.533333333333 0.000280005986369
54.0833333333 0.666666666667 4.6576971595e-05
54.0833333333 0.8 4.68530834777e-05
54.0833333333 1.0 1e-05
57.25 -1.0 2.3311230833e-05
57.25 -0.8 9.35150527271e-05
57.25 -0.666666666667 0.00025654515182
57.25 -0.533333333333 0.000257141396759
57.25 -0.4 0.000467210112041
57.25 -0.266666666667 0.000723629136344
57.25 -0.133333333333 0.000444225744402
57.25 0.0 0.000701214449425
57.25 0.133333333333 0.000326736244245
57.25 0.266666666667 0.000280421721321
57.25 0.4 0.000186732755952
57.25 0.533333333333 0.00016305507699
57.25 0.666666666667 4.669732198e-05
57.25 0.8 4.65460420868e-05
57.25 1.0 1e-05
60.4166666667 -1.0 1e-05
60.4166666667 -0.8 6.97350573954e-05
60.4166666667 -0.666666666667 0.000209890645581
60.4166666667 -0.533333333333 0.00030372754945
60.4166666667 -0.4 0.000256880051173
60.4166666667 -0.266666666667 0.000326977888618
60.4166666667 -0.133333333333 0.000397536925641
60.4166666667 0.0 0.000373766249122
60.4166666667 0.133333333333 0.000396978138941
60.4166666667 0.266666666667 0.000397329785257
60.4166666667 0.4 7.01179710036e-05
60.4166666667 0.533333333333 7.01505629392e-05
60.4166666667 0.666666666667 2.34729539408e-05
60.4166666667 0.8 1e-05
60.4166666667 1.0 1e-05
63.5833333333 -1.0 2.34033700853e-05
63.5833333333 -0.8 2.34729539408e-05
63.5833333333 -0.666666666667 9.33611563688e-05
63.5833333333 -0.533333333333 0.000116875483032
63.5833333333 -0.4 0.000303852505554
63.5833333333 -0.266666666667 0.00021066661316
63.5833333333 -0.133333333333 0.000232847759876
63.5833333333 0.0 0.000233656036305
63.5833333333 0.133333333333 0.000163802573588
63.5833333333 0.266666666667 9.34197713411e-05
63.5833333333 0.4 0.00028035358269
63.5833333333 0.533333333333 4.66740814315e-05
63.5833333333 0.666666666667 1e-05
63.5833333333 0.8 1e-05
63.5833333333 1.0 1e-05
66.75 -1.0 1e-05
66.75 -0.8 1e-05
66.75 -0.666666666667 4.64539028345e-05
66.75 -0.533333333333 7.02571387147e-05
66.75 -0.4 0.000303119575331
66.75 -0.266666666667 0.000139616354174
66.75 -0.133333333333 0.000210355451399
66.75 0.0 0.000186995116463
66.75 0.133333333333 0.000140294070745
66.75 0.266666666667 0.000140318290776
66.75 0.4 4.66983014625e-05
66.75 0.533333333333 2.32243680391e-05
66.75 0.666666666667 1e-05
66.75 0.8 1e-05
66.75 1.0 1e-05
69.9166666667 -1.0 1e-05
69.9166666667 -0.8 2.34497133924e-05
69.9166666667 -0.666666666667 1e-05
69.9166666667 -0.533333333333 4.64883699082e-05
69.9166666667 -0.4 0.000140391330066
69.9166666667 -0.266666666667 6.9933692499e-05
69.9166666667 -0.133333333333 9.30954155684e-05
69.9166666667 0.0 9.35726782182e-05
69.9166666667 0.133333333333 9.33207142342e-05
69.9166666667 0.266666666667 9.34135853257e-05
69.9166666667 0.4 6.99226695016e-05
69.9166666667 0.533333333333 2.31426720015e-05
69.9166666667 0.666666666667 1e-05
69.9166666667 0.8 1e-05
69.9166666667 1.0 1e-05
73.0833333333 -1.0 1e-05
73.0833333333 -0.8 1e-05
73.0833333333 -0.666666666667 1e-05
73.0833333333 -0.533333333333 2.3311230833e-05
73.0833333333 -0.4 0.000116829067593
73.0833333333 -0.266666666667 0.000116841958753
73.0833333333 -0.133333333333 9.32744176146e-05
73.0833333333 0.0 0.000116982966158
73.0833333333 0.133333333333 2.33526035558e-05
73.0833333333 0.266666666667 2.31426720015e-05
73.0833333333 0.4 4.65923853939e-05
73.0833333333 0.533333333333 1e-05
73.0833333333 0.666666666667 1e-05
73.0833333333 0.8 1e-05
73.0833333333 1.0 1e-05
76.25 -1.0 1e-05
76.25 -0.8 1e-05
76.25 -0.666666666667 2.33526035558e-05
76.25 -0.533333333333 1e-05
76.25 -0.4 2.32243680391e-05
76.25 -0.266666666667 2.31426720015e-05
76.25 -0.133333333333 2.34729539408e-05
76.25 0.0 2.34033700853e-05
76.25 0.133333333333 7.02796941114e-05
76.25 0.266666666667 4.63670400406e-05
76.25 0.4 1e-05
76.25 0.533333333333 1e-05
76.25 0.666666666667 1e-05
76.25 0.8 1e-05
76.25 1.0 1e-05
79.4166666667 -1.0 1e-05
79.4166666667 -0.8 1e-05
79.4166666667 -0.666666666667 1e-05
79.4166666667 -0.533333333333 2.32243680391e-05
79.4166666667 -0.4 2.34033700853e-05
79.4166666667 -0.266666666667 2.34497133924e-05
79.4166666667 -0.133333333333 2.34497133924e-05
79.4166666667 0.0 2.34033700853e-05
79.4166666667 0.133333333333 1e-05
79.4166666667 0.266666666667 1e-05
79.4166666667 0.4 1e-05
79.4166666667 0.533333333333 1e-05
79.4166666667 0.666666666667 1e-05
79.4166666667 0.8 1e-05
79.4166666667 1.0 1e-05
82.5833333333 -1.0 1e-05
82.5833333333 -0.8 1e-05
82.5833333333 -0.666666666667 1e-05
82.5833333333 -0.533333333333 1e-05
82.5833333333 -0.4 1e-05
82.5833333333 -0.266666666667 1e-05
82.5833333333 -0.133333333333 1e-05
82.5833333333 0.0 1e-05
82.5833333333 0.133333333333 1e-05
82.5833333333 0.266666666667 1e-05
82.5833333333 0.4 1e-05
82.5833333333 0.533333333333 1e-05
82.5833333333 0.666666666667 1e-05
82.5833333333 0.8 1e-05
82.5833333333 1.0 1e-05
85.75 -1.0 1e-05
85.75 -0.8 1e-05
85.75 -0.666666666667 1e-05
85.75 -0.533333333333 1e-05
85.75 -0.4 1e-05
85.75 -0.266666666667 1e-05
85.75 -0.133333333333 1e-05
85.75 0.0 1e-05
85.75 0.133333333333 1e-05
85.75 0.266666666667 1e-05
85.75 0.4 1e-05
85.75 0.533333333333 1e-05
85.75 0.666666666667 1e-05
85.75 0.8 1e-05
85.75 1.0 1e-05
88.9166666667 -1.0 1e-05
88.9166666667 -0.8 1e-05
88.9166666667 -0.666666666667 1e-05
88.9166666667 -0.533333333333 1e-05
88.9166666667 -0.4 1e-05
88.9166666667 -0.266666666667 1e-05
88.9166666667 -0.133333333333 1e-05
88.9166666667 0.0 1e-05
88.9166666667 0.133333333333 1e-05
88.9166666667 0.266666666667 1e-05
88.9166666667 0.4 1e-05
88.9166666667 0.533333333333 1e-05
88.9166666667 0.666666666667 1e-05
88.9166666667 0.8 1e-05
88.9166666667 1.0 1e-05
92.0833333333 -1.0 1e-05
92.0833333333 -0.8 1e-05
92.0833333333 -0.666666666667 1e-05
92.0833333333 -0.533333333333 1e-05
92.0833333333 -0.4 1e-05
92.0833333333 -0.266666666667 1e-05
92.0833333333 -0.133333333333 1e-05
92.0833333333 0.0 1e-05
92.0833333333 0.133333333333 1e-05
92.0833333333 0.266666666667 1e-05
92.0833333333 0.4 1e-05
92.0833333333 0.533333333333 1e-05
92.0833333333 0.666666666667 1e-05
92.0833333333 0.8 1e-05
92.0833333333 1.0 1e-05
95.25 -1.0 1e-05
95.25 -0.8 1e-05
95.25 -0.666666666667 1e-05
95.25 -0.533333333333 1e-05
95.25 -0.4 1e-05
95.25 -0.266666666667 1e-05
95.25 -0.133333333333 1e-05
95.25 0.0 1e-05
95.25 0.133333333333 1e-05
95.25 0.266666666667 1e-05
95.25 0.4 1e-05
95.25 0.533333333333 1e-05
95.25 0.666666666667 1e-05
95.25 0.8 1e-05
95.25 1.0 1e-05
100.0 -1.0 1e-05
100.0 -0.8 1e-05
100.0 -0.666666666667 1e-05
100.0 -0.533333333333 1e-05
100.0 -0.4 1e-05
100.0 -0.266666666667 1e-05
100.0 -0.133333333333 1e-05
100.0 0.0 1e-05
100.0 0.133333333333 1e-05
100.0 0.266666666667 1e-05
100.0 0.4 1e-05
100.0 0.533333333333 1e-05
100.0 0.666666666667 1e-05
100.0 0.8 1e-05
100.0 1.0 1e-05
