5.0 -1.0 0.0193080026599
5.0 -0.8 0.0332361181878
5.0 -0.666666666667 0.0501378841616
5.0 -0.533333333333 0.0700361871176
5.0 -0.4 0.0866993480731
5.0 -0.266666666667 0.106099355688
5.0 -0.133333333333 0.125576166513
5.0 0.0 0.137806667693
5.0 0.133333333333 0.148473033868
5.0 0.266666666667 0.154933963255
5.0 0.4 0.158168737279
5.0 0.533333333333 0.150478875797
5.0 0.666666666667 0.140750620415
5.0 0.8 0.121496090835
5.0 1.0 0.110041672397
9.75 -1.0 0.00210052097328
9.75 -0.8 0.00689073640402
9.75 -0.666666666667 0.0119657924249
9.75 -0.533333333333 0.0193311616316
9.75 -0.4 0.0260134906449
9.75 -0.266666666667 0.035171323973
9.75 -0.133333333333 0.0433879308995
9.75 0.0 0.0503980740692
9.75 0.133333333333 0.0554467742425
9.75 0.266666666667 0.060993876753
9.75 0.4 0.0595116815379
9.75 0.533333333333 0.0573089635441
9.75 0.666666666667 0.0482669222564
9.75 0.8 0.0382847887798
9.75 1.0 0.0274052027807
12.9166666667 -1.0 0.000164970462352
12.9166666667 -0.8 0.000873439834222
12.9166666667 -0.666666666667 0.00240687533709
12.9166666667 -0.533333333333 0.00500432781746
12.9166666667 -0.4 0.00781451158845
12.9166666667 -0.266666666667 0.00939604579914
12.9166666667 -0.133333333333 0.013645684815
12.9166666667 0.0 0.0162402188888
12.9166666667 0.133333333333 0.0166895072419
12.9166666667 0.266666666667 0.0205129883036
12.9166666667 0.4 0.018577081845
12.9166666667 0.533333333333 0.0185070940963
12.9166666667 0.666666666667 0.0150832544434
12.9166666667 0.8 0.0106681448485
12.9166666667 1.0 0.00618143291223
16.0833333333 -1.0 1e-05
16.0833333333 -0.8 4.72998420675e-05
16.0833333333 -0.666666666667 0.000306954627949
16.0833333333 -0.533333333333 0.000778555552699
16.0833333333 -0.4 0.0014869959856
16.0833333333 -0.266666666667 0.00313881088841
16.0833333333 -0.133333333333 0.0029983051506
16.0833333333 0.0 0.00403525285142
16.0833333333 0.133333333333 0.0058059226444
16.0833333333 0.266666666667 0.00606704561356
16.0833333333 0.4 0.00538108394795
16.0833333333 0.533333333333 0.00559407864711
16.0833333333 0.666666666667 0.00379961961423
16.0833333333 0.8 0.00228951164372
16.0833333333 1.0 0.000991294545326
19.25 -1.0 1e-05
19.25 -0.8 1e-05
19.25 -0.666666666667 1e-05
19.25 -0.533333333333 2.36416555463e-05
19.25 -0.4 0.000236069127705
19.25 -0.266666666667 0.000377639661855
19.25 -0.133333333333 0.000471738058627
19.25 0.0 0.00103880612615
19.25 0.133333333333 0.0012035874212
19.25 0.266666666667 0.00143990564457
19.25 0.4 0.00129916209225
19.25 0.533333333333 0.00103820320001
19.25 0.666666666667 0.000590422253423
19.25 0.8 0.000141589142294
19.25 1.0 2.36510989877e-05
22.4166666667 -1.0 1e-05
22.4166666667 -0.8 1e-05
22.4166666667 -0.666666666667 1e-05
22.4166666667 -0.533333333333 1e-05
22.4166666667 -0.4 1e-05
22.4166666667 -0.266666666667 1e-05
22.4166666667 -0.133333333333 4.72150710199e-05
22.4166666667 0.0 2.35734154736e-05
22.4166666667 0.133333333333 9.43292454311e-05
22.4166666667 0.266666666667 4.70976434364e-05
22.4166666667 0.4 4.72785921993e-05
22.4166666667 0.533333333333 2.35734154736e-05
22.4166666667 0.666666666667 2.36581865211e-05
22.4166666667 0.8 2.3636936653e-05
22.4166666667 1.0 1e-05
25.5833333333 -1.0 1e-05
25.5833333333 -0.8 1e-05
25.5833333333 -0.666666666667 1e-05
25.5833333333 -0.533333333333 1e-05
25.5833333333 -0.4 1e-05
25.5833333333 -0.266666666667 1e-05
25.5833333333 -0.133333333333 1e-05
25.5833333333 0.0 1e-05
25.5833333333 0.133333333333 1e-05
25.5833333333 0.266666666667 1e-05
25.5833333333 0.4 1e-05
25.5833333333 0.533333333333 1e-05
25.5833333333 0.666666666667 1e-05
25.5833333333 0.8 1e-05
25.5833333333 1.0 1e-05
28.75 -1.0 1e-05
28.75 -0.8 1e-05
28.75 -0.666666666667 1e-05
28.75 -0.533333333333 1e-05
28.75 -0.4 1e-05
28.75 -0.266666666667 1e-05
28.75 -0.133333333333 1e-05
28.75 0.0 1e-05
28.75 0.133333333333 1e-05
28.75 0.266666666667 1e-05
28.75 0.4 1e-05
28.75 0.533333333333 1e-05
28.75 0.666666666667 1e-05
28.75 0.8 1e-05
28.75 1.0 1e-05
31.9166666667 -1.0 1e-05
31.9166666667 -0.8 1e-05
31.9166666667 -0.666666666667 1e-05
31.9166666667 -0.533333333333 1e-05
31.9166666667 -0.4 1e-05
31.9166666667 -0.266666666667 1e-05
31.9166666667 -0.133333333333 1e-05
31.9166666667 0.0 1e-05
31.9166666667 0.133333333333 1e-05
31.9166666667 0.266666666667 1e-05
31.9166666667 0.4 1e-05
31.9166666667 0.533333333333 1e-05
31.9166666667 0.666666666667 1e-05
31.9166666667 0.8 1e-05
31.9166666667 1.0 1e-05
35.0833333333 -1.0 1e-05
35.0833333333 -0.8 1e-05
35.0833333333 -0.666666666667 1e-05
35.0833333333 -0.533333333333 1e-05
35.0833333333 -0.4 1e-05
35.0833333333 -0.266666666667 1e-05
35.0833333333 -0.133333333333 1e-05
35.0833333333 0.0 1e-05
35.0833333333 0.133333333333 1e-05
35.0833333333 0.266666666667 1e-05
35.0833333333 0.4 1e-05
35.0833333333 0.533333333333 1e-05
35.0833333333 0.666666666667 1e-05
35.0833333333 0.8 1e-05
35.0833333333 1.0 1e-05
38.25 -1.0 1e-05
38.25 -0.8 1e-05
38.25 -0.666666666667 1e-05
38.25 -0.533333333333 1e-05
38.25 -0.4 1e-05
38.25 -0.266666666667 1e-05
38.25 -0.133333333333 1e-05
38.25 0.0 1e-05
38.25 0.133333333333 1e-05
38.25 0.266666666667 1e-05
38.25 0.4 1e-05
38.25 0.533333333333 1e-05
38.25 0.666666666667 1e-05
38.25 0.8 1e-05
38.25 1.0 1e-05
41.4166666667 -1.0 1e-05
41.4166666667 -0.8 1e-05
41.4166666667 -0.666666666667 1e-05
41.4166666667 -0.533333333333 1e-05
41.4166666667 -0.4 1e-05
41.4166666667 -0.266666666667 1e-05
41.4166666667 -0.133333333333 1e-05
41.4166666667 0.0 1e-05
41.4166666667 0.133333333333 1e-05
41.4166666667 0.266666666667 1e-05
41.4166666667 0.4 1e-05
41.4166666667 0.533333333333 1e-05
41.4166666667 0.666666666667 1e-05
41.4166666667 0.8 1e-05
41.4166666667 1.0 1e-05
44.5833333333 -1.0 1e-05
44.5833333333 -0.8 1e-05
44.5833333333 -0.666666666667 1e-05
44.5833333333 -0.533333333333 1e-05
44.5833333333 -0.4 1e-05
44.5833333333 -0.266666666667 1e-05
44.5833333333 -0.133333333333 1e-05
44.5833333333 0.0 1e-05
44.5833333333 0.133333333333 1e-05
44.5833333333 0.266666666667 1e-05
44.5833333333 0.4 1e-05
44.5833333333 0.533333333333 1e-05
44.5833333333 0.666666666667 1e-05
44.5833333333 0.8 1e-05
44.5833333333 1.0 1e-05
47.75 -1.0 1e-05
47.75 -0.8 1e-05
47.75 -0.666666666667 1e-05
47.75 -0.533333333333 1e-05
47.75 -0.4 1e-05
47.75 -0.266666666667 1e-05
47.75 -0.133333333333 1e-05
47.75 0.0 1e-05
47.75 0.133333333333 1e-05
47.75 0.266666666667 1e-05
47.75 0.4 1e-05
47.75 0.533333333333 1e-05
47.75 0.666666666667 1e-05
47.75 0.8 1e-05
47.75 1.0 1e-05
50.9166666667 -1.0 1e-05
50.9166666667 -0.8 1e-05
50.9166666667 -0.666666666667 1e-05
50.9166666667 -0.533333333333 1e-05
50.9166666667 -0.4 1e-05
50.9166666667 -0.266666666667 1e-05
50.9166666667 -0.133333333333 1e-05
50.9166666667 0.0 1e-05
50.9166666667 0.133333333333 1e-05
50.9166666667 0.266666666667 1e-05
50.9166666667 0.4 1e-05
50.9166666667 0.533333333333 1e-05
50.9166666667 0.666666666667 1e-05
50.9166666667 0.8 1e-05
50.9166666667 1.0 1e-05
54.0833333333 -1.0 1e-05
54.0833333333 -0.8 1e-05
54.0833333333 -0.666666666667 1e-05
54.0833333333 -0.533333333333 1e-05
54.0833333333 -0.4 1e-05
54.0833333333 -0.266666666667 1e-05
54.0833333333 -0.133333333333 1e-05
54.0833333333 0.0 1e-05
54.0833333333 0.133333333333 1e-05
54.0833333333 0.266666666667 1e-05
54.0833333333 0.4 1e-05
54.0833333333 0.533333333333 1e-05
54.0833333333 0.666666666667 1e-05
54.0833333333 0.8 1e-05
54.0833333333 1.0 1e-05
57.25 -1.0 1e-05
57.25 -0.8 1e-05
57.25 -0.666666666667 1e-05
57.25 -0.533333333333 1e-05
57.25 -0.4 1e-05
57.25 -0.266666666667 1e-05
57.25 -0.133333333333 1e-05
57.25 0.0 1e-05
57.25 0.133333333333 1e-05
57.25 0.266666666667 1e-05
57.25 0.4 1e-05
57.25 0.533333333333 1e-05
57.25 0.666666666667 1e-05
57.25 0.8 1e-05
57.25 1.0 1e-05
60.4166666667 -1.0 1e-05
60.4166666667 -0.8 1e-05
60.4166666667 -0.666666666667 1e-05
60.4166666667 -0.533333333333 1e-05
60.4166666667 -0.4 1e-05
60.4166666667 -0.266666666667 1e-05
60.4166666667 -0.133333333333 1e-05
60.4166666667 0.0 1e-05
60.4166666667 0.133333333333 1e-05
60.4166666667 0.266666666667 1e-05
60.4166666667 0.4 1e-05
60.4166666667 0.533333333333 1e-05
60.4166666667 0.666666666667 1e-05
60.4166666667 0.8 1e-05
60.4166666667 1.0 1e-05
63.5833333333 -1.0 1e-05
63.5833333333 -0.8 1e-05
63.5833333333 -0.666666666667 1e-05
63.5833333333 -0.533333333333 1e-05
63.5833333333 -0.4 1e-05
63.5833333333 -0.266666666667 1e-05
63.5833333333 -0.133333333333 1e-05
63.5833333333 0.0 1e-05
63.5833333333 0.133333333333 1e-05
63.5833333333 0.266666666667 1e-05
63.5833333333 0.4 1e-05
63.5833333333 0.533333333333 1e-05
63.5833333333 0.666666666667 1e-05
63.5833333333 0.8 1e-05
63.5833333333 1.0 1e-05
66.75 -1.0 1e-05
66.75 -0.8 1e-05
66.75 -0.666666666667 1e-05
66.75 -0.533333333333 1e-05
66.75 -0.4 1e-05
66.75 -0.266666666667 1e-05
66.75 -0.133333333333 1e-05
66.75 0.0 1e-05
66.75 0.133333333333 1e-05
66.75 0.266666666667 1e-05
66.75 0.4 1e-05
66.75 0.533333333333 1e-05
66.75 0.666666666667 1e-05
66.75 0.8 1e-05
66.75 1.0 1e-05
69.9166666667 -1.0 1e-05
69.9166666667 -0.8 1e-05
69.9166666667 -0.666666666667 1e-05
69.9166666667 -0.533333333333 1e-05
69.9166666667 -0.4 1e-05
69.9166666667 -0.266666666667 1e-05
69.9166666667 -0.133333333333 1e-05
69.9166666667 0.0 1e-05
69.9166666667 0.133333333333 1e-05
69.9166666667 0.266666666667 1e-05
69.9166666667 0.4 1e-05
69.9166666667 0.533333333333 1e-05
69.9166666667 0.666666666667 1e-05
69.9166666667 0.8 1e-05
69.9166666667 1.0 1e-05
73.0833333333 -1.0 1e-05
73.0833333333 -0.8 1e-05
73.0833333333 -0.666666666667 1e-05
73.0833333333 -0.533333333333 1e-05
73.0833333333 -0.4 1e-05
73.0833333333 -0.266666666667 1e-05
73.0833333333 -0.133333333333 1e-05
73.0833333333 0.0 1e-05
73.0833333333 0.133333333333 1e-05
73.0833333333 0.266666666667 1e-05
73.0833333333 0.4 1e-05
73.0833333333 0.533333333333 1e-05
73.0833333333 0.666666666667 1e-05
73.0833333333 0.8 1e-05
73.0833333333 1.0 1e-05
76.25 -1.0 1e-05
76.25 -0.8 1e-05
76.25 -0.666666666667 1e-05
76.25 -0.533333333333 1e-05
76.25 -0.4 1e-05
76.25 -0.266666666667 1e-05
76.25 -0.133333333333 1e-05
76.25 0.0 1e-05
76.25 0.133333333333 1e-05
76.25 0.266666666667 1e-05
76.25 0.4 1e-05
76.25 0.533333333333 1e-05
76.25 0.666666666667 1e-05
76.25 0.8 1e-05
76.25 1.0 1e-05
79.4166666667 -1.0 1e-05
79.4166666667 -0.8 1e-05
79.4166666667 -0.666666666667 1e-05
79.4166666667 -0.533333333333 1e-05
79.4166666667 -0.4 1e-05
79.4166666667 -0.266666666667 1e-05
79.4166666667 -0.133333333333 1e-05
79.4166666667 0.0 1e-05
79.4166666667 0.133333333333 1e-05
79.4166666667 0.266666666667 1e-05
79.4166666667 0.4 1e-05
79.4166666667 0.533333333333 1e-05
79.4166666667 0.666666666667 1e-05
79.4166666667 0.8 1e-05
79.4166666667 1.0 1e-05
82.5833333333 -1.0 1e-05
82.5833333333 -0.8 1e-05
82.5833333333 -0.666666666667 1e-05
82.5833333333 -0.533333333333 1e-05
82.5833333333 -0.4 1e-05
82.5833333333 -0.266666666667 1e-05
82.5833333333 -0.133333333333 1e-05
82.5833333333 0.0 1e-05
82.5833333333 0.133333333333 1e-05
82.5833333333 0.266666666667 1e-05
82.5833333333 0.4 1e-05
82.5833333333 0.533333333333 1e-05
82.5833333333 0.666666666667 1e-05
82.5833333333 0.8 1e-05
82.5833333333 1.0 1e-05
85.75 -1.0 1e-05
85.75 -0.8 1e-05
85.75 -0.666666666667 1e-05
85.75 -0.533333333333 1e-05
85.75 -0.4 1e-05
85.75 -0.266666666667 1e-05
85.75 -0.133333333333 1e-05
85.75 0.0 1e-05
85.75 0.133333333333 1e-05
85.75 0.266666666667 1e-05
85.75 0.4 1e-05
85.75 0.533333333333 1e-05
85.75 0.666666666667 1e-05
85.75 0.8 1e-05
85.75 1.0 1e-05
88.9166666667 -1.0 1e-05
88.9166666667 -0.8 1e-05
88.9166666667 -0.666666666667 1e-05
88.9166666667 -0.533333333333 1e-05
88.9166666667 -0.4 1e-05
88.9166666667 -0.266666666667 1e-05
88.9166666667 -0.133333333333 1e-05
88.9166666667 0.0 1e-05
88.9166666667 0.133333333333 1e-05
88.9166666667 0.266666666667 1e-05
88.9166666667 0.4 1e-05
88.9166666667 0.533333333333 1e-05
88.9166666667 0.666666666667 1e-05
88.9166666667 0.8 1e-05
88.9166666667 1.0 1e-05
92.0833333333 -1.0 1e-05
92.0833333333 -0.8 1e-05
92.0833333333 -0.666666666667 1e-05
92.0833333333 -0.533333333333 1e-05
92.0833333333 -0.4 1e-05
92.0833333333 -0.266666666667 1e-05
92.0833333333 -0.133333333333 1e-05
92.0833333333 0.0 1e-05
92.0833333333 0.133333333333 1e-05
92.0833333333 0.266666666667 1e-05
92.0833333333 0.4 1e-05
92.0833333333 0.533333333333 1e-05
92.0833333333 0.666666666667 1e-05
92.0833333333 0.8 1e-05
92.0833333333 1.0 1e-05
95.25 -1.0 1e-05
95.25 -0.8 1e-05
95.25 -0.666666666667 1e-05
95.25 -0.533333333333 1e-05
95.25 -0.4 1e-05
95.25 -0.266666666667 1e-05
95.25 -0.133333333333 1e-05
95.25 0.0 1e-05
95.25 0.133333333333 1e-05
95.25 0.266666666667 1e-05
95.25 0.4 1e-05
95.25 0.533333333333 1e-05
95.25 0.666666666667 1e-05
95.25 0.8 1e-05
95.25 1.0 1e-05
100.0 -1.0 1e-05
100.0 -0.8 1e-05
100.0 -0.666666666667 1e-05
100.0 -0.533333333333 1e-05
100.0 -0.4 1e-05
100.0 -0.266666666667 1e-05
100.0 -0.133333333333 1e-05
100.0 0.0 1e-05
100.0 0.133333333333 1e-05
100.0 0.266666666667 1e-05
100.0 0.4 1e-05
100.0 0.533333333333 1e-05
100.0 0.666666666667 1e-05
100.0 0.8 1e-05
100.0 1.0 1e-05
