5.0 -1.0 0.0648858667048
5.0 -0.8 0.107661634566
5.0 -0.666666666667 0.150910439142
5.0 -0.533333333333 0.189968393981
5.0 -0.4 0.221074588404
5.0 -0.266666666667 0.235348800615
5.0 -0.133333333333 0.244012165342
5.0 0.0 0.226968573081
5.0 0.133333333333 0.212077144292
5.0 0.266666666667 0.184264337373
5.0 0.4 0.149891175467
5.0 0.533333333333 0.111424544688
5.0 0.666666666667 0.0750885388271
5.0 0.8 0.0424914984691
5.0 1.0 0.0174233011821
9.75 -1.0 0.000662845527692
9.75 -0.8 0.00366921153894
9.75 -0.666666666667 0.0071960482561
9.75 -0.533333333333 0.0121671436712
9.75 -0.4 0.0152448154094
9.75 -0.266666666667 0.0175410599265
9.75 -0.133333333333 0.0198367837362
9.75 0.0 0.0179906789876
9.75 0.133333333333 0.0150315534007
9.75 0.266666666667 0.0119781881155
9.75 0.4 0.0070309236451
9.75 0.533333333333 0.00400064620115
9.75 0.666666666667 0.00182265726502
9.75 0.8 0.00042607205813
9.75 1.0 7.10242308773e-05
12.9166666667 -1.0 1e-05
12.9166666667 -0.8 1e-05
12.9166666667 -0.666666666667 1e-05
12.9166666667 -0.533333333333 1e-05
12.9166666667 -0.4 1e-05
12.9166666667 -0.266666666667 9.46895124918e-05
12.9166666667 -0.133333333333 4.73447562459e-05
12.9166666667 0.0 7.10431593156e-05
12.9166666667 0.133333333333 2.36605499763e-05
12.9166666667 0.266666666667 1e-05
12.9166666667 0.4 2.36605499763e-05
12.9166666667 0.533333333333 1e-05
12.9166666667 0.666666666667 1e-05
12.9166666667 0.8 1e-05
12.9166666667 1.0 1e-05
16.0833333333 -1.0 1e-05
16.0833333333 -0.8 1e-05
16.0833333333 -0.666666666667 1e-05
16.0833333333 -0.533333333333 1e-05
16.0833333333 -0.4 1e-05
16.0833333333 -0.266666666667 1e-05
16.0833333333 -0.133333333333 1e-05
16.0833333333 0.0 1e-05
16.0833333333 0.133333333333 1e-05
16.0833333333 0.266666666667 1e-05
16.0833333333 0.4 1e-05
16.0833333333 0.533333333333 1e-05
16.0833333333 0.666666666667 1e-05
16.0833333333 0.8 1e-05
16.0833333333 1.0 1e-05
19.25 -1.0 1e-05
19.25 -0.8 1e-05
19.25 -0.666666666667 1e-05
19.25 -0.533333333333 1e-05
19.25 -0.4 1e-05
19.25 -0.266666666667 1e-05
19.25 -0.133333333333 1e-05
19.25 0.0 1e-05
19.25 0.133333333333 1e-05
19.25 0.266666666667 1e-05
19.25 0.4 1e-05
19.25 0.533333333333 1e-05
19.25 0.666666666667 1e-05
19.25 0.8 1e-05
19.25 1.0 1e-05
22.4166666667 -1.0 1e-05
22.4166666667 -0.8 1e-05
22.4166666667 -0.666666666667 1e-05
22.4166666667 -0.533333333333 1e-05
22.4166666667 -0.4 1e-05
22.4166666667 -0.266666666667 1e-05
22.4166666667 -0.133333333333 1e-05
22.4166666667 0.0 1e-05
22.4166666667 0.133333333333 1e-05
22.4166666667 0.266666666667 1e-05
22.4166666667 0.4 1e-05
22.4166666667 0.533333333333 1e-05
22.4166666667 0.666666666667 1e-05
22.4166666667 0.8 1e-05
22.4166666667 1.0 1e-05
25.5833333333 -1.0 1e-05
25.5833333333 -0.8 1e-05
25.5833333333 -0.666666666667 1e-05
25.5833333333 -0.533333333333 1e-05
25.5833333333 -0.4 1e-05
25.5833333333 -0.266666666667 1e-05
25.5833333333 -0.133333333333 1e-05
25.5833333333 0.0 1e-05
25.5833333333 0.133333333333 1e-05
25.5833333333 0.266666666667 1e-05
25.5833333333 0.4 1e-05
25.5833333333 0.533333333333 1e-05
25.5833333333 0.666666666667 1e-05
25.5833333333 0.8 1e-05
25.5833333333 1.0 1e-05
28.75 -1.0 1e-05
28.75 -0.8 1e-05
28.75 -0.666666666667 1e-05
28.75 -0.533333333333 1e-05
28.75 -0.4 1e-05
28.75 -0.266666666667 1e-05
28.75 -0.133333333333 1e-05
28.75 0.0 1e-05
28.75 0.133333333333 1e-05
28.75 0.266666666667 1e-05
28.75 0.4 1e-05
28.75 0.533333333333 1e-05
28.75 0.666666666667 1e-05
28.75 0.8 1e-05
28.75 1.0 1e-05
31.9166666667 -1.0 1e-05
31.9166666667 -0.8 1e-05
31.9166666667 -0.666666666667 1e-05
31.9166666667 -0.533333333333 1e-05
31.9166666667 -0.4 1e-05
31.9166666667 -0.266666666667 1e-05
31.9166666667 -0.133333333333 1e-05
31.9166666667 0.0 1e-05
31.9166666667 0.133333333333 1e-05
31.9166666667 0.266666666667 1e-05
31.9166666667 0.4 1e-05
31.9166666667 0.533333333333 1e-05
31.9166666667 0.666666666667 1e-05
31.9166666667 0.8 1e-05
31.9166666667 1.0 1e-05
35.0833333333 -1.0 1e-05
35.0833333333 -0.8 1e-05
35.0833333333 -0.666666666667 1e-05
35.0833333333 -0.533333333333 1e-05
35.0833333333 -0.4 1e-05
35.0833333333 -0.266666666667 1e-05
35.0833333333 -0.133333333333 1e-05
35.0833333333 0.0 1e-05
35.0833333333 0.133333333333 1e-05
35.0833333333 0.266666666667 1e-05
35.0833333333 0.4 1e-05
35.0833333333 0.533333333333 1e-05
35.0833333333 0.666666666667 1e-05
35.0833333333 0.8 1e-05
35.0833333333 1.0 1e-05
38.25 -1.0 1e-05
38.25 -0.8 1e-05
38.25 -0.666666666667 1e-05
38.25 -0.533333333333 1e-05
38.25 -0.4 1e-05
38.25 -0.266666666667 1e-05
38.25 -0.133333333333 1e-05
38.25 0.0 1e-05
38.25 0.133333333333 1e-05
38.25 0.266666666667 1e-05
38.25 0.4 1e-05
38.25 0.533333333333 1e-05
38.25 0.666666666667 1e-05
38.25 0.8 1e-05
38.25 1.0 1e-05
41.4166666667 -1.0 1e-05
41.4166666667 -0.8 1e-05
41.4166666667 -0.666666666667 1e-05
41.4166666667 -0.533333333333 1e-05
41.4166666667 -0.4 1e-05
41.4166666667 -0.266666666667 1e-05
41.4166666667 -0.133333333333 1e-05
41.4166666667 0.0 1e-05
41.4166666667 0.133333333333 1e-05
41.4166666667 0.266666666667 1e-05
41.4166666667 0.4 1e-05
41.4166666667 0.533333333333 1e-05
41.4166666667 0.666666666667 1e-05
41.4166666667 0.8 1e-05
41.4166666667 1.0 1e-05
44.5833333333 -1.0 1e-05
44.5833333333 -0.8 1e-05
44.5833333333 -0.666666666667 1e-05
44.5833333333 -0.533333333333 1e-05
44.5833333333 -0.4 1e-05
44.5833333333 -0.266666666667 1e-05
44.5833333333 -0.133333333333 1e-05
44.5833333333 0.0 1e-05
44.5833333333 0.133333333333 1e-05
44.5833333333 0.266666666667 1e-05
44.5833333333 0.4 1e-05
44.5833333333 0.533333333333 1e-05
44.5833333333 0.666666666667 1e-05
44.5833333333 0.8 1e-05
44.5833333333 1.0 1e-05
47.75 -1.0 1e-05
47.75 -0.8 1e-05
47.75 -0.666666666667 1e-05
47.75 -0.533333333333 1e-05
47.75 -0.4 1e-05
47.75 -0.266666666667 1e-05
47.75 -0.133333333333 1e-05
47.75 0.0 1e-05
47.75 0.133333333333 1e-05
47.75 0.266666666667 1e-05
47.75 0.4 1e-05
47.75 0.533333333333 1e-05
47.75 0.666666666667 1e-05
47.75 0.8 1e-05
47.75 1.0 1e-05
50.9166666667 -1.0 1e-05
50.9166666667 -0.8 1e-05
50.9166666667 -0.666666666667 1e-05
50.9166666667 -0.533333333333 1e-05
50.9166666667 -0.4 1e-05
50.9166666667 -0.266666666667 1e-05
50.9166666667 -0.133333333333 1e-05
50.9166666667 0.0 1e-05
50.9166666667 0.133333333333 1e-05
50.9166666667 0.266666666667 1e-05
50.9166666667 0.4 1e-05
50.9166666667 0.533333333333 1e-05
50.9166666667 0.666666666667 1e-05
50.9166666667 0.8 1e-05
50.9166666667 1.0 1e-05
54.0833333333 -1.0 1e-05
54.0833333333 -0.8 1e-05
54.0833333333 -0.666666666667 1e-05
54.0833333333 -0.533333333333 1e-05
54.0833333333 -0.4 1e-05
54.0833333333 -0.266666666667 1e-05
54.0833333333 -0.133333333333 1e-05
54.0833333333 0.0 1e-05
54.0833333333 0.133333333333 1e-05
54.0833333333 0.266666666667 1e-05
54.0833333333 0.4 1e-05
54.0833333333 0.533333333333 1e-05
54.0833333333 0.666666666667 1e-05
54.0833333333 0.8 1e-05
54.0833333333 1.0 1e-05
57.25 -1.0 1e-05
57.25 -0.8 1e-05
57.25 -0.666666666667 1e-05
57.25 -0.533333333333 1e-05
57.25 -0.4 1e-05
57.25 -0.266666666667 1e-05
57.25 -0.133333333333 1e-05
57.25 0.0 1e-05
57.25 0.133333333333 1e-05
57.25 0.266666666667 1e-05
57.25 0.4 1e-05
57.25 0.533333333333 1e-05
57.25 0.666666666667 1e-05
57.25 0.8 1e-05
57.25 1.0 1e-05
60.4166666667 -1.0 1e-05
60.4166666667 -0.8 1e-05
60.4166666667 -0.666666666667 1e-05
60.4166666667 -0.533333333333 1e-05
60.4166666667 -0.4 1e-05
60.4166666667 -0.266666666667 1e-05
60.4166666667 -0.133333333333 1e-05
60.4166666667 0.0 1e-05
60.4166666667 0.133333333333 1e-05
60.4166666667 0.266666666667 1e-05
60.4166666667 0.4 1e-05
60.4166666667 0.533333333333 1e-05
60.4166666667 0.666666666667 1e-05
60.4166666667 0.8 1e-05
60.4166666667 1.0 1e-05
63.5833333333 -1.0 1e-05
63.5833333333 -0.8 1e-05
63.5833333333 -0.666666666667 1e-05
63.5833333333 -0.533333333333 1e-05
63.5833333333 -0.4 1e-05
63.5833333333 -0.266666666667 1e-05
63.5833333333 -0.133333333333 1e-05
63.5833333333 0.0 1e-05
63.5833333333 0.133333333333 1e-05
63.5833333333 0.266666666667 1e-05
63.5833333333 0.4 1e-05
63.5833333333 0.533333333333 1e-05
63.5833333333 0.666666666667 1e-05
63.5833333333 0.8 1e-05
63.5833333333 1.0 1e-05
66.75 -1.0 1e-05
66.75 -0.8 1e-05
66.75 -0.666666666667 1e-05
66.75 -0.533333333333 1e-05
66.75 -0.4 1e-05
66.75 -0.266666666667 1e-05
66.75 -0.133333333333 1e-05
66.75 0.0 1e-05
66.75 0.133333333333 1e-05
66.75 0.266666666667 1e-05
66.75 0.4 1e-05
66.75 0.533333333333 1e-05
66.75 0.666666666667 1e-05
66.75 0.8 1e-05
66.75 1.0 1e-05
69.9166666667 -1.0 1e-05
69.9166666667 -0.8 1e-05
69.9166666667 -0.666666666667 1e-05
69.9166666667 -0.533333333333 1e-05
69.9166666667 -0.4 1e-05
69.9166666667 -0.266666666667 1e-05
69.9166666667 -0.133333333333 1e-05
69.9166666667 0.0 1e-05
69.9166666667 0.133333333333 1e-05
69.9166666667 0.266666666667 1e-05
69.9166666667 0.4 1e-05
69.9166666667 0.533333333333 1e-05
69.9166666667 0.666666666667 1e-05
69.9166666667 0.8 1e-05
69.9166666667 1.0 1e-05
73.0833333333 -1.0 1e-05
73.0833333333 -0.8 1e-05
73.0833333333 -0.666666666667 1e-05
73.0833333333 -0.533333333333 1e-05
73.0833333333 -0.4 1e-05
73.0833333333 -0.266666666667 1e-05
73.0833333333 -0.133333333333 1e-05
73.0833333333 0.0 1e-05
73.0833333333 0.133333333333 1e-05
73.0833333333 0.266666666667 1e-05
73.0833333333 0.4 1e-05
73.0833333333 0.533333333333 1e-05
73.0833333333 0.666666666667 1e-05
73.0833333333 0.8 1e-05
73.0833333333 1.0 1e-05
76.25 -1.0 1e-05
76.25 -0.8 1e-05
76.25 -0.666666666667 1e-05
76.25 -0.533333333333 1e-05
76.25 -0.4 1e-05
76.25 -0.266666666667 1e-05
76.25 -0.133333333333 1e-05
76.25 0.0 1e-05
76.25 0.133333333333 1e-05
76.25 0.266666666667 1e-05
76.25 0.4 1e-05
76.25 0.533333333333 1e-05
76.25 0.666666666667 1e-05
76.25 0.8 1e-05
76.25 1.0 1e-05
79.4166666667 -1.0 1e-05
79.4166666667 -0.8 1e-05
79.4166666667 -0.666666666667 1e-05
79.4166666667 -0.533333333333 1e-05
79.4166666667 -0.4 1e-05
79.4166666667 -0.266666666667 1e-05
79.4166666667 -0.133333333333 1e-05
79.4166666667 0.0 1e-05
79.4166666667 0.133333333333 1e-05
79.4166666667 0.266666666667 1e-05
79.4166666667 0.4 1e-05
79.4166666667 0.533333333333 1e-05
79.4166666667 0.666666666667 1e-05
79.4166666667 0.8 1e-05
79.4166666667 1.0 1e-05
82.5833333333 -1.0 1e-05
82.5833333333 -0.8 1e-05
82.5833333333 -0.666666666667 1e-05
82.5833333333 -0.533333333333 1e-05
82.5833333333 -0.4 1e-05
82.5833333333 -0.266666666667 1e-05
82.5833333333 -0.133333333333 1e-05
82.5833333333 0.0 1e-05
82.5833333333 0.133333333333 1e-05
82.5833333333 0.266666666667 1e-05
82.5833333333 0.4 1e-05
82.5833333333 0.533333333333 1e-05
82.5833333333 0.666666666667 1e-05
82.5833333333 0.8 1e-05
82.5833333333 1.0 1e-05
85.75 -1.0 1e-05
85.75 -0.8 1e-05
85.75 -0.666666666667 1e-05
85.75 -0.533333333333 1e-05
85.75 -0.4 1e-05
85.75 -0.266666666667 1e-05
85.75 -0.133333333333 1e-05
85.75 0.0 1e-05
85.75 0.133333333333 1e-05
85.75 0.266666666667 1e-05
85.75 0.4 1e-05
85.75 0.533333333333 1e-05
85.75 0.666666666667 1e-05
85.75 0.8 1e-05
85.75 1.0 1e-05
88.9166666667 -1.0 1e-05
88.9166666667 -0.8 1e-05
88.9166666667 -0.666666666667 1e-05
88.9166666667 -0.533333333333 1e-05
88.9166666667 -0.4 1e-05
88.9166666667 -0.266666666667 1e-05
88.9166666667 -0.133333333333 1e-05
88.9166666667 0.0 1e-05
88.9166666667 0.133333333333 1e-05
88.9166666667 0.266666666667 1e-05
88.9166666667 0.4 1e-05
88.9166666667 0.533333333333 1e-05
88.9166666667 0.666666666667 1e-05
88.9166666667 0.8 1e-05
88.9166666667 1.0 1e-05
92.0833333333 -1.0 1e-05
92.0833333333 -0.8 1e-05
92.0833333333 -0.666666666667 1e-05
92.0833333333 -0.533333333333 1e-05
92.0833333333 -0.4 1e-05
92.0833333333 -0.266666666667 1e-05
92.0833333333 -0.133333333333 1e-05
92.0833333333 0.0 1e-05
92.0833333333 0.133333333333 1e-05
92.0833333333 0.266666666667 1e-05
92.0833333333 0.4 1e-05
92.0833333333 0.533333333333 1e-05
92.0833333333 0.666666666667 1e-05
92.0833333333 0.8 1e-05
92.0833333333 1.0 1e-05
95.25 -1.0 1e-05
95.25 -0.8 1e-05
95.25 -0.666666666667 1e-05
95.25 -0.533333333333 1e-05
95.25 -0.4 1e-05
95.25 -0.266666666667 1e-05
95.25 -0.133333333333 1e-05
95.25 0.0 1e-05
95.25 0.133333333333 1e-05
95.25 0.266666666667 1e-05
95.25 0.4 1e-05
95.25 0.533333333333 1e-05
95.25 0.666666666667 1e-05
95.25 0.8 1e-05
95.25 1.0 1e-05
100.0 -1.0 1e-05
100.0 -0.8 1e-05
100.0 -0.666666666667 1e-05
100.0 -0.533333333333 1e-05
100.0 -0.4 1e-05
100.0 -0.266666666667 1e-05
100.0 -0.133333333333 1e-05
100.0 0.0 1e-05
100.0 0.133333333333 1e-05
100.0 0.266666666667 1e-05
100.0 0.4 1e-05
100.0 0.533333333333 1e-05
100.0 0.666666666667 1e-05
100.0 0.8 1e-05
100.0 1.0 1e-05
