5.0 -1.0 0.0113852195596
5.0 -0.8 0.0120827127403
5.0 -0.666666666667 0.0135592350563
5.0 -0.533333333333 0.0150143767198
5.0 -0.4 0.0161284580851
5.0 -0.266666666667 0.0167295436012
5.0 -0.133333333333 0.0180369992365
5.0 0.0 0.0187499705763
5.0 0.133333333333 0.0207261849926
5.0 0.266666666667 0.0215171861109
5.0 0.4 0.0216973357439
5.0 0.533333333333 0.0227902490585
5.0 0.666666666667 0.0235558721656
5.0 0.8 0.0249645496516
5.0 1.0 0.0303961914177
9.75 -1.0 0.00903461961999
9.75 -0.8 0.0103509892379
9.75 -0.666666666667 0.0115465217287
9.75 -0.533333333333 0.0129546470244
9.75 -0.4 0.0148716435908
9.75 -0.266666666667 0.0158384246534
9.75 -0.133333333333 0.0176204800823
9.75 0.0 0.019016846256
9.75 0.133333333333 0.0192520140965
9.75 0.266666666667 0.0217432160802
9.75 0.4 0.0224122859885
9.75 0.533333333333 0.0231467281565
9.75 0.666666666667 0.0243558656291
9.75 0.8 0.0250100970907
9.75 1.0 0.0292271419156
12.9166666667 -1.0 0.00702035333146
12.9166666667 -0.8 0.00817021840545
12.9166666667 -0.666666666667 0.0105715401238
12.9166666667 -0.533333333333 0.0124500618953
12.9166666667 -0.4 0.0139094295769
12.9166666667 -0.266666666667 0.0154807102566
12.9166666667 -0.133333333333 0.0174514400754
12.9166666667 0.0 0.0180254502608
12.9166666667 0.133333333333 0.0190237994769
12.9166666667 0.266666666667 0.0205819517103
12.9166666667 0.4 0.0206771333191
12.9166666667 0.533333333333 0.0218714623288
12.9166666667 0.666666666667 0.0235547872596
12.9166666667 0.8 0.0238642345718
12.9166666667 1.0 0.0286000709133
16.0833333333 -1.0 0.00546718668793
16.0833333333 -0.8 0.00716782648469
16.0833333333 -0.666666666667 0.00907021266379
16.0833333333 -0.533333333333 0.0111124332682
16.0833333333 -0.4 0.0121606833154
16.0833333333 -0.266666666667 0.0137613599645
16.0833333333 -0.133333333333 0.0149972286856
16.0833333333 0.0 0.0171592229306
16.0833333333 0.133333333333 0.0177747490178
16.0833333333 0.266666666667 0.0193352020125
16.0833333333 0.4 0.0192679658802
16.0833333333 0.533333333333 0.0204253184934
16.0833333333 0.666666666667 0.0217371634384
16.0833333333 0.8 0.0214559897586
16.0833333333 1.0 0.0232922174763
19.25 -1.0 0.00365027503328
19.25 -0.8 0.00464398621033
19.25 -0.666666666667 0.00780949356128
19.25 -0.533333333333 0.00910276993653
19.25 -0.4 0.0107780063762
19.25 -0.266666666667 0.0122652951004
19.25 -0.133333333333 0.0138453826176
19.25 0.0 0.015267798508
19.25 0.133333333333 0.0155967430365
19.25 0.266666666667 0.0179179420632
19.25 0.4 0.0181228726025
19.25 0.533333333333 0.0187809518301
19.25 0.666666666667 0.0187943378791
19.25 0.8 0.0200106510006
19.25 1.0 0.0195960919858
22.4166666667 -1.0 0.00285188346872
22.4166666667 -0.8 0.00386921394901
22.4166666667 -0.666666666667 0.00567209228419
22.4166666667 -0.533333333333 0.00747784458288
22.4166666667 -0.4 0.00869801862902
22.4166666667 -0.266666666667 0.010482883729
22.4166666667 -0.133333333333 0.0116563045255
22.4166666667 0.0 0.0136311949895
22.4166666667 0.133333333333 0.0146820966111
22.4166666667 0.266666666667 0.0155337785577
22.4166666667 0.4 0.0166531045527
22.4166666667 0.533333333333 0.0174364546326
22.4166666667 0.666666666667 0.0178003999211
22.4166666667 0.8 0.0181938633454
22.4166666667 1.0 0.0182137333748
25.5833333333 -1.0 0.00201892367505
25.5833333333 -0.8 0.00382966093845
25.5833333333 -0.666666666667 0.00549594503412
25.5833333333 -0.533333333333 0.00601231348935
25.5833333333 -0.4 0.00756312080962
25.5833333333 -0.266666666667 0.0092316630381
25.5833333333 -0.133333333333 0.0102179592933
25.5833333333 0.0 0.0114162986332
25.5833333333 0.133333333333 0.0121189497091
25.5833333333 0.266666666667 0.0128748303705
25.5833333333 0.4 0.0137637921038
25.5833333333 0.533333333333 0.0144860214796
25.5833333333 0.666666666667 0.0151027381391
25.5833333333 0.8 0.0146669771073
25.5833333333 1.0 0.0141621203832
28.75 -1.0 0.00127410757659
28.75 -0.8 0.00273054257492
28.75 -0.666666666667 0.00381031536662
28.75 -0.533333333333 0.00569085652991
28.75 -0.4 0.00608829975862
28.75 -0.266666666667 0.00755815133087
28.75 -0.133333333333 0.00899437581152
28.75 0.0 0.0097228099053
28.75 0.133333333333 0.0111468513871
28.75 0.266666666667 0.01153517203
28.75 0.4 0.0126033825924
28.75 0.533333333333 0.0121443059089
28.75 0.666666666667 0.0121487091866
28.75 0.8 0.0131822653425
28.75 1.0 0.0125354249769
31.9166666667 -1.0 0.00100528652483
31.9166666667 -0.8 0.00206875659671
31.9166666667 -0.666666666667 0.00302553885718
31.9166666667 -0.533333333333 0.00399992841657
31.9166666667 -0.4 0.00550764453121
31.9166666667 -0.266666666667 0.00686601029788
31.9166666667 -0.133333333333 0.00841407993575
31.9166666667 0.0 0.00879211895447
31.9166666667 0.133333333333 0.00904108883917
31.9166666667 0.266666666667 0.00988197719156
31.9166666667 0.4 0.0105202665016
31.9166666667 0.533333333333 0.010838671017
31.9166666667 0.666666666667 0.010210446615
31.9166666667 0.8 0.0103372525531
31.9166666667 1.0 0.0102231624742
35.0833333333 -1.0 0.000682383409302
35.0833333333 -0.8 0.00148420059303
35.0833333333 -0.666666666667 0.00205800442182
35.0833333333 -0.533333333333 0.00331118205546
35.0833333333 -0.4 0.00426869906161
35.0833333333 -0.266666666667 0.00583315088375
35.0833333333 -0.133333333333 0.00594786622688
35.0833333333 0.0 0.00703954504301
35.0833333333 0.133333333333 0.00790822324338
35.0833333333 0.266666666667 0.00825992399625
35.0833333333 0.4 0.00931998150101
35.0833333333 0.533333333333 0.00957736353713
35.0833333333 0.666666666667 0.00843379197416
35.0833333333 0.8 0.00760342779162
35.0833333333 1.0 0.00831730172339
38.25 -1.0 0.000498770918659
38.25 -0.8 0.000977857539852
38.25 -0.666666666667 0.0018703272447
38.25 -0.533333333333 0.0034841573416
38.25 -0.4 0.00344357699441
38.25 -0.266666666667 0.00380403679529
38.25 -0.133333333333 0.00538210013699
38.25 0.0 0.00584519422729
38.25 0.133333333333 0.00688660785456
38.25 0.266666666667 0.00779093705419
38.25 0.4 0.00777980433672
38.25 0.533333333333 0.00760571753309
38.25 0.666666666667 0.00763156221478
38.25 0.8 0.00751552978875
38.25 1.0 0.00654051531352
41.4166666667 -1.0 0.000431084712624
41.4166666667 -0.8 0.000733072530706
41.4166666667 -0.666666666667 0.00159352121582
41.4166666667 -0.533333333333 0.00202865443165
41.4166666667 -0.4 0.00327625730519
41.4166666667 -0.266666666667 0.00349100351266
41.4166666667 -0.133333333333 0.00421130991826
41.4166666667 0.0 0.00543909477135
41.4166666667 0.133333333333 0.00535440857354
41.4166666667 0.266666666667 0.00563659903259
41.4166666667 0.4 0.00626114982476
41.4166666667 0.533333333333 0.0069759742227
41.4166666667 0.666666666667 0.00623016109994
41.4166666667 0.8 0.0061922300444
41.4166666667 1.0 0.00512049274522
44.5833333333 -1.0 0.000386102396725
44.5833333333 -0.8 0.000591564901498
44.5833333333 -0.666666666667 0.000886407280784
44.5833333333 -0.533333333333 0.00161869192409
44.5833333333 -0.4 0.00234375060259
44.5833333333 -0.266666666667 0.00289063001936
44.5833333333 -0.133333333333 0.00380282348811
44.5833333333 0.0 0.00403355342966
44.5833333333 0.133333333333 0.00503763377489
44.5833333333 0.266666666667 0.0053981955329
44.5833333333 0.4 0.00659353914017
44.5833333333 0.533333333333 0.00539078533322
44.5833333333 0.666666666667 0.00567273846401
44.5833333333 0.8 0.00434829222414
44.5833333333 1.0 0.00430304647206
47.75 -1.0 0.000112965445645
47.75 -0.8 0.000728031830007
47.75 -0.666666666667 0.00102351831021
47.75 -0.533333333333 0.00140732109838
47.75 -0.4 0.00196614993043
47.75 -0.266666666667 0.00222550750214
47.75 -0.133333333333 0.00307392462168
47.75 0.0 0.00369025584133
47.75 0.133333333333 0.00362590150053
47.75 0.266666666667 0.00522326432342
47.75 0.4 0.0047226114169
47.75 0.533333333333 0.00431237693791
47.75 0.666666666667 0.00410640437651
47.75 0.8 0.00402390965947
47.75 1.0 0.00326134588144
50.9166666667 -1.0 0.000160039112646
50.9166666667 -0.8 0.000385922059421
50.9166666667 -0.666666666667 0.000272717839697
50.9166666667 -0.533333333333 0.00095576001893
50.9166666667 -0.4 0.00129616432127
50.9166666667 -0.266666666667 0.00152658022146
50.9166666667 -0.133333333333 0.00230710178828
50.9166666667 0.0 0.00232940873782
50.9166666667 0.133333333333 0.00339433808336
50.9166666667 0.266666666667 0.00394805814097
50.9166666667 0.4 0.00400727992632
50.9166666667 0.533333333333 0.00388055199518
50.9166666667 0.666666666667 0.00391814226858
50.9166666667 0.8 0.00357528943047
50.9166666667 1.0 0.00317311926146
54.0833333333 -1.0 6.87935793177e-05
54.0833333333 -0.8 0.000410683447336
54.0833333333 -0.666666666667 0.000640382101438
54.0833333333 -0.533333333333 0.000754471977373
54.0833333333 -0.4 0.000906875241993
54.0833333333 -0.266666666667 0.00166561345634
54.0833333333 -0.133333333333 0.00232546591184
54.0833333333 0.0 0.00242176643182
54.0833333333 0.133333333333 0.00268702786597
54.0833333333 0.266666666667 0.00312014722409
54.0833333333 0.4 0.00286623902312
54.0833333333 0.533333333333 0.0033691814814
54.0833333333 0.666666666667 0.00319023193269
54.0833333333 0.8 0.00292428114037
54.0833333333 1.0 0.00241034576855
57.25 -1.0 6.88530989136e-05
57.25 -0.8 0.000249013229616
57.25 -0.666666666667 0.000271258625589
57.25 -0.533333333333 0.000527288900198
57.25 -0.4 0.00102072143167
57.25 -0.266666666667 0.00139186171602
57.25 -0.133333333333 0.00175855026279
57.25 0.0 0.00196201106767
57.25 0.133333333333 0.00241885122583
57.25 0.266666666667 0.00250962995751
57.25 0.4 0.00297964643479
57.25 0.533333333333 0.00309223578037
57.25 0.666666666667 0.00269368036316
57.25 0.8 0.00237131615486
57.25 1.0 0.00152909254717
60.4166666667 -1.0 1e-05
60.4166666667 -0.8 0.000202923153141
60.4166666667 -0.666666666667 0.000294936663255
60.4166666667 -0.533333333333 0.000592291453864
60.4166666667 -0.4 0.000634053122002
60.4166666667 -0.266666666667 0.000910227673139
60.4166666667 -0.133333333333 0.00148466977917
60.4166666667 0.0 0.00193500182297
60.4166666667 0.133333333333 0.00179936879966
60.4166666667 0.266666666667 0.00200899088577
60.4166666667 0.4 0.00257361830697
60.4166666667 0.533333333333 0.00251105332728
60.4166666667 0.666666666667 0.00253292617186
60.4166666667 0.8 0.00213424754687
60.4166666667 1.0 0.00152923134357
63.5833333333 -1.0 4.50700741236e-05
63.5833333333 -0.8 0.000136538453672
63.5833333333 -0.666666666667 0.000251553741497
63.5833333333 -0.533333333333 0.000452319368413
63.5833333333 -0.4 0.000543639372349
63.5833333333 -0.266666666667 0.00080165864595
63.5833333333 -0.133333333333 0.00100087137676
63.5833333333 0.0 0.00145375844054
63.5833333333 0.133333333333 0.00191133175042
63.5833333333 0.266666666667 0.00162519265028
63.5833333333 0.4 0.00157004143364
63.5833333333 0.533333333333 0.00228491432988
63.5833333333 0.666666666667 0.00204934533176
63.5833333333 0.8 0.00154782637648
63.5833333333 1.0 0.00123162421611
66.75 -1.0 1e-05
66.75 -0.8 0.000161167096251
66.75 -0.666666666667 0.000113193753871
66.75 -0.533333333333 0.000407464808795
66.75 -0.4 0.000637434332013
66.75 -0.266666666667 0.000769578754014
66.75 -0.133333333333 0.00104519937065
66.75 0.0 0.00109841310229
66.75 0.133333333333 0.00136323462382
66.75 0.266666666667 0.00168031730156
66.75 0.4 0.00203267548311
66.75 0.533333333333 0.00162118530976
66.75 0.666666666667 0.00139052601557
66.75 0.8 0.000955562640759
66.75 1.0 0.00118436966876
69.9166666667 -1.0 2.24857215668e-05
69.9166666667 -0.8 4.62988559593e-05
69.9166666667 -0.666666666667 0.000182189317491
69.9166666667 -0.533333333333 0.000226349459726
69.9166666667 -0.4 0.000749470862349
69.9166666667 -0.266666666667 0.000502097338228
69.9166666667 -0.133333333333 0.000770599631214
69.9166666667 0.0 0.000956072872102
69.9166666667 0.133333333333 0.00104481237933
69.9166666667 0.266666666667 0.000951645020077
69.9166666667 0.4 0.00134358425307
69.9166666667 0.533333333333 0.00150641103397
69.9166666667 0.666666666667 0.0014659775326
69.9166666667 0.8 0.00111373588868
69.9166666667 1.0 0.000731735163943
73.0833333333 -1.0 1e-05
73.0833333333 -0.8 4.53626121052e-05
73.0833333333 -0.666666666667 9.14159679324e-05
73.0833333333 -0.533333333333 0.000248333263167
73.0833333333 -0.4 0.000502376504379
73.0833333333 -0.266666666667 0.000386655779548
73.0833333333 -0.133333333333 0.000569275808283
73.0833333333 0.0 0.000958169612184
73.0833333333 0.133333333333 0.000979780434506
73.0833333333 0.266666666667 0.00110243980885
73.0833333333 0.4 0.00100448081606
73.0833333333 0.533333333333 0.00136640779211
73.0833333333 0.666666666667 0.00111874269482
73.0833333333 0.8 0.000594832154018
73.0833333333 1.0 0.000476802466178
76.25 -1.0 1e-05
76.25 -0.8 2.25778937334e-05
76.25 -0.666666666667 4.62092267609e-05
76.25 -0.533333333333 0.000229133334743
76.25 -0.4 0.000229808547905
76.25 -0.266666666667 0.000370040958211
76.25 -0.133333333333 0.000568621623391
76.25 0.0 0.000411850172415
76.25 0.133333333333 0.000908866217571
76.25 0.266666666667 0.000817629749698
76.25 0.4 0.000957494123087
76.25 0.533333333333 0.00125114386755
76.25 0.666666666667 0.00134178568978
76.25 0.8 0.000844927068355
76.25 1.0 0.000682652987764
79.4166666667 -1.0 1e-05
79.4166666667 -0.8 4.56167383018e-05
79.4166666667 -0.666666666667 0.000114563645635
79.4166666667 -0.533333333333 4.51171119731e-05
79.4166666667 -0.4 0.000159050363129
79.4166666667 -0.266666666667 0.000297557104651
79.4166666667 -0.133333333333 0.000295644950782
79.4166666667 0.0 0.000570167318298
79.4166666667 0.133333333333 0.00047793199299
79.4166666667 0.266666666667 0.000726379461402
79.4166666667 0.4 0.00084983264592
79.4166666667 0.533333333333 0.00070173775548
79.4166666667 0.666666666667 0.000591964093464
79.4166666667 0.8 0.000574948839028
79.4166666667 1.0 0.000388543850575
82.5833333333 -1.0 1e-05
82.5833333333 -0.8 1e-05
82.5833333333 -0.666666666667 4.52317644947e-05
82.5833333333 -0.533333333333 0.000136754929259
82.5833333333 -0.4 0.000207758759707
82.5833333333 -0.266666666667 0.000479789513686
82.5833333333 -0.133333333333 0.000365613093974
82.5833333333 0.0 0.000527166363068
82.5833333333 0.133333333333 0.000454917223487
82.5833333333 0.266666666667 0.000609708023036
82.5833333333 0.4 0.000685664601359
82.5833333333 0.533333333333 0.000641492647193
82.5833333333 0.666666666667 0.000706159629637
82.5833333333 0.8 0.000455125987974
82.5833333333 1.0 0.000206194836927
85.75 -1.0 1e-05
85.75 -0.8 1e-05
85.75 -0.666666666667 1e-05
85.75 -0.533333333333 6.84457843849e-05
85.75 -0.4 6.73937176349e-05
85.75 -0.266666666667 0.000204711720337
85.75 -0.133333333333 0.000364286778214
85.75 0.0 0.000317779373123
85.75 0.133333333333 0.000362219704447
85.75 0.266666666667 0.000410529212705
85.75 0.4 0.000434605223284
85.75 0.533333333333 0.000592887185243
85.75 0.666666666667 0.000549155951173
85.75 0.8 0.000387441093779
85.75 1.0 0.000182373303863
88.9166666667 -1.0 1e-05
88.9166666667 -0.8 1e-05
88.9166666667 -0.666666666667 1e-05
88.9166666667 -0.533333333333 6.89914022142e-05
88.9166666667 -0.4 6.87099730423e-05
88.9166666667 -0.266666666667 9.11832070556e-05
88.9166666667 -0.133333333333 0.000160851702137
88.9166666667 0.0 0.00022641644077
88.9166666667 0.133333333333 0.000340089649902
88.9166666667 0.266666666667 0.000547197577293
88.9166666667 0.4 0.000569459072874
88.9166666667 0.533333333333 0.000499761238498
88.9166666667 0.666666666667 0.000481227102604
88.9166666667 0.8 0.000296491559631
88.9166666667 1.0 0.000226031152726
92.0833333333 -1.0 1e-05
92.0833333333 -0.8 1e-05
92.0833333333 -0.666666666667 4.49739802946e-05
92.0833333333 -0.533333333333 4.53626121052e-05
92.0833333333 -0.4 0.000135956445758
92.0833333333 -0.266666666667 6.75433081369e-05
92.0833333333 -0.133333333333 0.000138480633092
92.0833333333 0.0 0.000524497058572
92.0833333333 0.133333333333 0.000437085058941
92.0833333333 0.266666666667 0.000455470482334
92.0833333333 0.4 0.00025106390575
92.0833333333 0.533333333333 0.000318125210343
92.0833333333 0.666666666667 0.000366168362702
92.0833333333 0.8 0.000160942709687
92.0833333333 1.0 0.000135474817991
95.25 -1.0 1e-05
95.25 -0.8 1e-05
95.25 -0.666666666667 4.51782678218e-05
95.25 -0.533333333333 4.53862628843e-05
95.25 -0.4 4.51171119731e-05
95.25 -0.266666666667 0.000136477297773
95.25 -0.133333333333 9.0522197209e-05
95.25 0.0 9.05172291976e-05
95.25 0.133333333333 0.000341753167146
95.25 0.266666666667 0.000319091761135
95.25 0.4 0.000409832070283
95.25 0.533333333333 0.000478171033906
95.25 0.666666666667 0.000270831909554
95.25 0.8 0.000340563366742
95.25 1.0 0.000136546082869
100.0 -1.0 1e-05
100.0 -0.8 1e-05
100.0 -0.666666666667 1e-05
100.0 -0.533333333333 1e-05
100.0 -0.4 2.24197373403e-05
100.0 -0.266666666667 2.25778937334e-05
100.0 -0.133333333333 0.000114245820621
100.0 0.0 0.000112732802987
100.0 0.133333333333 0.000135249506997
100.0 0.266666666667 0.00018132171905
100.0 0.4 0.000274696576371
100.0 0.533333333333 0.00024862603483
100.0 0.666666666667 0.000341614094371
100.0 0.8 0.000229026856857
100.0 1.0 0.000116129417139
