5.0 -1.0 0.0145352455639
5.0 -0.8 0.0139525138139
5.0 -0.666666666667 0.0153265447127
5.0 -0.533333333333 0.0158442271643
5.0 -0.4 0.0175320828028
5.0 -0.266666666667 0.0182323093152
5.0 -0.133333333333 0.0176732580751
5.0 0.0 0.0193269318981
5.0 0.133333333333 0.019543449194
5.0 0.266666666667 0.0205620449762
5.0 0.4 0.019575603886
5.0 0.533333333333 0.0209611039343
5.0 0.666666666667 0.0228904301392
5.0 0.8 0.0235241433986
5.0 1.0 0.0278541958416
9.75 -1.0 0.0112228772057
9.75 -0.8 0.0116334367276
9.75 -0.666666666667 0.0130222087273
9.75 -0.533333333333 0.0151395259611
9.75 -0.4 0.0158749667121
9.75 -0.266666666667 0.0187685161931
9.75 -0.133333333333 0.018366099003
9.75 0.0 0.0192627491088
9.75 0.133333333333 0.0197895228119
9.75 0.266666666667 0.0204221899761
9.75 0.4 0.0205850234353
9.75 0.533333333333 0.0212713403487
9.75 0.666666666667 0.0226079847742
9.75 0.8 0.0223573701301
9.75 1.0 0.0260577100356
12.9166666667 -1.0 0.00862137874022
12.9166666667 -0.8 0.00976887382462
12.9166666667 -0.666666666667 0.0123676917569
12.9166666667 -0.533333333333 0.0142853951097
12.9166666667 -0.4 0.0160542097258
12.9166666667 -0.266666666667 0.0164813952475
12.9166666667 -0.133333333333 0.0171985875931
12.9166666667 0.0 0.018821375028
12.9166666667 0.133333333333 0.0197204264247
12.9166666667 0.266666666667 0.0201328852664
12.9166666667 0.4 0.0208668351995
12.9166666667 0.533333333333 0.0211156613647
12.9166666667 0.666666666667 0.0202112949322
12.9166666667 0.8 0.0218489588292
12.9166666667 1.0 0.023757674463
16.0833333333 -1.0 0.00687645066671
16.0833333333 -0.8 0.00801850319589
16.0833333333 -0.666666666667 0.0109147331557
16.0833333333 -0.533333333333 0.0127116307124
16.0833333333 -0.4 0.0146891011885
16.0833333333 -0.266666666667 0.0154223525971
16.0833333333 -0.133333333333 0.0157438009595
16.0833333333 0.0 0.0182171121202
16.0833333333 0.133333333333 0.0179585800183
16.0833333333 0.266666666667 0.0190006346149
16.0833333333 0.4 0.019203763829
16.0833333333 0.533333333333 0.0186464454295
16.0833333333 0.666666666667 0.0192411239954
16.0833333333 0.8 0.01829117412
16.0833333333 1.0 0.0192493534747
19.25 -1.0 0.00473902245727
19.25 -0.8 0.00672417306162
19.25 -0.666666666667 0.0100488977939
19.25 -0.533333333333 0.0102446854366
19.25 -0.4 0.0117755826911
19.25 -0.266666666667 0.0145084321283
19.25 -0.133333333333 0.0153899985384
19.25 0.0 0.0156498006696
19.25 0.133333333333 0.0162927214607
19.25 0.266666666667 0.017281295033
19.25 0.4 0.0176258142924
19.25 0.533333333333 0.0160496272833
19.25 0.666666666667 0.0169647798953
19.25 0.8 0.0162104520038
19.25 1.0 0.0166773149963
22.4166666667 -1.0 0.00329870638479
22.4166666667 -0.8 0.00580155934035
22.4166666667 -0.666666666667 0.00774738036092
22.4166666667 -0.533333333333 0.00885889115689
22.4166666667 -0.4 0.01110255981
22.4166666667 -0.266666666667 0.0124115629643
22.4166666667 -0.133333333333 0.0135565035776
22.4166666667 0.0 0.0137309562977
22.4166666667 0.133333333333 0.0149027347482
22.4166666667 0.266666666667 0.0153503891009
22.4166666667 0.4 0.015038931273
22.4166666667 0.533333333333 0.014710495867
22.4166666667 0.666666666667 0.0163473498883
22.4166666667 0.8 0.0155096031188
22.4166666667 1.0 0.0144852432644
25.5833333333 -1.0 0.00309980541912
25.5833333333 -0.8 0.00460604504012
25.5833333333 -0.666666666667 0.00603447959863
25.5833333333 -0.533333333333 0.00780034016526
25.5833333333 -0.4 0.00883395104243
25.5833333333 -0.266666666667 0.0100861932442
25.5833333333 -0.133333333333 0.0113886893084
25.5833333333 0.0 0.0121258130936
25.5833333333 0.133333333333 0.013395187738
25.5833333333 0.266666666667 0.013346068776
25.5833333333 0.4 0.0140334887627
25.5833333333 0.533333333333 0.0128070862685
25.5833333333 0.666666666667 0.0117340581194
25.5833333333 0.8 0.0127776418133
25.5833333333 1.0 0.0108924658143
28.75 -1.0 0.0024829162105
28.75 -0.8 0.0036670516402
28.75 -0.666666666667 0.00512427797776
28.75 -0.533333333333 0.00579590553897
28.75 -0.4 0.00713481057472
28.75 -0.266666666667 0.00768771803187
28.75 -0.133333333333 0.0102192410157
28.75 0.0 0.0110724760337
28.75 0.133333333333 0.0111708044913
28.75 0.266666666667 0.0110868323257
28.75 0.4 0.0128656035042
28.75 0.533333333333 0.0109813491837
28.75 0.666666666667 0.0116224274139
28.75 0.8 0.0110323112444
28.75 1.0 0.00922184509228
31.9166666667 -1.0 0.00189023332765
31.9166666667 -0.8 0.00298577806938
31.9166666667 -0.666666666667 0.0040743291597
31.9166666667 -0.533333333333 0.00547140640781
31.9166666667 -0.4 0.00639253652365
31.9166666667 -0.266666666667 0.00797827146278
31.9166666667 -0.133333333333 0.00797165080002
31.9166666667 0.0 0.00945763195862
31.9166666667 0.133333333333 0.00881371916643
31.9166666667 0.266666666667 0.00973522117834
31.9166666667 0.4 0.0101292490823
31.9166666667 0.533333333333 0.00976588871707
31.9166666667 0.666666666667 0.00982425273261
31.9166666667 0.8 0.00874927098119
31.9166666667 1.0 0.00749278973879
35.0833333333 -1.0 0.0011636375907
35.0833333333 -0.8 0.00168827682372
35.0833333333 -0.666666666667 0.00330662305694
35.0833333333 -0.533333333333 0.00399148857466
35.0833333333 -0.4 0.0049234003969
35.0833333333 -0.266666666667 0.00588636647899
35.0833333333 -0.133333333333 0.00741324384709
35.0833333333 0.0 0.00732198515891
35.0833333333 0.133333333333 0.00843046305058
35.0833333333 0.266666666667 0.00882949469527
35.0833333333 0.4 0.00806992327153
35.0833333333 0.533333333333 0.00843366033112
35.0833333333 0.666666666667 0.00755408758602
35.0833333333 0.8 0.00735130691791
35.0833333333 1.0 0.00568108768146
38.25 -1.0 0.00116149499065
38.25 -0.8 0.00159276680915
38.25 -0.666666666667 0.00250866950266
38.25 -0.533333333333 0.00384470906031
38.25 -0.4 0.00398409829307
38.25 -0.266666666667 0.00503520736883
38.25 -0.133333333333 0.006393516329
38.25 0.0 0.00675139172858
38.25 0.133333333333 0.00725932668148
38.25 0.266666666667 0.00743082710284
38.25 0.4 0.0071539289612
38.25 0.533333333333 0.00688382825116
38.25 0.666666666667 0.00682006899547
38.25 0.8 0.00597738499834
38.25 1.0 0.00425947622166
41.4166666667 -1.0 0.00056619635595
41.4166666667 -0.8 0.00109363191828
41.4166666667 -0.666666666667 0.00223612754636
41.4166666667 -0.533333333333 0.00243861528684
41.4166666667 -0.4 0.00373121179913
41.4166666667 -0.266666666667 0.00402920553086
41.4166666667 -0.133333333333 0.00546368207124
41.4166666667 0.0 0.00493531551118
41.4166666667 0.133333333333 0.00557952247337
41.4166666667 0.266666666667 0.00608438291503
41.4166666667 0.4 0.00621195204908
41.4166666667 0.533333333333 0.00603422489653
41.4166666667 0.666666666667 0.0058578517299
41.4166666667 0.8 0.00472152459565
41.4166666667 1.0 0.00399156926201
44.5833333333 -1.0 0.000593846910787
44.5833333333 -0.8 0.00107081221102
44.5833333333 -0.666666666667 0.00170865606326
44.5833333333 -0.533333333333 0.00244032494367
44.5833333333 -0.4 0.00239309565649
44.5833333333 -0.266666666667 0.00368875289637
44.5833333333 -0.133333333333 0.00422485304397
44.5833333333 0.0 0.00475663520342
44.5833333333 0.133333333333 0.00456463223447
44.5833333333 0.266666666667 0.00518202361484
44.5833333333 0.4 0.00598134314024
44.5833333333 0.533333333333 0.00509927373625
44.5833333333 0.666666666667 0.00457527087873
44.5833333333 0.8 0.00423712037188
44.5833333333 1.0 0.0027811140788
47.75 -1.0 0.000407690128323
47.75 -0.8 0.00084199523449
47.75 -0.666666666667 0.00123102593173
47.75 -0.533333333333 0.00129908151126
47.75 -0.4 0.0027716194292
47.75 -0.266666666667 0.00280644214781
47.75 -0.133333333333 0.00355380928423
47.75 0.0 0.00406284595048
47.75 0.133333333333 0.00465402150776
47.75 0.266666666667 0.00417222009745
47.75 0.4 0.00441965373643
47.75 0.533333333333 0.00352951383651
47.75 0.666666666667 0.00354789610709
47.75 0.8 0.00375044894085
47.75 1.0 0.00245522483242
50.9166666667 -1.0 0.000296571022127
50.9166666667 -0.8 0.000502782485022
50.9166666667 -0.666666666667 0.00100241304849
50.9166666667 -0.533333333333 0.001545391226
50.9166666667 -0.4 0.00168775751884
50.9166666667 -0.266666666667 0.00200834467564
50.9166666667 -0.133333333333 0.00273742557965
50.9166666667 0.0 0.00326814138171
50.9166666667 0.133333333333 0.00385715722799
50.9166666667 0.266666666667 0.00348620065468
50.9166666667 0.4 0.00364590032863
50.9166666667 0.533333333333 0.00351071358434
50.9166666667 0.666666666667 0.00289078792136
50.9166666667 0.8 0.00257377001002
50.9166666667 1.0 0.00211711654139
54.0833333333 -1.0 0.000136270467328
54.0833333333 -0.8 0.000504236655996
54.0833333333 -0.666666666667 0.000841281960881
54.0833333333 -0.533333333333 0.000959888833342
54.0833333333 -0.4 0.00146141087912
54.0833333333 -0.266666666667 0.00182289868283
54.0833333333 -0.133333333333 0.00227381899073
54.0833333333 0.0 0.00270760751917
54.0833333333 0.133333333333 0.00322837931493
54.0833333333 0.266666666667 0.0032107372288
54.0833333333 0.4 0.00319708381645
54.0833333333 0.533333333333 0.00310529638036
54.0833333333 0.666666666667 0.00277753709145
54.0833333333 0.8 0.00203513126654
54.0833333333 1.0 0.00149992749572
57.25 -1.0 0.000138459525281
57.25 -0.8 0.000182079769015
57.25 -0.666666666667 0.000819925264252
57.25 -0.533333333333 0.00102857014008
57.25 -0.4 0.0013258875945
57.25 -0.266666666667 0.00180457128686
57.25 -0.133333333333 0.00179545160245
57.25 0.0 0.00198322722431
57.25 0.133333333333 0.00275958071871
57.25 0.266666666667 0.00225394488075
57.25 0.4 0.00236629204006
57.25 0.533333333333 0.00271378140602
57.25 0.666666666667 0.00229983017811
57.25 0.8 0.00205282020223
57.25 1.0 0.00131958896354
60.4166666667 -1.0 4.52940907177e-05
60.4166666667 -0.8 0.00036220528028
60.4166666667 -0.666666666667 0.000296337959021
60.4166666667 -0.533333333333 0.000775138083754
60.4166666667 -0.4 0.000679547911067
60.4166666667 -0.266666666667 0.00152474936242
60.4166666667 -0.133333333333 0.00170611982249
60.4166666667 0.0 0.00214179129117
60.4166666667 0.133333333333 0.0022800298297
60.4166666667 0.266666666667 0.00211844280472
60.4166666667 0.4 0.00223342741833
60.4166666667 0.533333333333 0.00215091454207
60.4166666667 0.666666666667 0.00240861842623
60.4166666667 0.8 0.0012535396476
60.4166666667 1.0 0.00116738357996
63.5833333333 -1.0 1e-05
63.5833333333 -0.8 0.000205657605419
63.5833333333 -0.666666666667 0.000159257311842
63.5833333333 -0.533333333333 0.000660580436478
63.5833333333 -0.4 0.000981825341704
63.5833333333 -0.266666666667 0.00132176709247
63.5833333333 -0.133333333333 0.00127644727127
63.5833333333 0.0 0.00155117075362
63.5833333333 0.133333333333 0.00152128554247
63.5833333333 0.266666666667 0.00204982908205
63.5833333333 0.4 0.00166426084435
63.5833333333 0.533333333333 0.00188871414206
63.5833333333 0.666666666667 0.00146079736963
63.5833333333 0.8 0.00145638258346
63.5833333333 1.0 0.000707710185057
66.75 -1.0 1e-05
66.75 -0.8 0.000159078960504
66.75 -0.666666666667 0.000407854000736
66.75 -0.533333333333 0.000543690325954
66.75 -0.4 0.00091254781608
66.75 -0.266666666667 0.000996884980493
66.75 -0.133333333333 0.000930717819015
66.75 0.0 0.00147629385859
66.75 0.133333333333 0.00148379267333
66.75 0.266666666667 0.00139317853808
66.75 0.4 0.00143645870792
66.75 0.533333333333 0.00157240216675
66.75 0.666666666667 0.00150426140297
66.75 0.8 0.000911718208239
66.75 1.0 0.000731442802533
69.9166666667 -1.0 2.36063097043e-05
69.9166666667 -0.8 0.000112760127427
69.9166666667 -0.666666666667 0.000251320429424
69.9166666667 -0.533333333333 0.000270565295803
69.9166666667 -0.4 0.000431540216353
69.9166666667 -0.266666666667 0.00068091879019
69.9166666667 -0.133333333333 0.000958314593371
69.9166666667 0.0 0.000884634239026
69.9166666667 0.133333333333 0.00111344365633
69.9166666667 0.266666666667 0.00187515154595
69.9166666667 0.4 0.00132329114194
69.9166666667 0.533333333333 0.00113971811482
69.9166666667 0.666666666667 0.00107143804621
69.9166666667 0.8 0.000976183915582
69.9166666667 1.0 0.000500578908169
73.0833333333 -1.0 2.25392182397e-05
73.0833333333 -0.8 6.79866369727e-05
73.0833333333 -0.666666666667 0.000181489868244
73.0833333333 -0.533333333333 0.000364115070545
73.0833333333 -0.4 0.000499987119319
73.0833333333 -0.266666666667 0.000726587670591
73.0833333333 -0.133333333333 0.000868401912428
73.0833333333 0.0 0.000736239576057
73.0833333333 0.133333333333 0.00119003487822
73.0833333333 0.266666666667 0.00130066206108
73.0833333333 0.4 0.000959469520811
73.0833333333 0.533333333333 0.00111877756106
73.0833333333 0.666666666667 0.000475892324897
73.0833333333 0.8 0.000660783760612
73.0833333333 1.0 0.000272108535059
76.25 -1.0 1e-05
76.25 -0.8 6.75256860879e-05
76.25 -0.666666666667 6.79168550595e-05
76.25 -0.533333333333 0.00041234037188
76.25 -0.4 0.000457390299617
76.25 -0.266666666667 0.000567783194013
76.25 -0.133333333333 0.000684934993559
76.25 0.0 0.000593740142548
76.25 0.133333333333 0.000795286481068
76.25 0.266666666667 0.00097735044249
76.25 0.4 0.00104694875684
76.25 0.533333333333 0.000872999493062
76.25 0.666666666667 0.00102491412315
76.25 0.8 0.00063843423144
76.25 1.0 0.000475176390151
79.4166666667 -1.0 1e-05
79.4166666667 -0.8 6.89404485096e-05
79.4166666667 -0.666666666667 9.06696205195e-05
79.4166666667 -0.533333333333 0.000227977075516
79.4166666667 -0.4 0.000294862034943
79.4166666667 -0.266666666667 0.000365197241041
79.4166666667 -0.133333333333 0.000454950291141
79.4166666667 0.0 0.000774696812984
79.4166666667 0.133333333333 0.000597746793819
79.4166666667 0.266666666667 0.000503423315581
79.4166666667 0.4 0.000839801723757
79.4166666667 0.533333333333 0.000547886696671
79.4166666667 0.666666666667 0.000456283083883
79.4166666667 0.8 0.000344019831497
79.4166666667 1.0 0.000272600901766
82.5833333333 -1.0 1e-05
82.5833333333 -0.8 2.24197373403e-05
82.5833333333 -0.666666666667 9.03875519615e-05
82.5833333333 -0.533333333333 0.000274039344845
82.5833333333 -0.4 0.00016030545688
82.5833333333 -0.266666666667 0.000342181941042
82.5833333333 -0.133333333333 0.000408588257975
82.5833333333 0.0 0.000637861102078
82.5833333333 0.133333333333 0.000684153820182
82.5833333333 0.266666666667 0.000642875074726
82.5833333333 0.4 0.000776894479581
82.5833333333 0.533333333333 0.000706655012707
82.5833333333 0.666666666667 0.000477587683034
82.5833333333 0.8 0.000229796769682
82.5833333333 1.0 6.78311417661e-05
85.75 -1.0 1e-05
85.75 -0.8 1e-05
85.75 -0.666666666667 2.25778937334e-05
85.75 -0.533333333333 2.36700085212e-05
85.75 -0.4 0.000249656284831
85.75 -0.266666666667 0.000204940768059
85.75 -0.133333333333 0.000270299818504
85.75 0.0 0.000365372995095
85.75 0.133333333333 0.000546923765174
85.75 0.266666666667 0.000524412506973
85.75 0.4 0.000455337025569
85.75 0.533333333333 0.000635061978762
85.75 0.666666666667 0.000321283959762
85.75 0.8 0.000139773495279
85.75 1.0 0.000182518547924
88.9166666667 -1.0 1e-05
88.9166666667 -0.8 1e-05
88.9166666667 -0.666666666667 4.50249398065e-05
88.9166666667 -0.533333333333 0.000114977782755
88.9166666667 -0.4 6.84457843849e-05
88.9166666667 -0.266666666667 0.000319150110406
88.9166666667 -0.133333333333 0.00038672469852
88.9166666667 0.0 0.000341721515288
88.9166666667 0.133333333333 0.000454873789275
88.9166666667 0.266666666667 0.000296946199545
88.9166666667 0.4 0.000545881569887
88.9166666667 0.533333333333 0.000433088220135
88.9166666667 0.666666666667 0.000204439113642
88.9166666667 0.8 0.000203614216255
88.9166666667 1.0 0.000161522138847
92.0833333333 -1.0 1e-05
92.0833333333 -0.8 1e-05
92.0833333333 -0.666666666667 1e-05
92.0833333333 -0.533333333333 6.8946907333e-05
92.0833333333 -0.4 0.000228123741123
92.0833333333 -0.266666666667 0.000205711890882
92.0833333333 -0.133333333333 0.000299439962203
92.0833333333 0.0 0.000317605816189
92.0833333333 0.133333333333 0.000385604673829
92.0833333333 0.266666666667 0.000434820510338
92.0833333333 0.4 0.00052503321698
92.0833333333 0.533333333333 0.000204541082198
92.0833333333 0.666666666667 0.000250140149499
92.0833333333 0.8 0.000114992431693
92.0833333333 1.0 4.61842034377e-05
95.25 -1.0 1e-05
95.25 -0.8 1e-05
95.25 -0.666666666667 4.51782678218e-05
95.25 -0.533333333333 9.02321963884e-05
95.25 -0.4 0.000158734829332
95.25 -0.266666666667 6.87822921165e-05
95.25 -0.133333333333 0.000228039198204
95.25 0.0 0.000226653190862
95.25 0.133333333333 0.000364557332855
95.25 0.266666666667 0.000318358432313
95.25 0.4 0.000365134636416
95.25 0.533333333333 0.000295383201195
95.25 0.666666666667 0.000316760692395
95.25 0.8 0.000204361029547
95.25 1.0 6.7812459048e-05
100.0 -1.0 1e-05
100.0 -0.8 1e-05
100.0 -0.666666666667 1e-05
100.0 -0.533333333333 9.02057447893e-05
100.0 -0.4 1e-05
100.0 -0.266666666667 6.86462742254e-05
100.0 -0.133333333333 0.000135703002192
100.0 0.0 0.000204197445021
100.0 0.133333333333 0.000158732408077
100.0 0.266666666667 0.000227044113889
100.0 0.4 0.000226617198019
100.0 0.533333333333 0.000320618087771
100.0 0.666666666667 0.000183788548172
100.0 0.8 0.000159481328437
100.0 1.0 2.36063097043e-05
