5.0 -1.0 0.0207525039315
5.0 -0.8 0.0165183763417
5.0 -0.666666666667 0.0166084097393
5.0 -0.533333333333 0.0160243465624
5.0 -0.4 0.0157256105004
5.0 -0.266666666667 0.0155168643812
5.0 -0.133333333333 0.0166709037424
5.0 0.0 0.0145798488035
5.0 0.133333333333 0.014990637907
5.0 0.266666666667 0.0156516379866
5.0 0.4 0.0142530591478
5.0 0.533333333333 0.0154050816858
5.0 0.666666666667 0.0142971266337
5.0 0.8 0.0142788390997
5.0 1.0 0.0151337874488
9.75 -1.0 0.0193752805229
9.75 -0.8 0.017069083507
9.75 -0.666666666667 0.0167220703747
9.75 -0.533333333333 0.0175343386781
9.75 -0.4 0.0160618723769
9.75 -0.266666666667 0.0167333978037
9.75 -0.133333333333 0.0159121706346
9.75 0.0 0.0158852590687
9.75 0.133333333333 0.0153569761358
9.75 0.266666666667 0.0152799672253
9.75 0.4 0.0161105400277
9.75 0.533333333333 0.0148852022443
9.75 0.666666666667 0.0146776907609
9.75 0.8 0.0135771250023
9.75 1.0 0.013807288091
12.9166666667 -1.0 0.0176245443898
12.9166666667 -0.8 0.0159065166142
12.9166666667 -0.666666666667 0.0160223253115
12.9166666667 -0.533333333333 0.0168510146928
12.9166666667 -0.4 0.0170361488819
12.9166666667 -0.266666666667 0.015346632283
12.9166666667 -0.133333333333 0.0149659307358
12.9166666667 0.0 0.0159213796087
12.9166666667 0.133333333333 0.015165954191
12.9166666667 0.266666666667 0.0159073147502
12.9166666667 0.4 0.0152652205763
12.9166666667 0.533333333333 0.0153399330707
12.9166666667 0.666666666667 0.0127360603544
12.9166666667 0.8 0.0122030190718
12.9166666667 1.0 0.0111383452584
16.0833333333 -1.0 0.016199951594
16.0833333333 -0.8 0.0150487890811
16.0833333333 -0.666666666667 0.0161958373963
16.0833333333 -0.533333333333 0.0156418342675
16.0833333333 -0.4 0.0154686422627
16.0833333333 -0.266666666667 0.0161224470366
16.0833333333 -0.133333333333 0.0156144376101
16.0833333333 0.0 0.0154894256782
16.0833333333 0.133333333333 0.0145644712118
16.0833333333 0.266666666667 0.0146049270451
16.0833333333 0.4 0.0140606765281
16.0833333333 0.533333333333 0.0138202697019
16.0833333333 0.666666666667 0.0109103089894
16.0833333333 0.8 0.0103635666821
16.0833333333 1.0 0.0100748696398
19.25 -1.0 0.0133221147075
19.25 -0.8 0.0139597190805
19.25 -0.666666666667 0.0148324097081
19.25 -0.533333333333 0.0140429075213
19.25 -0.4 0.0151772460712
19.25 -0.266666666667 0.0158089120628
19.25 -0.133333333333 0.0147304992165
19.25 0.0 0.0134339769001
19.25 0.133333333333 0.0140028767378
19.25 0.266666666667 0.0140182195487
19.25 0.4 0.012348282992
19.25 0.533333333333 0.0131837952806
19.25 0.666666666667 0.0107619774025
19.25 0.8 0.00922034765865
19.25 1.0 0.00827145391992
22.4166666667 -1.0 0.0113434785872
22.4166666667 -0.8 0.0123444088958
22.4166666667 -0.666666666667 0.0133877328913
22.4166666667 -0.533333333333 0.0118112650866
22.4166666667 -0.4 0.0136415906797
22.4166666667 -0.266666666667 0.0126538160691
22.4166666667 -0.133333333333 0.013382335829
22.4166666667 0.0 0.0129732668409
22.4166666667 0.133333333333 0.0137448034751
22.4166666667 0.266666666667 0.0129678635848
22.4166666667 0.4 0.0114653477677
22.4166666667 0.533333333333 0.0112098986274
22.4166666667 0.666666666667 0.00947229774401
22.4166666667 0.8 0.00775573882995
22.4166666667 1.0 0.00662135112838
25.5833333333 -1.0 0.0102992293389
25.5833333333 -0.8 0.0094295840502
25.5833333333 -0.666666666667 0.0125024430401
25.5833333333 -0.533333333333 0.0121101872873
25.5833333333 -0.4 0.0120927582917
25.5833333333 -0.266666666667 0.0120719591672
25.5833333333 -0.133333333333 0.0120626347044
25.5833333333 0.0 0.0113498370383
25.5833333333 0.133333333333 0.0105922138195
25.5833333333 0.266666666667 0.0109702052087
25.5833333333 0.4 0.00981228941331
25.5833333333 0.533333333333 0.00980564678938
25.5833333333 0.666666666667 0.00773559321451
25.5833333333 0.8 0.00605855761009
25.5833333333 1.0 0.00533814583617
28.75 -1.0 0.00816903214904
28.75 -0.8 0.0086809132156
28.75 -0.666666666667 0.00987888600779
28.75 -0.533333333333 0.0104536923239
28.75 -0.4 0.0105321273094
28.75 -0.266666666667 0.011624909969
28.75 -0.133333333333 0.00993303703012
28.75 0.0 0.00981415298756
28.75 0.133333333333 0.0110361150053
28.75 0.266666666667 0.00961287941431
28.75 0.4 0.00887751819435
28.75 0.533333333333 0.00847104697755
28.75 0.666666666667 0.00682887198013
28.75 0.8 0.00559029230698
28.75 1.0 0.00446655657009
31.9166666667 -1.0 0.00632636218603
31.9166666667 -0.8 0.00690379311572
31.9166666667 -0.666666666667 0.0088244672602
31.9166666667 -0.533333333333 0.00833706211457
31.9166666667 -0.4 0.00902774838052
31.9166666667 -0.266666666667 0.00950895393822
31.9166666667 -0.133333333333 0.00924534997092
31.9166666667 0.0 0.0095538298502
31.9166666667 0.133333333333 0.0089217327145
31.9166666667 0.266666666667 0.00783129619917
31.9166666667 0.4 0.00788276705604
31.9166666667 0.533333333333 0.00749640918858
31.9166666667 0.666666666667 0.00626130526562
31.9166666667 0.8 0.00463395685362
31.9166666667 1.0 0.00323696670809
35.0833333333 -1.0 0.0049586147599
35.0833333333 -0.8 0.00610797103782
35.0833333333 -0.666666666667 0.00684058644833
35.0833333333 -0.533333333333 0.0079671489533
35.0833333333 -0.4 0.00837801189292
35.0833333333 -0.266666666667 0.0082022085322
35.0833333333 -0.133333333333 0.00805871505217
35.0833333333 0.0 0.00764234549394
35.0833333333 0.133333333333 0.00720424074014
35.0833333333 0.266666666667 0.00765929761122
35.0833333333 0.4 0.00678035042807
35.0833333333 0.533333333333 0.00591785581756
35.0833333333 0.666666666667 0.00433440666852
35.0833333333 0.8 0.00459158115201
35.0833333333 1.0 0.00258525934279
38.25 -1.0 0.00449817317415
38.25 -0.8 0.00544364868146
38.25 -0.666666666667 0.00601892694679
38.25 -0.533333333333 0.0064795599075
38.25 -0.4 0.00674887709934
38.25 -0.266666666667 0.00698059677842
38.25 -0.133333333333 0.00710429881393
38.25 0.0 0.0076584616362
38.25 0.133333333333 0.00647713511254
38.25 0.266666666667 0.00603425587653
38.25 0.4 0.00579733172477
38.25 0.533333333333 0.00509101902453
38.25 0.666666666667 0.00428563805516
38.25 0.8 0.00347504176751
38.25 1.0 0.00195902396755
41.4166666667 -1.0 0.00362892245889
41.4166666667 -0.8 0.00505275051609
41.4166666667 -0.666666666667 0.00556780845294
41.4166666667 -0.533333333333 0.00581091973802
41.4166666667 -0.4 0.00655796353187
41.4166666667 -0.266666666667 0.00714727141339
41.4166666667 -0.133333333333 0.00670645512553
41.4166666667 0.0 0.00596757156756
41.4166666667 0.133333333333 0.00669660681745
41.4166666667 0.266666666667 0.00533002133289
41.4166666667 0.4 0.00484655200941
41.4166666667 0.533333333333 0.0046507717952
41.4166666667 0.666666666667 0.00312224920629
41.4166666667 0.8 0.00264932452255
41.4166666667 1.0 0.00165393140153
44.5833333333 -1.0 0.0028656827373
44.5833333333 -0.8 0.0038908107157
44.5833333333 -0.666666666667 0.00442447425492
44.5833333333 -0.533333333333 0.00540346728094
44.5833333333 -0.4 0.00519034916432
44.5833333333 -0.266666666667 0.00584481099799
44.5833333333 -0.133333333333 0.00587067392273
44.5833333333 0.0 0.00512698103709
44.5833333333 0.133333333333 0.00444145597212
44.5833333333 0.266666666667 0.00463966900996
44.5833333333 0.4 0.00435205472805
44.5833333333 0.533333333333 0.00370475961162
44.5833333333 0.666666666667 0.00335113355386
44.5833333333 0.8 0.00234777341493
44.5833333333 1.0 0.00125622920019
47.75 -1.0 0.00223609557246
47.75 -0.8 0.00323575838452
47.75 -0.666666666667 0.00374708658352
47.75 -0.533333333333 0.00474682675233
47.75 -0.4 0.00473469178581
47.75 -0.266666666667 0.0049618385642
47.75 -0.133333333333 0.00479155548818
47.75 0.0 0.00498078037359
47.75 0.133333333333 0.00521532948151
47.75 0.266666666667 0.00454206240123
47.75 0.4 0.0036819658172
47.75 0.533333333333 0.00273986999392
47.75 0.666666666667 0.00229901766041
47.75 0.8 0.00158208551375
47.75 1.0 0.00111914153796
50.9166666667 -1.0 0.00223771358242
50.9166666667 -0.8 0.00265483403058
50.9166666667 -0.666666666667 0.00270040029905
50.9166666667 -0.533333333333 0.00377295080559
50.9166666667 -0.4 0.00463278947367
50.9166666667 -0.266666666667 0.00428023069829
50.9166666667 -0.133333333333 0.00447263926884
50.9166666667 0.0 0.00400514208209
50.9166666667 0.133333333333 0.00433442664743
50.9166666667 0.266666666667 0.00370574249578
50.9166666667 0.4 0.00318761770743
50.9166666667 0.533333333333 0.00275130747454
50.9166666667 0.666666666667 0.00186736096665
50.9166666667 0.8 0.00139780735699
50.9166666667 1.0 0.00100241259042
54.0833333333 -1.0 0.00156157471131
54.0833333333 -0.8 0.00232897886405
54.0833333333 -0.666666666667 0.00286540283026
54.0833333333 -0.533333333333 0.00321424244148
54.0833333333 -0.4 0.00352189647003
54.0833333333 -0.266666666667 0.00362953947874
54.0833333333 -0.133333333333 0.0035812881552
54.0833333333 0.0 0.00417678235923
54.0833333333 0.133333333333 0.00375432589309
54.0833333333 0.266666666667 0.00279759249752
54.0833333333 0.4 0.00277089726065
54.0833333333 0.533333333333 0.00265172280469
54.0833333333 0.666666666667 0.00146513320966
54.0833333333 0.8 0.00125530018297
54.0833333333 1.0 0.000676415067615
57.25 -1.0 0.00149402699862
57.25 -0.8 0.00209340075337
57.25 -0.666666666667 0.0026812228551
57.25 -0.533333333333 0.00259950022581
57.25 -0.4 0.00327834448549
57.25 -0.266666666667 0.00341915476843
57.25 -0.133333333333 0.00300631108522
57.25 0.0 0.00326449097902
57.25 0.133333333333 0.0027944714036
57.25 0.266666666667 0.0030959550479
57.25 0.4 0.0022829830997
57.25 0.533333333333 0.00221412545037
57.25 0.666666666667 0.00111631929162
57.25 0.8 0.000722620432891
57.25 1.0 0.000724386427171
60.4166666667 -1.0 0.00095396871752
60.4166666667 -0.8 0.00181036609932
60.4166666667 -0.666666666667 0.00214368271862
60.4166666667 -0.533333333333 0.00288751386781
60.4166666667 -0.4 0.00233003880363
60.4166666667 -0.266666666667 0.00293600541776
60.4166666667 -0.133333333333 0.00256204240533
60.4166666667 0.0 0.00286975882726
60.4166666667 0.133333333333 0.00270415101812
60.4166666667 0.266666666667 0.00199942144902
60.4166666667 0.4 0.00188941495649
60.4166666667 0.533333333333 0.00185843425799
60.4166666667 0.666666666667 0.00118776571032
60.4166666667 0.8 0.000768816804476
60.4166666667 1.0 0.00046529394841
63.5833333333 -1.0 0.00102611291941
63.5833333333 -0.8 0.00135064147922
63.5833333333 -0.666666666667 0.00190937564462
63.5833333333 -0.533333333333 0.00230319906308
63.5833333333 -0.4 0.00232699710449
63.5833333333 -0.266666666667 0.00226115707094
63.5833333333 -0.133333333333 0.00209810331066
63.5833333333 0.0 0.00216694799825
63.5833333333 0.133333333333 0.00244140000483
63.5833333333 0.266666666667 0.00197924985475
63.5833333333 0.4 0.00167687236827
63.5833333333 0.533333333333 0.00170179537387
63.5833333333 0.666666666667 0.00132393976892
63.5833333333 0.8 0.000628978020786
63.5833333333 1.0 0.000279637794893
66.75 -1.0 0.000790991054649
66.75 -0.8 0.00116823741157
66.75 -0.666666666667 0.00132582793603
66.75 -0.533333333333 0.00158151365213
66.75 -0.4 0.00202428405424
66.75 -0.266666666667 0.00220916098172
66.75 -0.133333333333 0.00233439190561
66.75 0.0 0.00234906998186
66.75 0.133333333333 0.00184276734365
66.75 0.266666666667 0.00158149004012
66.75 0.4 0.00125755840358
66.75 0.533333333333 0.00137062302125
66.75 0.666666666667 0.000863951339426
66.75 0.8 0.000395077362894
66.75 1.0 0.000232954733133
69.9166666667 -1.0 0.000558980754421
69.9166666667 -0.8 0.00116393365145
69.9166666667 -0.666666666667 0.00123402488387
69.9166666667 -0.533333333333 0.0014476211519
69.9166666667 -0.4 0.00163136593328
69.9166666667 -0.266666666667 0.00188695635216
69.9166666667 -0.133333333333 0.00181558190356
69.9166666667 0.0 0.00196089106018
69.9166666667 0.133333333333 0.00186825462529
69.9166666667 0.266666666667 0.00162952858885
69.9166666667 0.4 0.00116659182215
69.9166666667 0.533333333333 0.000955312656856
69.9166666667 0.666666666667 0.000909598734432
69.9166666667 0.8 0.000210437688627
69.9166666667 1.0 0.000186385359448
73.0833333333 -1.0 0.000488220766173
73.0833333333 -0.8 0.000931913626026
73.0833333333 -0.666666666667 0.00100259771923
73.0833333333 -0.533333333333 0.00123383638447
73.0833333333 -0.4 0.00176567871271
73.0833333333 -0.266666666667 0.00156021219482
73.0833333333 -0.133333333333 0.00148827431006
73.0833333333 0.0 0.00190988203757
73.0833333333 0.133333333333 0.00116175475819
73.0833333333 0.266666666667 0.00160635811678
73.0833333333 0.4 0.00106886815313
73.0833333333 0.533333333333 0.000769941183541
73.0833333333 0.666666666667 0.000514851967754
73.0833333333 0.8 0.000419841543955
73.0833333333 1.0 0.000186950114692
76.25 -1.0 0.000466677613424
76.25 -0.8 0.000957751752461
76.25 -0.666666666667 0.00135104205676
76.25 -0.533333333333 0.00107070688879
76.25 -0.4 0.00151677712347
76.25 -0.266666666667 0.00160521750837
76.25 -0.133333333333 0.00151704149698
76.25 0.0 0.00160806958857
76.25 0.133333333333 0.00128217347793
76.25 0.266666666667 0.000837222493314
76.25 0.4 0.00111619492608
76.25 0.533333333333 0.000980984596641
76.25 0.666666666667 0.000561162537049
76.25 0.8 0.000257029137505
76.25 1.0 0.000164113033199
79.4166666667 -1.0 0.0003716838208
79.4166666667 -0.8 0.000534535777445
79.4166666667 -0.666666666667 0.000744083660534
79.4166666667 -0.533333333333 0.00118584956634
79.4166666667 -0.4 0.000864402075789
79.4166666667 -0.266666666667 0.00109450447117
79.4166666667 -0.133333333333 0.00146182108147
79.4166666667 0.0 0.00139927677222
79.4166666667 0.133333333333 0.00109820564686
79.4166666667 0.266666666667 0.000908957010483
79.4166666667 0.4 0.00113861349984
79.4166666667 0.533333333333 0.000673664641326
79.4166666667 0.666666666667 0.000558431706574
79.4166666667 0.8 0.000326714252845
79.4166666667 1.0 9.22650294761e-05
82.5833333333 -1.0 0.000351607332321
82.5833333333 -0.8 0.000558549726272
82.5833333333 -0.666666666667 0.000719297256353
82.5833333333 -0.533333333333 0.00100281624622
82.5833333333 -0.4 0.00102274414451
82.5833333333 -0.266666666667 0.00130723987049
82.5833333333 -0.133333333333 0.00118576297611
82.5833333333 0.0 0.00107285490113
82.5833333333 0.133333333333 0.000908300560007
82.5833333333 0.266666666667 0.000855959144402
82.5833333333 0.4 0.00055430801106
82.5833333333 0.533333333333 0.000788757597751
82.5833333333 0.666666666667 0.000208793725319
82.5833333333 0.8 0.000255541068633
82.5833333333 1.0 0.000140583888862
85.75 -1.0 0.000234005016624
85.75 -0.8 0.000349334115971
85.75 -0.666666666667 0.000627242964419
85.75 -0.533333333333 0.00088232769709
85.75 -0.4 0.00102722012193
85.75 -0.266666666667 0.000743657434364
85.75 -0.133333333333 0.00109493877713
85.75 0.0 0.00104868366295
85.75 0.133333333333 0.0010218482935
85.75 0.266666666667 0.000416251619486
85.75 0.4 0.000442906100258
85.75 0.533333333333 0.000511211494388
85.75 0.666666666667 0.000256986696848
85.75 0.8 0.000116139487737
85.75 1.0 9.3532916103e-05
88.9166666667 -1.0 0.000164066176835
88.9166666667 -0.8 0.000325318064326
88.9166666667 -0.666666666667 0.000554046336306
88.9166666667 -0.533333333333 0.000792574389797
88.9166666667 -0.4 0.000812950635493
88.9166666667 -0.266666666667 0.000722189133375
88.9166666667 -0.133333333333 0.000699958619889
88.9166666667 0.0 0.000628140464539
88.9166666667 0.133333333333 0.000861207120638
88.9166666667 0.266666666667 0.000558176338654
88.9166666667 0.4 0.000394003682167
88.9166666667 0.533333333333 0.000538375337209
88.9166666667 0.666666666667 0.000349836165308
88.9166666667 0.8 0.000139895378204
88.9166666667 1.0 2.34103099005e-05
92.0833333333 -1.0 0.000254806154668
92.0833333333 -0.8 0.000371772439209
92.0833333333 -0.666666666667 0.000325105086345
92.0833333333 -0.533333333333 0.000745548380449
92.0833333333 -0.4 0.00055792047573
92.0833333333 -0.266666666667 0.000793839205982
92.0833333333 -0.133333333333 0.000885805389459
92.0833333333 0.0 0.000629223556943
92.0833333333 0.133333333333 0.000631743018142
92.0833333333 0.266666666667 0.000396492376245
92.0833333333 0.4 0.000302583874837
92.0833333333 0.533333333333 0.000442036356788
92.0833333333 0.666666666667 0.000303142546302
92.0833333333 0.8 4.57666796384e-05
92.0833333333 1.0 2.34103099005e-05
95.25 -1.0 6.91148994949e-05
95.25 -0.8 0.000232820999695
95.25 -0.666666666667 0.000394170696964
95.25 -0.533333333333 0.000466472070522
95.25 -0.4 0.000560872319116
95.25 -0.266666666667 0.000652108626446
95.25 -0.133333333333 0.000489952659123
95.25 0.0 0.000768312113901
95.25 0.133333333333 0.000373434764386
95.25 0.266666666667 0.000441836520234
95.25 0.4 0.000443580154138
95.25 0.533333333333 0.000372809174863
95.25 0.666666666667 0.00037414307866
95.25 0.8 2.34103099005e-05
95.25 1.0 2.31993442319e-05
100.0 -1.0 4.59693375872e-05
100.0 -0.8 0.00023181803403
100.0 -0.666666666667 0.000303858332344
100.0 -0.533333333333 0.00046715430035
100.0 -0.4 0.00034946562392
100.0 -0.266666666667 0.000556486857043
100.0 -0.133333333333 0.000651838747204
100.0 0.0 0.000441086915522
100.0 0.133333333333 0.000606833881713
100.0 0.266666666667 0.000255909698147
100.0 0.4 0.000464821594217
100.0 0.533333333333 0.000140345228184
100.0 0.666666666667 0.000163004636633
100.0 0.8 0.000186004863011
100.0 1.0 2.34103099005e-05
