5.0 -1.0 0.0484754846518
5.0 -0.8 0.0435439041925
5.0 -0.666666666667 0.0414421830577
5.0 -0.533333333333 0.0407173232866
5.0 -0.4 0.0397399056626
5.0 -0.266666666667 0.0410066197834
5.0 -0.133333333333 0.0382678136319
5.0 0.0 0.0349803714551
5.0 0.133333333333 0.0333169640017
5.0 0.266666666667 0.0299817680709
5.0 0.4 0.0284851110947
5.0 0.533333333333 0.0256624772171
5.0 0.666666666667 0.0219762791916
5.0 0.8 0.0186113742018
5.0 1.0 0.0158297588
9.75 -1.0 0.03969015552
9.75 -0.8 0.0363833786832
9.75 -0.666666666667 0.0366336341528
9.75 -0.533333333333 0.0373338561371
9.75 -0.4 0.0363143747755
9.75 -0.266666666667 0.0352330358771
9.75 -0.133333333333 0.0343987311407
9.75 0.0 0.0309171468174
9.75 0.133333333333 0.0288088977781
9.75 0.266666666667 0.025898001271
9.75 0.4 0.0221093826665
9.75 0.533333333333 0.019613507174
9.75 0.666666666667 0.016769447707
9.75 0.8 0.0132390212334
9.75 1.0 0.0098307272544
12.9166666667 -1.0 0.03005060019
12.9166666667 -0.8 0.0303111216864
12.9166666667 -0.666666666667 0.034277732012
12.9166666667 -0.533333333333 0.0324976749381
12.9166666667 -0.4 0.0324333309471
12.9166666667 -0.266666666667 0.0301920111092
12.9166666667 -0.133333333333 0.0300721385191
12.9166666667 0.0 0.0272742221239
12.9166666667 0.133333333333 0.0244229349563
12.9166666667 0.266666666667 0.0209702003874
12.9166666667 0.4 0.0192187608847
12.9166666667 0.533333333333 0.0151074617448
12.9166666667 0.666666666667 0.0112326377057
12.9166666667 0.8 0.00780054219446
12.9166666667 1.0 0.00543937219303
16.0833333333 -1.0 0.0229009789791
16.0833333333 -0.8 0.0259342804553
16.0833333333 -0.666666666667 0.0262217361536
16.0833333333 -0.533333333333 0.0270645122588
16.0833333333 -0.4 0.0269208196683
16.0833333333 -0.266666666667 0.0261068125942
16.0833333333 -0.133333333333 0.0249120243509
16.0833333333 0.0 0.0214103286331
16.0833333333 0.133333333333 0.0199158312319
16.0833333333 0.266666666667 0.0174886663533
16.0833333333 0.4 0.0129124971819
16.0833333333 0.533333333333 0.0111886890496
16.0833333333 0.666666666667 0.0082649545047
16.0833333333 0.8 0.00597627354877
16.0833333333 1.0 0.00355122913439
19.25 -1.0 0.0159917440239
19.25 -0.8 0.0189566957605
19.25 -0.666666666667 0.0203396287758
19.25 -0.533333333333 0.0221622177728
19.25 -0.4 0.021418601589
19.25 -0.266666666667 0.020829202052
19.25 -0.133333333333 0.0193590740608
19.25 0.0 0.0164566425241
19.25 0.133333333333 0.0157132799962
19.25 0.266666666667 0.0130978337018
19.25 0.4 0.0110448769852
19.25 0.533333333333 0.00791410585756
19.25 0.666666666667 0.00593093444349
19.25 0.8 0.00392227857455
19.25 1.0 0.00224243282803
22.4166666667 -1.0 0.0125362310099
22.4166666667 -0.8 0.0140825524011
22.4166666667 -0.666666666667 0.0170179086979
22.4166666667 -0.533333333333 0.0174659085744
22.4166666667 -0.4 0.0184705475968
22.4166666667 -0.266666666667 0.0176057744036
22.4166666667 -0.133333333333 0.0153191395562
22.4166666667 0.0 0.0132155043192
22.4166666667 0.133333333333 0.0108133105424
22.4166666667 0.266666666667 0.010437854438
22.4166666667 0.4 0.00731037616017
22.4166666667 0.533333333333 0.00520642038137
22.4166666667 0.666666666667 0.00371201567381
22.4166666667 0.8 0.00186916153408
22.4166666667 1.0 0.00119018019642
25.5833333333 -1.0 0.00803032219357
25.5833333333 -0.8 0.00959443964691
25.5833333333 -0.666666666667 0.0126101274422
25.5833333333 -0.533333333333 0.0123743451535
25.5833333333 -0.4 0.0140568249137
25.5833333333 -0.266666666667 0.0124879475627
25.5833333333 -0.133333333333 0.0121890160288
25.5833333333 0.0 0.00940580127593
25.5833333333 0.133333333333 0.00919948281579
25.5833333333 0.266666666667 0.00690980831472
25.5833333333 0.4 0.0053215270015
25.5833333333 0.533333333333 0.00408904251269
25.5833333333 0.666666666667 0.002802361092
25.5833333333 0.8 0.00147030278516
25.5833333333 1.0 0.000514399749792
28.75 -1.0 0.00551080033373
28.75 -0.8 0.00679457959281
28.75 -0.666666666667 0.00893984221144
28.75 -0.533333333333 0.0097121308041
28.75 -0.4 0.0099942697004
28.75 -0.266666666667 0.00992673420713
28.75 -0.133333333333 0.00917588596271
28.75 0.0 0.00770507577437
28.75 0.133333333333 0.00607111361089
28.75 0.266666666667 0.00451014929661
28.75 0.4 0.00371096236171
28.75 0.533333333333 0.00256742395499
28.75 0.666666666667 0.00154187849465
28.75 0.8 0.000909975968558
28.75 1.0 0.00035060919979
31.9166666667 -1.0 0.00394782513454
31.9166666667 -0.8 0.00490700516252
31.9166666667 -0.666666666667 0.00611755411629
31.9166666667 -0.533333333333 0.00726260838943
31.9166666667 -0.4 0.00709843266762
31.9166666667 -0.266666666667 0.00758801749556
31.9166666667 -0.133333333333 0.00662987440587
31.9166666667 0.0 0.00567581195797
31.9166666667 0.133333333333 0.00450665258848
31.9166666667 0.266666666667 0.003431218641
31.9166666667 0.4 0.00292128984963
31.9166666667 0.533333333333 0.00177339062049
31.9166666667 0.666666666667 0.00130789402627
31.9166666667 0.8 0.000537670689812
31.9166666667 1.0 0.000163447106037
35.0833333333 -1.0 0.00235903117232
35.0833333333 -0.8 0.00373391883729
35.0833333333 -0.666666666667 0.00518547819361
35.0833333333 -0.533333333333 0.00571989688012
35.0833333333 -0.4 0.00571915460442
35.0833333333 -0.266666666667 0.00499812506353
35.0833333333 -0.133333333333 0.0050452272384
35.0833333333 0.0 0.00401607885439
35.0833333333 0.133333333333 0.00331606216673
35.0833333333 0.266666666667 0.00294365879741
35.0833333333 0.4 0.00177417611967
35.0833333333 0.533333333333 0.00112033392679
35.0833333333 0.666666666667 0.000887653994135
35.0833333333 0.8 0.000256951215325
35.0833333333 1.0 9.34179428905e-05
38.25 -1.0 0.00163365663062
38.25 -0.8 0.00270760440896
38.25 -0.666666666667 0.00357061260495
38.25 -0.533333333333 0.00389839429295
38.25 -0.4 0.00413220808014
38.25 -0.266666666667 0.00387686204173
38.25 -0.133333333333 0.00322266979491
38.25 0.0 0.00287275218858
38.25 0.133333333333 0.00226469834989
38.25 0.266666666667 0.00184377959148
38.25 0.4 0.00128492364463
38.25 0.533333333333 0.000956699373278
38.25 0.666666666667 0.00046643785607
38.25 0.8 0.000186730890813
38.25 1.0 2.33250054425e-05
41.4166666667 -1.0 0.00116702942209
41.4166666667 -0.8 0.00189308806888
41.4166666667 -0.666666666667 0.00231012696277
41.4166666667 -0.533333333333 0.00284717036836
41.4166666667 -0.4 0.00289255601955
41.4166666667 -0.266666666667 0.00296513803866
41.4166666667 -0.133333333333 0.00261467940891
41.4166666667 0.0 0.00200647417702
41.4166666667 0.133333333333 0.00170459953052
41.4166666667 0.266666666667 0.00105082784908
41.4166666667 0.4 0.000794677721658
41.4166666667 0.533333333333 0.000676255167371
41.4166666667 0.666666666667 0.00039628479262
41.4166666667 0.8 0.000139802215182
41.4166666667 1.0 1e-05
44.5833333333 -1.0 0.000864887436482
44.5833333333 -0.8 0.00142366199765
44.5833333333 -0.666666666667 0.00156682589439
44.5833333333 -0.533333333333 0.00191397066919
44.5833333333 -0.4 0.00221925536262
44.5833333333 -0.266666666667 0.00196180979268
44.5833333333 -0.133333333333 0.00189182391161
44.5833333333 0.0 0.00126111760139
44.5833333333 0.133333333333 0.00149299547008
44.5833333333 0.266666666667 0.000980899907307
44.5833333333 0.4 0.000654060534049
44.5833333333 0.533333333333 0.000560348382245
44.5833333333 0.666666666667 0.000186989973607
44.5833333333 0.8 2.34497133924e-05
44.5833333333 1.0 1e-05
47.75 -1.0 0.000420402653331
47.75 -0.8 0.000770157965376
47.75 -0.666666666667 0.000840629957335
47.75 -0.533333333333 0.0013773932153
47.75 -0.4 0.00158546825412
47.75 -0.266666666667 0.00121452519492
47.75 -0.133333333333 0.00112072553054
47.75 0.0 0.000956585271266
47.75 0.133333333333 0.000934102310424
47.75 0.266666666667 0.000561037818786
47.75 0.4 0.000350929119173
47.75 0.533333333333 0.000374360850387
47.75 0.666666666667 4.67747188349e-05
47.75 0.8 4.6650010885e-05
47.75 1.0 1e-05
50.9166666667 -1.0 0.000279971660108
50.9166666667 -0.8 0.000583302815816
50.9166666667 -0.666666666667 0.0011211668475
50.9166666667 -0.533333333333 0.00123731445604
50.9166666667 -0.4 0.00107389816783
50.9166666667 -0.266666666667 0.00126169519078
50.9166666667 -0.133333333333 0.00100363846411
50.9166666667 0.0 0.000841278811957
50.9166666667 0.133333333333 0.000676534233578
50.9166666667 0.266666666667 0.000303658014488
50.9166666667 0.4 0.000373358020759
50.9166666667 0.533333333333 0.0001167344157
50.9166666667 0.666666666667 0.000116669836911
50.9166666667 0.8 1e-05
50.9166666667 1.0 1e-05
54.0833333333 -1.0 0.000163535949338
54.0833333333 -0.8 0.000327548171844
54.0833333333 -0.666666666667 0.000583945377954
54.0833333333 -0.533333333333 0.00063026099227
54.0833333333 -0.4 0.000816928798125
54.0833333333 -0.266666666667 0.000607173283559
54.0833333333 -0.133333333333 0.000676909006109
54.0833333333 0.0 0.000560653076793
54.0833333333 0.133333333333 0.000350057805948
54.0833333333 0.266666666667 0.000326901265511
54.0833333333 0.4 0.000163558072614
54.0833333333 0.533333333333 9.34763983797e-05
54.0833333333 0.666666666667 1e-05
54.0833333333 0.8 1e-05
54.0833333333 1.0 1e-05
57.25 -1.0 0.000117174697674
57.25 -0.8 0.000327478492618
57.25 -0.666666666667 0.000373536686055
57.25 -0.533333333333 0.000606847578595
57.25 -0.4 0.000583598745088
57.25 -0.266666666667 0.000536934357672
57.25 -0.133333333333 0.000350309026398
57.25 0.0 0.000537223160209
57.25 0.133333333333 0.000303800060058
57.25 0.266666666667 0.000140289226407
57.25 0.4 6.98399939815e-05
57.25 0.533333333333 6.99494121721e-05
57.25 0.666666666667 1e-05
57.25 0.8 1e-05
57.25 1.0 1e-05
60.4166666667 -1.0 6.98133753507e-05
60.4166666667 -0.8 0.000163431702236
60.4166666667 -0.666666666667 0.000350247816654
60.4166666667 -0.533333333333 0.000420437104528
60.4166666667 -0.4 0.000256651939796
60.4166666667 -0.266666666667 0.000513978017574
60.4166666667 -0.133333333333 0.00028024949934
60.4166666667 0.0 0.000350696014935
60.4166666667 0.133333333333 0.000210492094263
60.4166666667 0.266666666667 0.000210337286803
60.4166666667 0.4 2.34033700853e-05
60.4166666667 0.533333333333 4.68255574967e-05
60.4166666667 0.666666666667 1e-05
60.4166666667 0.8 1e-05
60.4166666667 1.0 1e-05
63.5833333333 -1.0 4.6576971595e-05
63.5833333333 -0.8 9.37206267166e-05
63.5833333333 -0.666666666667 0.000163683815705
63.5833333333 -0.533333333333 0.000163584085652
63.5833333333 -0.4 0.000257000107228
63.5833333333 -0.266666666667 0.000280131720788
63.5833333333 -0.133333333333 0.000256296565919
63.5833333333 0.0 0.000233886882522
63.5833333333 0.133333333333 0.000117040638337
63.5833333333 0.266666666667 0.000140172867124
63.5833333333 0.4 7.02916057884e-05
63.5833333333 0.533333333333 1e-05
63.5833333333 0.666666666667 1e-05
63.5833333333 0.8 1e-05
63.5833333333 1.0 1e-05
66.75 -1.0 1e-05
66.75 -0.8 6.97582979438e-05
66.75 -0.666666666667 0.00016299805452
66.75 -0.533333333333 0.000163935779689
66.75 -0.4 0.0002561667618
66.75 -0.266666666667 0.000187109381199
66.75 -0.133333333333 7.02985114375e-05
66.75 0.0 0.000210264128694
66.75 0.133333333333 0.000116821312976
66.75 0.266666666667 2.34033700853e-05
66.75 0.4 2.32243680391e-05
66.75 0.533333333333 2.33526035558e-05
66.75 0.666666666667 1e-05
66.75 0.8 1e-05
66.75 1.0 1e-05
69.9166666667 -1.0 1e-05
69.9166666667 -0.8 7.01470353724e-05
69.9166666667 -0.666666666667 6.99380833005e-05
69.9166666667 -0.533333333333 0.000116904601515
69.9166666667 -0.4 0.000116837565744
69.9166666667 -0.266666666667 0.000162978292644
69.9166666667 -0.133333333333 6.97582979438e-05
69.9166666667 0.0 4.66707033492e-05
69.9166666667 0.133333333333 7.0023306905e-05
69.9166666667 0.266666666667 1e-05
69.9166666667 0.4 1e-05
69.9166666667 0.533333333333 2.34729539408e-05
69.9166666667 0.666666666667 1e-05
69.9166666667 0.8 1e-05
69.9166666667 1.0 1e-05
73.0833333333 -1.0 1e-05
73.0833333333 -0.8 1e-05
73.0833333333 -0.666666666667 9.33508371938e-05
73.0833333333 -0.533333333333 7.01524380773e-05
73.0833333333 -0.4 0.000116366323087
73.0833333333 -0.266666666667 7.01702759208e-05
73.0833333333 -0.133333333333 0.000116945974238
73.0833333333 0.0 2.34033700853e-05
73.0833333333 0.133333333333 6.99380833005e-05
73.0833333333 0.266666666667 1e-05
73.0833333333 0.4 1e-05
73.0833333333 0.533333333333 1e-05
73.0833333333 0.666666666667 1e-05
73.0833333333 0.8 1e-05
73.0833333333 1.0 1e-05
76.25 -1.0 1e-05
76.25 -0.8 1e-05
76.25 -0.666666666667 2.32243680391e-05
76.25 -0.533333333333 4.64952755573e-05
76.25 -0.4 2.32243680391e-05
76.25 -0.266666666667 4.68763240261e-05
76.25 -0.133333333333 4.68763240261e-05
76.25 0.0 2.34033700853e-05
76.25 0.133333333333 2.31426720015e-05
76.25 0.266666666667 1e-05
76.25 0.4 1e-05
76.25 0.533333333333 1e-05
76.25 0.666666666667 1e-05
76.25 0.8 1e-05
76.25 1.0 1e-05
79.4166666667 -1.0 1e-05
79.4166666667 -0.8 1e-05
79.4166666667 -0.666666666667 4.66277381244e-05
79.4166666667 -0.533333333333 2.34497133924e-05
79.4166666667 -0.4 1e-05
79.4166666667 -0.266666666667 4.68530834777e-05
79.4166666667 -0.133333333333 1e-05
79.4166666667 0.0 1e-05
79.4166666667 0.133333333333 1e-05
79.4166666667 0.266666666667 1e-05
79.4166666667 0.4 1e-05
79.4166666667 0.533333333333 1e-05
79.4166666667 0.666666666667 1e-05
79.4166666667 0.8 1e-05
79.4166666667 1.0 1e-05
82.5833333333 -1.0 1e-05
82.5833333333 -0.8 1e-05
82.5833333333 -0.666666666667 1e-05
82.5833333333 -0.533333333333 1e-05
82.5833333333 -0.4 1e-05
82.5833333333 -0.266666666667 1e-05
82.5833333333 -0.133333333333 1e-05
82.5833333333 0.0 1e-05
82.5833333333 0.133333333333 1e-05
82.5833333333 0.266666666667 1e-05
82.5833333333 0.4 1e-05
82.5833333333 0.533333333333 1e-05
82.5833333333 0.666666666667 1e-05
82.5833333333 0.8 1e-05
82.5833333333 1.0 1e-05
85.75 -1.0 1e-05
85.75 -0.8 1e-05
85.75 -0.666666666667 1e-05
85.75 -0.533333333333 1e-05
85.75 -0.4 1e-05
85.75 -0.266666666667 1e-05
85.75 -0.133333333333 1e-05
85.75 0.0 1e-05
85.75 0.133333333333 1e-05
85.75 0.266666666667 1e-05
85.75 0.4 1e-05
85.75 0.533333333333 1e-05
85.75 0.666666666667 1e-05
85.75 0.8 1e-05
85.75 1.0 1e-05
88.9166666667 -1.0 1e-05
88.9166666667 -0.8 1e-05
88.9166666667 -0.666666666667 1e-05
88.9166666667 -0.533333333333 1e-05
88.9166666667 -0.4 1e-05
88.9166666667 -0.266666666667 1e-05
88.9166666667 -0.133333333333 1e-05
88.9166666667 0.0 1e-05
88.9166666667 0.133333333333 1e-05
88.9166666667 0.266666666667 1e-05
88.9166666667 0.4 1e-05
88.9166666667 0.533333333333 1e-05
88.9166666667 0.666666666667 1e-05
88.9166666667 0.8 1e-05
88.9166666667 1.0 1e-05
92.0833333333 -1.0 1e-05
92.0833333333 -0.8 1e-05
92.0833333333 -0.666666666667 1e-05
92.0833333333 -0.533333333333 1e-05
92.0833333333 -0.4 1e-05
92.0833333333 -0.266666666667 1e-05
92.0833333333 -0.133333333333 1e-05
92.0833333333 0.0 1e-05
92.0833333333 0.133333333333 1e-05
92.0833333333 0.266666666667 1e-05
92.0833333333 0.4 1e-05
92.0833333333 0.533333333333 1e-05
92.0833333333 0.666666666667 1e-05
92.0833333333 0.8 1e-05
92.0833333333 1.0 1e-05
95.25 -1.0 1e-05
95.25 -0.8 1e-05
95.25 -0.666666666667 1e-05
95.25 -0.533333333333 1e-05
95.25 -0.4 1e-05
95.25 -0.266666666667 1e-05
95.25 -0.133333333333 1e-05
95.25 0.0 1e-05
95.25 0.133333333333 1e-05
95.25 0.266666666667 1e-05
95.25 0.4 1e-05
95.25 0.533333333333 1e-05
95.25 0.666666666667 1e-05
95.25 0.8 1e-05
95.25 1.0 1e-05
100.0 -1.0 1e-05
100.0 -0.8 1e-05
100.0 -0.666666666667 1e-05
100.0 -0.533333333333 1e-05
100.0 -0.4 1e-05
100.0 -0.266666666667 1e-05
100.0 -0.133333333333 1e-05
100.0 0.0 1e-05
100.0 0.133333333333 1e-05
100.0 0.266666666667 1e-05
100.0 0.4 1e-05
100.0 0.533333333333 1e-05
100.0 0.666666666667 1e-05
100.0 0.8 1e-05
100.0 1.0 1e-05
