5.0 -1.0 0.0219099534032
5.0 -0.8 0.0186979670891
5.0 -0.666666666667 0.017444782487
5.0 -0.533333333333 0.0166260285422
5.0 -0.4 0.0163800413118
5.0 -0.266666666667 0.0165787436115
5.0 -0.133333333333 0.015645028138
5.0 0.0 0.0154546689488
5.0 0.133333333333 0.0153857569422
5.0 0.266666666667 0.0145438553094
5.0 0.4 0.0140535305565
5.0 0.533333333333 0.0131951800179
5.0 0.666666666667 0.0134714114341
5.0 0.8 0.0127832976613
5.0 1.0 0.0142367884587
9.75 -1.0 0.0217096809633
9.75 -0.8 0.0188920965901
9.75 -0.666666666667 0.0197615078131
9.75 -0.533333333333 0.0175549625854
9.75 -0.4 0.0172903503308
9.75 -0.266666666667 0.0164763136736
9.75 -0.133333333333 0.0168187540283
9.75 0.0 0.0167450208233
9.75 0.133333333333 0.014186498331
9.75 0.266666666667 0.0150591523531
9.75 0.4 0.0136934142241
9.75 0.533333333333 0.0145195855185
9.75 0.666666666667 0.0128528028283
9.75 0.8 0.0122900528871
9.75 1.0 0.0111380695041
12.9166666667 -1.0 0.0200848652515
12.9166666667 -0.8 0.0188296053038
12.9166666667 -0.666666666667 0.0187909145611
12.9166666667 -0.533333333333 0.0175618727346
12.9166666667 -0.4 0.0159641637399
12.9166666667 -0.266666666667 0.0158810074574
12.9166666667 -0.133333333333 0.0171060459107
12.9166666667 0.0 0.0163973605377
12.9166666667 0.133333333333 0.0152698754872
12.9166666667 0.266666666667 0.0140556265303
12.9166666667 0.4 0.0130609716742
12.9166666667 0.533333333333 0.0133458952211
12.9166666667 0.666666666667 0.0115410175239
12.9166666667 0.8 0.0101101725702
12.9166666667 1.0 0.00943094528684
16.0833333333 -1.0 0.018524878084
16.0833333333 -0.8 0.0170037039313
16.0833333333 -0.666666666667 0.0161906743321
16.0833333333 -0.533333333333 0.0172363567928
16.0833333333 -0.4 0.0174444175636
16.0833333333 -0.266666666667 0.0146259302351
16.0833333333 -0.133333333333 0.0152710015821
16.0833333333 0.0 0.0150943101289
16.0833333333 0.133333333333 0.0144493672646
16.0833333333 0.266666666667 0.0143709083166
16.0833333333 0.4 0.0139963836637
16.0833333333 0.533333333333 0.0120155890514
16.0833333333 0.666666666667 0.010808577757
16.0833333333 0.8 0.00987888638295
16.0833333333 1.0 0.00726946963826
19.25 -1.0 0.0170122934916
19.25 -0.8 0.0159053015592
19.25 -0.666666666667 0.0163340346656
19.25 -0.533333333333 0.0156494690614
19.25 -0.4 0.0151065493862
19.25 -0.266666666667 0.0158965114313
19.25 -0.133333333333 0.0142862946914
19.25 0.0 0.0140898900286
19.25 0.133333333333 0.0137630624385
19.25 0.266666666667 0.0132831733117
19.25 0.4 0.0116359896808
19.25 0.533333333333 0.0112713830643
19.25 0.666666666667 0.00894552922638
19.25 0.8 0.00755658412302
19.25 1.0 0.00637867264801
22.4166666667 -1.0 0.0137588806636
22.4166666667 -0.8 0.013720060721
22.4166666667 -0.666666666667 0.0147061037407
22.4166666667 -0.533333333333 0.0148423914762
22.4166666667 -0.4 0.0137019215561
22.4166666667 -0.266666666667 0.0133639151652
22.4166666667 -0.133333333333 0.0135987104722
22.4166666667 0.0 0.013515652426
22.4166666667 0.133333333333 0.0125301747553
22.4166666667 0.266666666667 0.0118834105606
22.4166666667 0.4 0.0104589825112
22.4166666667 0.533333333333 0.00952422950934
22.4166666667 0.666666666667 0.00774306665163
22.4166666667 0.8 0.00628187018708
22.4166666667 1.0 0.0051458256408
25.5833333333 -1.0 0.0118565680374
25.5833333333 -0.8 0.0113231924021
25.5833333333 -0.666666666667 0.0122266463614
25.5833333333 -0.533333333333 0.0138019230661
25.5833333333 -0.4 0.0127752526728
25.5833333333 -0.266666666667 0.0117571150132
25.5833333333 -0.133333333333 0.0125609215691
25.5833333333 0.0 0.0111792614153
25.5833333333 0.133333333333 0.0109730367004
25.5833333333 0.266666666667 0.009988563019
25.5833333333 0.4 0.00935996507004
25.5833333333 0.533333333333 0.00786855757656
25.5833333333 0.666666666667 0.00703380288089
25.5833333333 0.8 0.0052893945279
25.5833333333 1.0 0.00423708449767
28.75 -1.0 0.00991520582498
28.75 -0.8 0.0106803657582
28.75 -0.666666666667 0.0112793039848
28.75 -0.533333333333 0.011860383629
28.75 -0.4 0.0104545128223
28.75 -0.266666666667 0.0110587787324
28.75 -0.133333333333 0.0112133277749
28.75 0.0 0.010568311729
28.75 0.133333333333 0.00973977092284
28.75 0.266666666667 0.00865999646275
28.75 0.4 0.00808324048177
28.75 0.533333333333 0.00726796238204
28.75 0.666666666667 0.00589348211996
28.75 0.8 0.00433448883642
28.75 1.0 0.00296089997968
31.9166666667 -1.0 0.0082961773458
31.9166666667 -0.8 0.00873905846293
31.9166666667 -0.666666666667 0.00997181817943
31.9166666667 -0.533333333333 0.00870924957255
31.9166666667 -0.4 0.0100515532227
31.9166666667 -0.266666666667 0.00965110172907
31.9166666667 -0.133333333333 0.00927156298284
31.9166666667 0.0 0.00898536893385
31.9166666667 0.133333333333 0.00858856958221
31.9166666667 0.266666666667 0.00745123506068
31.9166666667 0.4 0.00717055440942
31.9166666667 0.533333333333 0.005958634077
31.9166666667 0.666666666667 0.0049788465959
31.9166666667 0.8 0.00367971046312
31.9166666667 1.0 0.00248856018452
35.0833333333 -1.0 0.00658868638796
35.0833333333 -0.8 0.0082344279349
35.0833333333 -0.666666666667 0.00836114009806
35.0833333333 -0.533333333333 0.00845864543929
35.0833333333 -0.4 0.00945011206261
35.0833333333 -0.266666666667 0.00837745455064
35.0833333333 -0.133333333333 0.00819223151516
35.0833333333 0.0 0.0075695217652
35.0833333333 0.133333333333 0.006738399001
35.0833333333 0.266666666667 0.00619873078093
35.0833333333 0.4 0.0054068651924
35.0833333333 0.533333333333 0.00517736300069
35.0833333333 0.666666666667 0.0040351010207
35.0833333333 0.8 0.00279295362022
35.0833333333 1.0 0.00164696156112
38.25 -1.0 0.00570595730965
38.25 -0.8 0.00663068911238
38.25 -0.666666666667 0.00619201727079
38.25 -0.533333333333 0.00786070242212
38.25 -0.4 0.00696522640633
38.25 -0.266666666667 0.00721691981854
38.25 -0.133333333333 0.00731654565914
38.25 0.0 0.00735657019618
38.25 0.133333333333 0.00664793673307
38.25 0.266666666667 0.00550763371045
38.25 0.4 0.00533283045786
38.25 0.533333333333 0.00395856331726
38.25 0.666666666667 0.00349465733958
38.25 0.8 0.00233051178556
38.25 1.0 0.00153522702743
41.4166666667 -1.0 0.00512354573898
41.4166666667 -0.8 0.00520266456453
41.4166666667 -0.666666666667 0.00665330931965
41.4166666667 -0.533333333333 0.00717281551043
41.4166666667 -0.4 0.00663641723821
41.4166666667 -0.266666666667 0.00747364849541
41.4166666667 -0.133333333333 0.00652609262996
41.4166666667 0.0 0.00555710071454
41.4166666667 0.133333333333 0.00535477476963
41.4166666667 0.266666666667 0.00542124627596
41.4166666667 0.4 0.00486135232836
41.4166666667 0.533333333333 0.0035144168357
41.4166666667 0.666666666667 0.00305109637625
41.4166666667 0.8 0.00160884445828
41.4166666667 1.0 0.00123179463369
44.5833333333 -1.0 0.00419291270018
44.5833333333 -0.8 0.00451282156238
44.5833333333 -0.666666666667 0.00526099026274
44.5833333333 -0.533333333333 0.0055172436931
44.5833333333 -0.4 0.00549865884572
44.5833333333 -0.266666666667 0.00623856145867
44.5833333333 -0.133333333333 0.00522817897222
44.5833333333 0.0 0.00509951489846
44.5833333333 0.133333333333 0.00480379653764
44.5833333333 0.266666666667 0.004673564019
44.5833333333 0.4 0.00398073342514
44.5833333333 0.533333333333 0.00265137908549
44.5833333333 0.666666666667 0.0023719537809
44.5833333333 0.8 0.00179533006504
44.5833333333 1.0 0.000884686295049
47.75 -1.0 0.00316084679191
47.75 -0.8 0.00418988622529
47.75 -0.666666666667 0.00479610945115
47.75 -0.533333333333 0.00514556927051
47.75 -0.4 0.00490856177416
47.75 -0.266666666667 0.00517545086787
47.75 -0.133333333333 0.00491743749973
47.75 0.0 0.00406643355875
47.75 0.133333333333 0.00435521981618
47.75 0.266666666667 0.00416979132087
47.75 0.4 0.00351506504826
47.75 0.533333333333 0.00267398655266
47.75 0.666666666667 0.00174680337717
47.75 0.8 0.00125495049766
47.75 1.0 0.000537993858413
50.9166666667 -1.0 0.00288333934087
50.9166666667 -0.8 0.00343874856435
50.9166666667 -0.666666666667 0.00401455135565
50.9166666667 -0.533333333333 0.00469553483759
50.9166666667 -0.4 0.00407837120175
50.9166666667 -0.266666666667 0.00449625165447
50.9166666667 -0.133333333333 0.00477544414738
50.9166666667 0.0 0.003490989735
50.9166666667 0.133333333333 0.00340477692529
50.9166666667 0.266666666667 0.00360724418315
50.9166666667 0.4 0.00293235174803
50.9166666667 0.533333333333 0.00212570092708
50.9166666667 0.666666666667 0.0017280116332
50.9166666667 0.8 0.000842785361345
50.9166666667 1.0 0.000489273864637
54.0833333333 -1.0 0.00226104999015
54.0833333333 -0.8 0.00293902871817
54.0833333333 -0.666666666667 0.00363806424289
54.0833333333 -0.533333333333 0.00386520572
54.0833333333 -0.4 0.00386295966288
54.0833333333 -0.266666666667 0.00384665180014
54.0833333333 -0.133333333333 0.0040061337697
54.0833333333 0.0 0.00310052930736
54.0833333333 0.133333333333 0.00325993444611
54.0833333333 0.266666666667 0.00309705785161
54.0833333333 0.4 0.00206984335995
54.0833333333 0.533333333333 0.00174343478524
54.0833333333 0.666666666667 0.00137461070034
54.0833333333 0.8 0.00074379776152
54.0833333333 1.0 0.00044279011044
57.25 -1.0 0.00176911522765
57.25 -0.8 0.00253977922398
57.25 -0.666666666667 0.00314846672308
57.25 -0.533333333333 0.00321397872281
57.25 -0.4 0.00330590841782
57.25 -0.266666666667 0.00296271527367
57.25 -0.133333333333 0.00358802224225
57.25 0.0 0.00278952587736
57.25 0.133333333333 0.00274201785306
57.25 0.266666666667 0.00237025666268
57.25 0.4 0.00186364243828
57.25 0.533333333333 0.00188241841107
57.25 0.666666666667 0.00116536273638
57.25 0.8 0.00093161457852
57.25 1.0 0.0005144889157
60.4166666667 -1.0 0.00165472186323
60.4166666667 -0.8 0.00193627901004
60.4166666667 -0.666666666667 0.00230723117851
60.4166666667 -0.533333333333 0.00288612070043
60.4166666667 -0.4 0.00331231377978
60.4166666667 -0.266666666667 0.00290830472312
60.4166666667 -0.133333333333 0.00293377169475
60.4166666667 0.0 0.00237610502616
60.4166666667 0.133333333333 0.00239698742021
60.4166666667 0.266666666667 0.00200084813542
60.4166666667 0.4 0.001445143022
60.4166666667 0.533333333333 0.00118560001768
60.4166666667 0.666666666667 0.00111673352278
60.4166666667 0.8 0.00065233716367
60.4166666667 1.0 0.000254177744324
63.5833333333 -1.0 0.00130372628654
63.5833333333 -0.8 0.00172071635603
63.5833333333 -0.666666666667 0.00237720923771
63.5833333333 -0.533333333333 0.00207230889254
63.5833333333 -0.4 0.00256011879424
63.5833333333 -0.266666666667 0.00316985840851
63.5833333333 -0.133333333333 0.00241574096532
63.5833333333 0.0 0.00211807493017
63.5833333333 0.133333333333 0.0020297819275
63.5833333333 0.266666666667 0.00207632246411
63.5833333333 0.4 0.00146574566875
63.5833333333 0.533333333333 0.0010478455917
63.5833333333 0.666666666667 0.000489736383891
63.5833333333 0.8 0.000440401469556
63.5833333333 1.0 0.000186820400421
66.75 -1.0 0.00107186900798
66.75 -0.8 0.00137103777107
66.75 -0.666666666667 0.00193153394476
66.75 -0.533333333333 0.00193476599628
66.75 -0.4 0.00240124591374
66.75 -0.266666666667 0.00222823483078
66.75 -0.133333333333 0.00215923884939
66.75 0.0 0.00179646273482
66.75 0.133333333333 0.0019128555408
66.75 0.266666666667 0.00137253096269
66.75 0.4 0.0010245366566
66.75 0.533333333333 0.00105110599108
66.75 0.666666666667 0.000652658045671
66.75 0.8 0.000372883852658
66.75 1.0 4.69391235453e-05
69.9166666667 -1.0 0.00109644816663
69.9166666667 -0.8 0.00123654132201
69.9166666667 -0.666666666667 0.00158597058902
69.9166666667 -0.533333333333 0.00174869092237
69.9166666667 -0.4 0.0019358435985
69.9166666667 -0.266666666667 0.00163065971314
69.9166666667 -0.133333333333 0.00226118389326
69.9166666667 0.0 0.00165467954821
69.9166666667 0.133333333333 0.00128439022561
69.9166666667 0.266666666667 0.00125772221091
69.9166666667 0.4 0.0012138308887
69.9166666667 0.533333333333 0.000630275471352
69.9166666667 0.666666666667 0.000649988241718
69.9166666667 0.8 0.000323262614636
69.9166666667 1.0 0.000115977760402
73.0833333333 -1.0 0.000840018647331
73.0833333333 -0.8 0.0010253687471
73.0833333333 -0.666666666667 0.00134920220491
73.0833333333 -0.533333333333 0.00162747584777
73.0833333333 -0.4 0.00163179552852
73.0833333333 -0.266666666667 0.00190904563613
73.0833333333 -0.133333333333 0.00128218769434
73.0833333333 0.0 0.00139651165817
73.0833333333 0.133333333333 0.0015114561632
73.0833333333 0.266666666667 0.00109523312626
73.0833333333 0.4 0.000932052108913
73.0833333333 0.533333333333 0.000625247359918
73.0833333333 0.666666666667 0.000467182311474
73.0833333333 0.8 0.000370825724358
73.0833333333 1.0 4.55788306973e-05
76.25 -1.0 0.000491688178996
76.25 -0.8 0.000937112377544
76.25 -0.666666666667 0.00116339680645
76.25 -0.533333333333 0.00190984143539
76.25 -0.4 0.00155786135834
76.25 -0.266666666667 0.00172268331382
76.25 -0.133333333333 0.00154051789245
76.25 0.0 0.00156058906688
76.25 0.133333333333 0.00126072634879
76.25 0.266666666667 0.000978864970901
76.25 0.4 0.000930887352614
76.25 0.533333333333 0.000584273152153
76.25 0.666666666667 0.000280302544064
76.25 0.8 0.000209678642217
76.25 1.0 0.00016374078995
79.4166666667 -1.0 0.000631396455274
79.4166666667 -0.8 0.00086140432152
79.4166666667 -0.666666666667 0.00107007664863
79.4166666667 -0.533333333333 0.00141717032498
79.4166666667 -0.4 0.00146038971735
79.4166666667 -0.266666666667 0.00155894149879
79.4166666667 -0.133333333333 0.000767962208118
79.4166666667 0.0 0.00116901319093
79.4166666667 0.133333333333 0.000980835641289
79.4166666667 0.266666666667 0.00107477978367
79.4166666667 0.4 0.000649999647855
79.4166666667 0.533333333333 0.000393859954514
79.4166666667 0.666666666667 0.000279412304724
79.4166666667 0.8 0.000114567971295
79.4166666667 1.0 2.31993442319e-05
82.5833333333 -1.0 0.000441622602764
82.5833333333 -0.8 0.000650385022137
82.5833333333 -0.666666666667 0.00127713155386
82.5833333333 -0.533333333333 0.00123702966312
82.5833333333 -0.4 0.00111230340216
82.5833333333 -0.266666666667 0.00116830779762
82.5833333333 -0.133333333333 0.00102144766671
82.5833333333 0.0 0.00113676326843
82.5833333333 0.133333333333 0.000650378331518
82.5833333333 0.266666666667 0.000789827057135
82.5833333333 0.4 0.00044351695464
82.5833333333 0.533333333333 0.000490867680569
82.5833333333 0.666666666667 0.000325951775884
82.5833333333 0.8 0.000163993821775
82.5833333333 1.0 2.35898511218e-05
85.75 -1.0 0.000302787805812
85.75 -0.8 0.000559106452445
85.75 -0.666666666667 0.000904319642536
85.75 -0.533333333333 0.000887675688683
85.75 -0.4 0.000812979772313
85.75 -0.266666666667 0.000930765433231
85.75 -0.133333333333 0.000998160244599
85.75 0.0 0.000745567365863
85.75 0.133333333333 0.000742333333275
85.75 0.266666666667 0.000674048386331
85.75 0.4 0.000725317725581
85.75 0.533333333333 0.00032642284803
85.75 0.666666666667 0.000186697924566
85.75 0.8 4.65865374049e-05
85.75 1.0 2.35172381356e-05
88.9166666667 -1.0 0.000209414946791
88.9166666667 -0.8 0.000421049334684
88.9166666667 -0.666666666667 0.000678429771863
88.9166666667 -0.533333333333 0.000813329498923
88.9166666667 -0.4 0.000838951783332
88.9166666667 -0.266666666667 0.000767610807533
88.9166666667 -0.133333333333 0.000794378837544
88.9166666667 0.0 0.000692840060607
88.9166666667 0.133333333333 0.000791446210154
88.9166666667 0.266666666667 0.000536924763823
88.9166666667 0.4 0.000465060089648
88.9166666667 0.533333333333 0.000184101145456
88.9166666667 0.666666666667 0.00023255335357
88.9166666667 0.8 0.000138057548712
88.9166666667 1.0 1e-05
92.0833333333 -1.0 0.000187329449346
92.0833333333 -0.8 0.000397484929058
92.0833333333 -0.666666666667 0.00079236688897
92.0833333333 -0.533333333333 0.000511125727956
92.0833333333 -0.4 0.00065482700031
92.0833333333 -0.266666666667 0.000629485749827
92.0833333333 -0.133333333333 0.00083482722808
92.0833333333 0.0 0.000627130280119
92.0833333333 0.133333333333 0.0007459631828
92.0833333333 0.266666666667 0.000396659005306
92.0833333333 0.4 0.000350346678264
92.0833333333 0.533333333333 0.000303997319939
92.0833333333 0.666666666667 0.000231732311408
92.0833333333 0.8 2.35406127883e-05
92.0833333333 1.0 2.23794864654e-05
95.25 -1.0 0.000255916637185
95.25 -0.8 0.000418556687299
95.25 -0.666666666667 0.000700260965156
95.25 -0.533333333333 0.000391813921687
95.25 -0.4 0.000514453809626
95.25 -0.266666666667 0.000628867029276
95.25 -0.133333333333 0.000677176800118
95.25 0.0 0.000537920430689
95.25 0.133333333333 0.000394942595616
95.25 0.266666666667 0.000375213460185
95.25 0.4 0.000279189645159
95.25 0.533333333333 0.000348729463584
95.25 0.666666666667 4.69509226888e-05
95.25 0.8 0.000116245363405
95.25 1.0 1e-05
100.0 -1.0 0.000210856388965
100.0 -0.8 0.000278116476047
100.0 -0.666666666667 0.000465994766343
100.0 -0.533333333333 0.000369686160398
100.0 -0.4 0.000490714205939
100.0 -0.266666666667 0.000556701334984
100.0 -0.133333333333 0.000466567537325
100.0 0.0 0.000534338259997
100.0 0.133333333333 0.000349924761307
100.0 0.266666666667 0.000444494344493
100.0 0.4 0.000302871996807
100.0 0.533333333333 0.000209744793192
100.0 0.666666666667 0.000161188255428
100.0 0.8 2.3387193173e-05
100.0 1.0 2.34218854097e-05
