5.0 -1.0 0.0142663867437
5.0 -0.8 0.0165080064017
5.0 -0.666666666667 0.019636950861
5.0 -0.533333333333 0.0242303184095
5.0 -0.4 0.0257080034786
5.0 -0.266666666667 0.0291604580747
5.0 -0.133333333333 0.0321758596359
5.0 0.0 0.035964304304
5.0 0.133333333333 0.0369203193311
5.0 0.266666666667 0.04277877995
5.0 0.4 0.0409262177132
5.0 0.533333333333 0.0412604791114
5.0 0.666666666667 0.0435457279106
5.0 0.8 0.0450401064025
5.0 1.0 0.0539154199713
9.75 -1.0 0.00875760365389
9.75 -0.8 0.0108123557005
9.75 -0.666666666667 0.0158584307249
9.75 -0.533333333333 0.0180494333779
9.75 -0.4 0.0225837643504
9.75 -0.266666666667 0.0258905494899
9.75 -0.133333333333 0.0276690303576
9.75 0.0 0.0316821484077
9.75 0.133333333333 0.0332482522135
9.75 0.266666666667 0.0341156880462
9.75 0.4 0.0365890266737
9.75 0.533333333333 0.0380396864791
9.75 0.666666666667 0.0376663196301
9.75 0.8 0.0385219121147
9.75 1.0 0.0436890969685
12.9166666667 -1.0 0.00417978809526
12.9166666667 -0.8 0.00688786779671
12.9166666667 -0.666666666667 0.0107424467943
12.9166666667 -0.533333333333 0.0138247598086
12.9166666667 -0.4 0.0190737586826
12.9166666667 -0.266666666667 0.0196126287987
12.9166666667 -0.133333333333 0.0228125190666
12.9166666667 0.0 0.0264817625951
12.9166666667 0.133333333333 0.0281331379887
12.9166666667 0.266666666667 0.0311659266076
12.9166666667 0.4 0.0334172258987
12.9166666667 0.533333333333 0.0329771421318
12.9166666667 0.666666666667 0.0340193561627
12.9166666667 0.8 0.0340955278347
12.9166666667 1.0 0.03387689333
16.0833333333 -1.0 0.00306075585127
16.0833333333 -0.8 0.00483204349861
16.0833333333 -0.666666666667 0.00714339037707
16.0833333333 -0.533333333333 0.0101581232576
16.0833333333 -0.4 0.0136365313772
16.0833333333 -0.266666666667 0.0163684675814
16.0833333333 -0.133333333333 0.0177171902318
16.0833333333 0.0 0.0219493158726
16.0833333333 0.133333333333 0.0239362546921
16.0833333333 0.266666666667 0.025079223271
16.0833333333 0.4 0.0283905982493
16.0833333333 0.533333333333 0.0279537448237
16.0833333333 0.666666666667 0.0271328160252
16.0833333333 0.8 0.026307648051
16.0833333333 1.0 0.0271035309382
19.25 -1.0 0.00189330120439
19.25 -0.8 0.00354850045951
19.25 -0.666666666667 0.00513580237764
19.25 -0.533333333333 0.0071453331519
19.25 -0.4 0.00974020432912
19.25 -0.266666666667 0.0115606494391
19.25 -0.133333333333 0.0153647904973
19.25 0.0 0.0173197567272
19.25 0.133333333333 0.0188904273951
19.25 0.266666666667 0.0208767602298
19.25 0.4 0.0217198762154
19.25 0.533333333333 0.0211712822638
19.25 0.666666666667 0.0218791138768
19.25 0.8 0.0205021193459
19.25 1.0 0.018631631433
22.4166666667 -1.0 0.000653211696296
22.4166666667 -0.8 0.00189253206467
22.4166666667 -0.666666666667 0.00354769184301
22.4166666667 -0.533333333333 0.00460108699265
22.4166666667 -0.4 0.00674872564858
22.4166666667 -0.266666666667 0.0094337384507
22.4166666667 -0.133333333333 0.0108105927977
22.4166666667 0.0 0.0134020839996
22.4166666667 0.133333333333 0.0143874226611
22.4166666667 0.266666666667 0.0163430192394
22.4166666667 0.4 0.0185368298399
22.4166666667 0.533333333333 0.01814103277
22.4166666667 0.666666666667 0.0172817230303
22.4166666667 0.8 0.0157631258342
22.4166666667 1.0 0.0147100686175
25.5833333333 -1.0 0.000373092922691
25.5833333333 -0.8 0.00126212233772
25.5833333333 -0.666666666667 0.00245218427057
25.5833333333 -0.533333333333 0.00345731905142
25.5833333333 -0.4 0.00497360050061
25.5833333333 -0.266666666667 0.00677037310834
25.5833333333 -0.133333333333 0.00798394810892
25.5833333333 0.0 0.00985222062249
25.5833333333 0.133333333333 0.0114190094766
25.5833333333 0.266666666667 0.0128850774888
25.5833333333 0.4 0.0130301380699
25.5833333333 0.533333333333 0.0129589927963
25.5833333333 0.666666666667 0.0137951938181
25.5833333333 0.8 0.0107099693895
25.5833333333 1.0 0.00913250652679
28.75 -1.0 0.000163310407812
28.75 -0.8 0.000770306656746
28.75 -0.666666666667 0.00140020876595
28.75 -0.533333333333 0.00221682689028
28.75 -0.4 0.00350227926336
28.75 -0.266666666667 0.00490255829836
28.75 -0.133333333333 0.00567545087063
28.75 0.0 0.00670236775508
28.75 0.133333333333 0.00875708958599
28.75 0.266666666667 0.00943358455111
28.75 0.4 0.00999333506702
28.75 0.533333333333 0.00955037019464
28.75 0.666666666667 0.00929179545299
28.75 0.8 0.00880508518618
28.75 1.0 0.00625686252772
31.9166666667 -1.0 0.000116212200778
31.9166666667 -0.8 0.000303793390358
31.9166666667 -0.666666666667 0.000980438554281
31.9166666667 -0.533333333333 0.00179773254869
31.9166666667 -0.4 0.00240437235779
31.9166666667 -0.266666666667 0.00303557784719
31.9166666667 -0.133333333333 0.00422229063746
31.9166666667 0.0 0.00572103411104
31.9166666667 0.133333333333 0.00597964561915
31.9166666667 0.266666666667 0.00749619718179
31.9166666667 0.4 0.00684365088361
31.9166666667 0.533333333333 0.00724065922921
31.9166666667 0.666666666667 0.00714427299304
31.9166666667 0.8 0.00600402665392
31.9166666667 1.0 0.00457878864319
35.0833333333 -1.0 2.31426720015e-05
35.0833333333 -0.8 0.000139891878482
35.0833333333 -0.666666666667 0.000630281637971
35.0833333333 -0.533333333333 0.00107471854945
35.0833333333 -0.4 0.00149463280059
35.0833333333 -0.266666666667 0.00226411706603
35.0833333333 -0.133333333333 0.00280217457239
35.0833333333 0.0 0.00411073604884
35.0833333333 0.133333333333 0.00462620444712
35.0833333333 0.266666666667 0.00553566274465
35.0833333333 0.4 0.00606975932719
35.0833333333 0.533333333333 0.00541664067019
35.0833333333 0.666666666667 0.00518260374614
35.0833333333 0.8 0.00467053794997
35.0833333333 1.0 0.00312806089602
38.25 -1.0 4.6650010885e-05
38.25 -0.8 0.000186678343036
38.25 -0.666666666667 0.000279975847382
38.25 -0.533333333333 0.000794543243506
38.25 -0.4 0.00121420729324
38.25 -0.266666666667 0.00144799116947
38.25 -0.133333333333 0.00182054640846
38.25 0.0 0.00282700512101
38.25 0.133333333333 0.00336287251182
38.25 0.266666666667 0.00378278654361
38.25 0.4 0.00406260239491
38.25 0.533333333333 0.00433929290941
38.25 0.666666666667 0.00373466673128
38.25 0.8 0.00289271029718
38.25 1.0 0.00214882592927
41.4166666667 -1.0 1e-05
41.4166666667 -0.8 4.6467677444e-05
41.4166666667 -0.666666666667 0.000185973147172
41.4166666667 -0.533333333333 0.0004903159766
41.4166666667 -0.4 0.000817599134479
41.4166666667 -0.266666666667 0.0010270947703
41.4166666667 -0.133333333333 0.00163412152623
41.4166666667 0.0 0.0022863965861
41.4166666667 0.133333333333 0.00200820646864
41.4166666667 0.266666666667 0.00270791644939
41.4166666667 0.4 0.00308066156259
41.4166666667 0.533333333333 0.00261421120324
41.4166666667 0.666666666667 0.00259140522528
41.4166666667 0.8 0.00245091736238
41.4166666667 1.0 0.00151742265283
44.5833333333 -1.0 1e-05
44.5833333333 -0.8 4.68023169482e-05
44.5833333333 -0.666666666667 7.01237948239e-05
44.5833333333 -0.533333333333 0.000303131611048
44.5833333333 -0.4 0.000513775003875
44.5833333333 -0.266666666667 0.000770132577635
44.5833333333 -0.133333333333 0.00112007497363
44.5833333333 0.0 0.00109666929972
44.5833333333 0.133333333333 0.0019862433369
44.5833333333 0.266666666667 0.00224307920037
44.5833333333 0.4 0.0021258962683
44.5833333333 0.533333333333 0.00238100267353
44.5833333333 0.666666666667 0.00191608594392
44.5833333333 0.8 0.00137785104981
44.5833333333 1.0 0.0010512285962
47.75 -1.0 1e-05
47.75 -0.8 2.33250054425e-05
47.75 -0.666666666667 9.33335582555e-05
47.75 -0.533333333333 0.000280352013426
47.75 -0.4 0.000187055246586
47.75 -0.266666666667 0.000537542311575
47.75 -0.133333333333 0.000607540463017
47.75 0.0 0.000817371162369
47.75 0.133333333333 0.00114421390203
47.75 0.266666666667 0.00130761144388
47.75 0.4 0.00135345046342
47.75 0.533333333333 0.00135334049853
47.75 0.666666666667 0.00126026185271
47.75 0.8 0.000863817391685
47.75 1.0 0.000770527557765
50.9166666667 -1.0 1e-05
50.9166666667 -0.8 1e-05
50.9166666667 -0.666666666667 4.6749067992e-05
50.9166666667 -0.533333333333 6.97127379473e-05
50.9166666667 -0.4 0.000209584583672
50.9166666667 -0.266666666667 0.000444157215685
50.9166666667 -0.133333333333 0.000466682117344
50.9166666667 0.0 0.00079302957968
50.9166666667 0.133333333333 0.00070079451543
50.9166666667 0.266666666667 0.00149479267194
50.9166666667 0.4 0.00147223491586
50.9166666667 0.533333333333 0.00119107978328
50.9166666667 0.666666666667 0.00090987476703
50.9166666667 0.8 0.000607218328113
50.9166666667 1.0 0.000583310651603
54.0833333333 -1.0 1e-05
54.0833333333 -0.8 1e-05
54.0833333333 -0.666666666667 4.63670400406e-05
54.0833333333 -0.533333333333 1e-05
54.0833333333 -0.4 4.66983014625e-05
54.0833333333 -0.266666666667 0.0002332726757
54.0833333333 -0.133333333333 0.000304196362843
54.0833333333 0.0 0.000373699052623
54.0833333333 0.133333333333 0.000794166405694
54.0833333333 0.266666666667 0.000770612224896
54.0833333333 0.4 0.000654320296766
54.0833333333 0.533333333333 0.00074688786911
54.0833333333 0.666666666667 0.000536205350104
54.0833333333 0.8 0.00065420511174
54.0833333333 1.0 0.000140317507465
57.25 -1.0 1e-05
57.25 -0.8 1e-05
57.25 -0.666666666667 1e-05
57.25 -0.533333333333 1e-05
57.25 -0.4 4.65460420868e-05
57.25 -0.266666666667 0.000186659804013
57.25 -0.133333333333 0.000325985403611
57.25 0.0 0.000420949661526
57.25 0.133333333333 0.000373809568453
57.25 0.266666666667 0.000536745862115
57.25 0.4 0.000584142565627
57.25 0.533333333333 0.000560228137665
57.25 0.666666666667 0.000350511133409
57.25 0.8 0.000397592110325
57.25 1.0 0.000233811148094
60.4166666667 -1.0 1e-05
60.4166666667 -0.8 1e-05
60.4166666667 -0.666666666667 1e-05
60.4166666667 -0.533333333333 1e-05
60.4166666667 -0.4 4.68255574967e-05
60.4166666667 -0.266666666667 0.00016381045872
60.4166666667 -0.133333333333 0.000163242523073
60.4166666667 0.0 0.000234167080877
60.4166666667 0.133333333333 0.000233664714746
60.4166666667 0.266666666667 0.000467357001133
60.4166666667 0.4 0.000443985037157
60.4166666667 0.533333333333 0.000467172371438
60.4166666667 0.666666666667 0.00039633730025
60.4166666667 0.8 0.000210106662785
60.4166666667 1.0 6.98950713883e-05
63.5833333333 -1.0 1e-05
63.5833333333 -0.8 1e-05
63.5833333333 -0.666666666667 1e-05
63.5833333333 -0.533333333333 1e-05
63.5833333333 -0.4 4.65355988721e-05
63.5833333333 -0.266666666667 0.000117133462741
63.5833333333 -0.133333333333 0.000117110222192
63.5833333333 0.0 0.000210284785714
63.5833333333 0.133333333333 0.000303311302579
63.5833333333 0.266666666667 0.00013980131783
63.5833333333 0.4 0.000210152559096
63.5833333333 0.533333333333 0.000210528118395
63.5833333333 0.666666666667 0.000327418295593
63.5833333333 0.8 9.34119228983e-05
63.5833333333 1.0 4.66983014625e-05
66.75 -1.0 1e-05
66.75 -0.8 1e-05
66.75 -0.666666666667 1e-05
66.75 -0.533333333333 2.33526035558e-05
66.75 -0.4 1e-05
66.75 -0.266666666667 7.01524380773e-05
66.75 -0.133333333333 9.35504054577e-05
66.75 0.0 9.33139274048e-05
66.75 0.133333333333 0.000140214239846
66.75 0.266666666667 0.000139762663483
66.75 0.4 0.000233328472741
66.75 0.533333333333 0.000163900368576
66.75 0.666666666667 0.000187009651146
66.75 0.8 0.000116462455647
66.75 1.0 4.6285344003e-05
69.9166666667 -1.0 1e-05
69.9166666667 -0.8 1e-05
69.9166666667 -0.666666666667 1e-05
69.9166666667 -0.533333333333 1e-05
69.9166666667 -0.4 1e-05
69.9166666667 -0.266666666667 2.34729539408e-05
69.9166666667 -0.133333333333 2.33456979067e-05
69.9166666667 0.0 4.67979593833e-05
69.9166666667 0.133333333333 2.33456979067e-05
69.9166666667 0.266666666667 0.00011618732104
69.9166666667 0.4 0.000140070514065
69.9166666667 0.533333333333 0.000163342120556
69.9166666667 0.666666666667 0.000139946553983
69.9166666667 0.8 7.02220219328e-05
69.9166666667 1.0 1e-05
73.0833333333 -1.0 1e-05
73.0833333333 -0.8 1e-05
73.0833333333 -0.666666666667 1e-05
73.0833333333 -0.533333333333 1e-05
73.0833333333 -0.4 1e-05
73.0833333333 -0.266666666667 2.34033700853e-05
73.0833333333 -0.133333333333 2.33456979067e-05
73.0833333333 0.0 4.69226673332e-05
73.0833333333 0.133333333333 6.99173908364e-05
73.0833333333 0.266666666667 9.33749309783e-05
73.0833333333 0.4 9.33139274048e-05
73.0833333333 0.533333333333 9.35558081625e-05
73.0833333333 0.666666666667 0.000116493509195
73.0833333333 0.8 1e-05
73.0833333333 1.0 1e-05
76.25 -1.0 1e-05
76.25 -0.8 1e-05
76.25 -0.666666666667 1e-05
76.25 -0.533333333333 1e-05
76.25 -0.4 1e-05
76.25 -0.266666666667 1e-05
76.25 -0.133333333333 1e-05
76.25 0.0 1e-05
76.25 0.133333333333 2.34033700853e-05
76.25 0.266666666667 6.99494121721e-05
76.25 0.4 4.64952755573e-05
76.25 0.533333333333 9.339464396e-05
76.25 0.666666666667 1e-05
76.25 0.8 1e-05
76.25 1.0 1e-05
79.4166666667 -1.0 1e-05
79.4166666667 -0.8 1e-05
79.4166666667 -0.666666666667 1e-05
79.4166666667 -0.533333333333 1e-05
79.4166666667 -0.4 1e-05
79.4166666667 -0.266666666667 1e-05
79.4166666667 -0.133333333333 1e-05
79.4166666667 0.0 1e-05
79.4166666667 0.133333333333 4.68530834777e-05
79.4166666667 0.266666666667 1e-05
79.4166666667 0.4 1e-05
79.4166666667 0.533333333333 2.34497133924e-05
79.4166666667 0.666666666667 4.66277381244e-05
79.4166666667 0.8 1e-05
79.4166666667 1.0 1e-05
82.5833333333 -1.0 1e-05
82.5833333333 -0.8 1e-05
82.5833333333 -0.666666666667 1e-05
82.5833333333 -0.533333333333 1e-05
82.5833333333 -0.4 1e-05
82.5833333333 -0.266666666667 1e-05
82.5833333333 -0.133333333333 1e-05
82.5833333333 0.0 1e-05
82.5833333333 0.133333333333 1e-05
82.5833333333 0.266666666667 1e-05
82.5833333333 0.4 1e-05
82.5833333333 0.533333333333 1e-05
82.5833333333 0.666666666667 1e-05
82.5833333333 0.8 1e-05
82.5833333333 1.0 1e-05
85.75 -1.0 1e-05
85.75 -0.8 1e-05
85.75 -0.666666666667 1e-05
85.75 -0.533333333333 1e-05
85.75 -0.4 1e-05
85.75 -0.266666666667 1e-05
85.75 -0.133333333333 1e-05
85.75 0.0 1e-05
85.75 0.133333333333 1e-05
85.75 0.266666666667 1e-05
85.75 0.4 1e-05
85.75 0.533333333333 1e-05
85.75 0.666666666667 1e-05
85.75 0.8 1e-05
85.75 1.0 1e-05
88.9166666667 -1.0 1e-05
88.9166666667 -0.8 1e-05
88.9166666667 -0.666666666667 1e-05
88.9166666667 -0.533333333333 1e-05
88.9166666667 -0.4 1e-05
88.9166666667 -0.266666666667 1e-05
88.9166666667 -0.133333333333 1e-05
88.9166666667 0.0 1e-05
88.9166666667 0.133333333333 1e-05
88.9166666667 0.266666666667 1e-05
88.9166666667 0.4 1e-05
88.9166666667 0.533333333333 1e-05
88.9166666667 0.666666666667 1e-05
88.9166666667 0.8 1e-05
88.9166666667 1.0 1e-05
92.0833333333 -1.0 1e-05
92.0833333333 -0.8 1e-05
92.0833333333 -0.666666666667 1e-05
92.0833333333 -0.533333333333 1e-05
92.0833333333 -0.4 1e-05
92.0833333333 -0.266666666667 1e-05
92.0833333333 -0.133333333333 1e-05
92.0833333333 0.0 1e-05
92.0833333333 0.133333333333 1e-05
92.0833333333 0.266666666667 1e-05
92.0833333333 0.4 1e-05
92.0833333333 0.533333333333 1e-05
92.0833333333 0.666666666667 1e-05
92.0833333333 0.8 1e-05
92.0833333333 1.0 1e-05
95.25 -1.0 1e-05
95.25 -0.8 1e-05
95.25 -0.666666666667 1e-05
95.25 -0.533333333333 1e-05
95.25 -0.4 1e-05
95.25 -0.266666666667 1e-05
95.25 -0.133333333333 1e-05
95.25 0.0 1e-05
95.25 0.133333333333 1e-05
95.25 0.266666666667 1e-05
95.25 0.4 1e-05
95.25 0.533333333333 1e-05
95.25 0.666666666667 1e-05
95.25 0.8 1e-05
95.25 1.0 1e-05
100.0 -1.0 1e-05
100.0 -0.8 1e-05
100.0 -0.666666666667 1e-05
100.0 -0.533333333333 1e-05
100.0 -0.4 1e-05
100.0 -0.266666666667 1e-05
100.0 -0.133333333333 1e-05
100.0 0.0 1e-05
100.0 0.133333333333 1e-05
100.0 0.266666666667 1e-05
100.0 0.4 1e-05
100.0 0.533333333333 1e-05
100.0 0.666666666667 1e-05
100.0 0.8 1e-05
100.0 1.0 1e-05
