5.0 -1.0 0.0185551577288
5.0 -0.8 0.0153354903663
5.0 -0.666666666667 0.0152583227289
5.0 -0.533333333333 0.0149170203268
5.0 -0.4 0.0160518175435
5.0 -0.266666666667 0.0153142287339
5.0 -0.133333333333 0.0159280779582
5.0 0.0 0.0151873910292
5.0 0.133333333333 0.0151763959554
5.0 0.266666666667 0.0154034481162
5.0 0.4 0.0152871007679
5.0 0.533333333333 0.0144864658705
5.0 0.666666666667 0.0150788031724
5.0 0.8 0.0155368780784
5.0 1.0 0.0188904355353
9.75 -1.0 0.0155457768006
9.75 -0.8 0.0155640294276
9.75 -0.666666666667 0.0161338277966
9.75 -0.533333333333 0.0153204200054
9.75 -0.4 0.0150245845804
9.75 -0.266666666667 0.0156214788332
9.75 -0.133333333333 0.0169086105202
9.75 0.0 0.0155407805258
9.75 0.133333333333 0.0159711790827
9.75 0.266666666667 0.0170661167341
9.75 0.4 0.0163917491434
9.75 0.533333333333 0.0155989799563
9.75 0.666666666667 0.0154392006157
9.75 0.8 0.0161480225555
9.75 1.0 0.0167135058767
12.9166666667 -1.0 0.0135585800949
12.9166666667 -0.8 0.0135861545295
12.9166666667 -0.666666666667 0.0155156707477
12.9166666667 -0.533333333333 0.0157722916686
12.9166666667 -0.4 0.016050086361
12.9166666667 -0.266666666667 0.0158355048571
12.9166666667 -0.133333333333 0.0148283895921
12.9166666667 0.0 0.0146417742183
12.9166666667 0.133333333333 0.0152790940647
12.9166666667 0.266666666667 0.0170138681996
12.9166666667 0.4 0.0147563883549
12.9166666667 0.533333333333 0.0155907259759
12.9166666667 0.666666666667 0.0152534498945
12.9166666667 0.8 0.0138845835038
12.9166666667 1.0 0.015863777728
16.0833333333 -1.0 0.0120148319877
16.0833333333 -0.8 0.0116797594075
16.0833333333 -0.666666666667 0.0132181514115
16.0833333333 -0.533333333333 0.0147249834673
16.0833333333 -0.4 0.0148107029148
16.0833333333 -0.266666666667 0.0144191210855
16.0833333333 -0.133333333333 0.0158772382496
16.0833333333 0.0 0.0163708349382
16.0833333333 0.133333333333 0.0151472217563
16.0833333333 0.266666666667 0.0154364259364
16.0833333333 0.4 0.0151380393112
16.0833333333 0.533333333333 0.0145096385649
16.0833333333 0.666666666667 0.0148630061823
16.0833333333 0.8 0.0130830652845
16.0833333333 1.0 0.0128874342269
19.25 -1.0 0.00962296981765
19.25 -0.8 0.0116945672877
19.25 -0.666666666667 0.0124163536432
19.25 -0.533333333333 0.0132217119508
19.25 -0.4 0.0134120673025
19.25 -0.266666666667 0.0147072620682
19.25 -0.133333333333 0.0138972793129
19.25 0.0 0.015348293212
19.25 0.133333333333 0.0145270423698
19.25 0.266666666667 0.0145077664263
19.25 0.4 0.0143928127692
19.25 0.533333333333 0.0142226248394
19.25 0.666666666667 0.0129145173656
19.25 0.8 0.0114037169029
19.25 1.0 0.0108257535399
22.4166666667 -1.0 0.0076153120346
22.4166666667 -0.8 0.00934165113153
22.4166666667 -0.666666666667 0.011259593872
22.4166666667 -0.533333333333 0.01153387451
22.4166666667 -0.4 0.0134072495366
22.4166666667 -0.266666666667 0.0132712982719
22.4166666667 -0.133333333333 0.0128966041639
22.4166666667 0.0 0.0134521653085
22.4166666667 0.133333333333 0.0130905244306
22.4166666667 0.266666666667 0.0124967857443
22.4166666667 0.4 0.0130631784563
22.4166666667 0.533333333333 0.0119678903684
22.4166666667 0.666666666667 0.0115179201857
22.4166666667 0.8 0.00989435942973
22.4166666667 1.0 0.00996678859282
25.5833333333 -1.0 0.00632918324039
25.5833333333 -0.8 0.00805627756704
25.5833333333 -0.666666666667 0.0101963788657
25.5833333333 -0.533333333333 0.0106706506366
25.5833333333 -0.4 0.0108286692124
25.5833333333 -0.266666666667 0.011585582559
25.5833333333 -0.133333333333 0.0113444163884
25.5833333333 0.0 0.0123016410783
25.5833333333 0.133333333333 0.011436473526
25.5833333333 0.266666666667 0.0120430120009
25.5833333333 0.4 0.0108165852939
25.5833333333 0.533333333333 0.0107911346725
25.5833333333 0.666666666667 0.00993678717307
25.5833333333 0.8 0.00871815658969
25.5833333333 1.0 0.00717633600567
28.75 -1.0 0.00634782903608
28.75 -0.8 0.00647750118031
28.75 -0.666666666667 0.00817978636245
28.75 -0.533333333333 0.00847060427253
28.75 -0.4 0.0108389359723
28.75 -0.266666666667 0.0106439756597
28.75 -0.133333333333 0.0105746331887
28.75 0.0 0.00988515583034
28.75 0.133333333333 0.0111178860748
28.75 0.266666666667 0.0107236338328
28.75 0.4 0.00913593423284
28.75 0.533333333333 0.00959022708806
28.75 0.666666666667 0.00887120790421
28.75 0.8 0.00768786944344
28.75 1.0 0.00542485136261
31.9166666667 -1.0 0.00461277528867
31.9166666667 -0.8 0.00622066174046
31.9166666667 -0.666666666667 0.00677888679169
31.9166666667 -0.533333333333 0.00710525082513
31.9166666667 -0.4 0.0086237944297
31.9166666667 -0.266666666667 0.00908506554467
31.9166666667 -0.133333333333 0.00961469549354
31.9166666667 0.0 0.00952136409614
31.9166666667 0.133333333333 0.00802196031593
31.9166666667 0.266666666667 0.00852800792999
31.9166666667 0.4 0.0085893820221
31.9166666667 0.533333333333 0.00794003042417
31.9166666667 0.666666666667 0.00785325277777
31.9166666667 0.8 0.00630924754648
31.9166666667 1.0 0.00518762557556
35.0833333333 -1.0 0.00333324500948
35.0833333333 -0.8 0.00472444029649
35.0833333333 -0.666666666667 0.00536453237881
35.0833333333 -0.533333333333 0.00677604085727
35.0833333333 -0.4 0.00698244285858
35.0833333333 -0.266666666667 0.00799159349426
35.0833333333 -0.133333333333 0.00791712808218
35.0833333333 0.0 0.0085169979824
35.0833333333 0.133333333333 0.00869605735172
35.0833333333 0.266666666667 0.00840538531719
35.0833333333 0.4 0.00717543249759
35.0833333333 0.533333333333 0.0069301161242
35.0833333333 0.666666666667 0.00603081305715
35.0833333333 0.8 0.00489038866248
35.0833333333 1.0 0.00349397996112
38.25 -1.0 0.0031210672146
38.25 -0.8 0.00414411048822
38.25 -0.666666666667 0.00486526550749
38.25 -0.533333333333 0.00558730267183
38.25 -0.4 0.00633011075329
38.25 -0.266666666667 0.00577549288207
38.25 -0.133333333333 0.00772694585801
38.25 0.0 0.00791430375818
38.25 0.133333333333 0.00663979263836
38.25 0.266666666667 0.00665528385938
38.25 0.4 0.00625935258504
38.25 0.533333333333 0.00559734622128
38.25 0.666666666667 0.00549113553425
38.25 0.8 0.00426460531537
38.25 1.0 0.00367987327898
41.4166666667 -1.0 0.00228287777673
41.4166666667 -0.8 0.00347253482832
41.4166666667 -0.666666666667 0.00397760391016
41.4166666667 -0.533333333333 0.00502745227921
41.4166666667 -0.4 0.00687252603796
41.4166666667 -0.266666666667 0.00646749741434
41.4166666667 -0.133333333333 0.00620710869399
41.4166666667 0.0 0.00633335660872
41.4166666667 0.133333333333 0.00586506243734
41.4166666667 0.266666666667 0.00674411966585
41.4166666667 0.4 0.00514894981848
41.4166666667 0.533333333333 0.0048902196348
41.4166666667 0.666666666667 0.00579767695869
41.4166666667 0.8 0.00393036177016
41.4166666667 1.0 0.00237177205485
44.5833333333 -1.0 0.00200329895843
44.5833333333 -0.8 0.0028174349164
44.5833333333 -0.666666666667 0.0037490265283
44.5833333333 -0.533333333333 0.00421524794322
44.5833333333 -0.4 0.00467009182004
44.5833333333 -0.266666666667 0.00500745757942
44.5833333333 -0.133333333333 0.00512665923856
44.5833333333 0.0 0.00614991424745
44.5833333333 0.133333333333 0.00543288879725
44.5833333333 0.266666666667 0.00528641690228
44.5833333333 0.4 0.0051694936922
44.5833333333 0.533333333333 0.00423099112528
44.5833333333 0.666666666667 0.00365715576232
44.5833333333 0.8 0.00288875218778
44.5833333333 1.0 0.00230549590279
47.75 -1.0 0.00125574539192
47.75 -0.8 0.00221043132668
47.75 -0.666666666667 0.00306937107363
47.75 -0.533333333333 0.00365620011601
47.75 -0.4 0.00470204298493
47.75 -0.266666666667 0.00455880522309
47.75 -0.133333333333 0.0045309310196
47.75 0.0 0.00549991104137
47.75 0.133333333333 0.00475420589845
47.75 0.266666666667 0.0046103491861
47.75 0.4 0.00412143671005
47.75 0.533333333333 0.0040781822887
47.75 0.666666666667 0.00383878561804
47.75 0.8 0.0022614247833
47.75 1.0 0.00146628324872
50.9166666667 -1.0 0.00118892301828
50.9166666667 -0.8 0.00188765722625
50.9166666667 -0.666666666667 0.00258772200631
50.9166666667 -0.533333333333 0.00328533189186
50.9166666667 -0.4 0.00405553963675
50.9166666667 -0.266666666667 0.00397681614357
50.9166666667 -0.133333333333 0.00388860610099
50.9166666667 0.0 0.00463481951705
50.9166666667 0.133333333333 0.00388130142288
50.9166666667 0.266666666667 0.00419604346271
50.9166666667 0.4 0.00348946366691
50.9166666667 0.533333333333 0.0035172850297
50.9166666667 0.666666666667 0.00293588015863
50.9166666667 0.8 0.00205360862021
50.9166666667 1.0 0.0014243775777
54.0833333333 -1.0 0.00116536536025
54.0833333333 -0.8 0.00174670584462
54.0833333333 -0.666666666667 0.00200488166635
54.0833333333 -0.533333333333 0.00244285400904
54.0833333333 -0.4 0.0031459190776
54.0833333333 -0.266666666667 0.0032080064757
54.0833333333 -0.133333333333 0.00438004559652
54.0833333333 0.0 0.00333316052651
54.0833333333 0.133333333333 0.00403924863613
54.0833333333 0.266666666667 0.00314215487549
54.0833333333 0.4 0.00317011652734
54.0833333333 0.533333333333 0.00286355068456
54.0833333333 0.666666666667 0.00232769552866
54.0833333333 0.8 0.00199894870289
54.0833333333 1.0 0.00128243871483
57.25 -1.0 0.000863602627091
57.25 -0.8 0.00128059300278
57.25 -0.666666666667 0.00190894953365
57.25 -0.533333333333 0.00206609220832
57.25 -0.4 0.00297864537892
57.25 -0.266666666667 0.0031013607802
57.25 -0.133333333333 0.0037771090629
57.25 0.0 0.00339830407036
57.25 0.133333333333 0.00323136406891
57.25 0.266666666667 0.00258525671957
57.25 0.4 0.00225700533872
57.25 0.533333333333 0.00251538406374
57.25 0.666666666667 0.00200477080417
57.25 0.8 0.00165288290854
57.25 1.0 0.00116599273643
60.4166666667 -1.0 0.00074625050446
60.4166666667 -0.8 0.00148845219163
60.4166666667 -0.666666666667 0.001582833489
60.4166666667 -0.533333333333 0.00177255795077
60.4166666667 -0.4 0.00209651546328
60.4166666667 -0.266666666667 0.00253974534747
60.4166666667 -0.133333333333 0.00279577261487
60.4166666667 0.0 0.00300556586886
60.4166666667 0.133333333333 0.00260947866274
60.4166666667 0.266666666667 0.00246697895119
60.4166666667 0.4 0.00220974308346
60.4166666667 0.533333333333 0.00211962461511
60.4166666667 0.666666666667 0.00167671045753
60.4166666667 0.8 0.00137051624997
60.4166666667 1.0 0.000885929551743
63.5833333333 -1.0 0.000441277331777
63.5833333333 -0.8 0.00116535949248
63.5833333333 -0.666666666667 0.00168101121874
63.5833333333 -0.533333333333 0.00181692643284
63.5833333333 -0.4 0.00207151778686
63.5833333333 -0.266666666667 0.00204846406399
63.5833333333 -0.133333333333 0.00225626802866
63.5833333333 0.0 0.00235108452968
63.5833333333 0.133333333333 0.00254297784498
63.5833333333 0.266666666667 0.00241640584231
63.5833333333 0.4 0.00204475223081
63.5833333333 0.533333333333 0.00175304489619
63.5833333333 0.666666666667 0.00146687507486
63.5833333333 0.8 0.000931227184058
63.5833333333 1.0 0.000487215818734
66.75 -1.0 0.000395702598801
66.75 -0.8 0.000885749509164
66.75 -0.666666666667 0.00116073214243
66.75 -0.533333333333 0.00168099029085
66.75 -0.4 0.0015792020433
66.75 -0.266666666667 0.00167318621254
66.75 -0.133333333333 0.00176919156959
66.75 0.0 0.00195539734073
66.75 0.133333333333 0.00216229219519
66.75 0.266666666667 0.0019826770879
66.75 0.4 0.00205406523591
66.75 0.533333333333 0.00177143133846
66.75 0.666666666667 0.000909153430928
66.75 0.8 0.000815200683873
66.75 1.0 0.000532927542188
69.9166666667 -1.0 0.000349274021517
69.9166666667 -0.8 0.000584674664173
69.9166666667 -0.666666666667 0.00107192320372
69.9166666667 -0.533333333333 0.00130562654143
69.9166666667 -0.4 0.00146909393197
69.9166666667 -0.266666666667 0.00177327430058
69.9166666667 -0.133333333333 0.00207289533441
69.9166666667 0.0 0.00184454531975
69.9166666667 0.133333333333 0.00188813231521
69.9166666667 0.266666666667 0.00149054055767
69.9166666667 0.4 0.00167840648847
69.9166666667 0.533333333333 0.00130404169733
69.9166666667 0.666666666667 0.00100125222631
69.9166666667 0.8 0.000582634019945
69.9166666667 1.0 0.000209150543982
73.0833333333 -1.0 0.00037268158695
73.0833333333 -0.8 0.000585742818581
73.0833333333 -0.666666666667 0.000885808145634
73.0833333333 -0.533333333333 0.0010036644685
73.0833333333 -0.4 0.00130339480331
73.0833333333 -0.266666666667 0.00137330995866
73.0833333333 -0.133333333333 0.00167359037433
73.0833333333 0.0 0.00162443726858
73.0833333333 0.133333333333 0.00167851878244
73.0833333333 0.266666666667 0.0013937781986
73.0833333333 0.4 0.00107127656845
73.0833333333 0.533333333333 0.00102326041505
73.0833333333 0.666666666667 0.00112036595746
73.0833333333 0.8 0.000604637324369
73.0833333333 1.0 0.000394714918185
76.25 -1.0 0.000116590416229
76.25 -0.8 0.000514547181453
76.25 -0.666666666667 0.000815498459783
76.25 -0.533333333333 0.00102665511927
76.25 -0.4 0.00149026982283
76.25 -0.266666666667 0.00153859115245
76.25 -0.133333333333 0.0016573131298
76.25 0.0 0.00102452865264
76.25 0.133333333333 0.0014450090712
76.25 0.266666666667 0.00139616943999
76.25 0.4 0.00153445301746
76.25 0.533333333333 0.00105137170816
76.25 0.666666666667 0.000743961762156
76.25 0.8 0.000609119487509
76.25 1.0 0.00032808580962
79.4166666667 -1.0 0.000162886016313
79.4166666667 -0.8 0.000535642647214
79.4166666667 -0.666666666667 0.00076666787274
79.4166666667 -0.533333333333 0.000840911984865
79.4166666667 -0.4 0.00106890136509
79.4166666667 -0.266666666667 0.00114246798749
79.4166666667 -0.133333333333 0.00132586711127
79.4166666667 0.0 0.00109570880733
79.4166666667 0.133333333333 0.00128011479897
79.4166666667 0.266666666667 0.000978527497878
79.4166666667 0.4 0.00109380428043
79.4166666667 0.533333333333 0.000858770264806
79.4166666667 0.666666666667 0.00072320593347
79.4166666667 0.8 0.000301557647921
79.4166666667 1.0 0.000277974797385
82.5833333333 -1.0 0.000161950922591
82.5833333333 -0.8 0.000256334187107
82.5833333333 -0.666666666667 0.000442796677588
82.5833333333 -0.533333333333 0.000649939104505
82.5833333333 -0.4 0.000976560062332
82.5833333333 -0.266666666667 0.000999820059322
82.5833333333 -0.133333333333 0.00102395161545
82.5833333333 0.0 0.0010463832758
82.5833333333 0.133333333333 0.00123660957162
82.5833333333 0.266666666667 0.00111310531781
82.5833333333 0.4 0.00123259008421
82.5833333333 0.533333333333 0.000629341754546
82.5833333333 0.666666666667 0.000464189811327
82.5833333333 0.8 0.000419424115974
82.5833333333 1.0 0.00028011988928
85.75 -1.0 0.000140419521631
85.75 -0.8 0.000117150535001
85.75 -0.666666666667 0.000464445599934
85.75 -0.533333333333 0.000510910591926
85.75 -0.4 0.000629584644147
85.75 -0.266666666667 0.00065174506734
85.75 -0.133333333333 0.000790018763111
85.75 0.0 0.000907199124212
85.75 0.133333333333 0.00100254756309
85.75 0.266666666667 0.00111701292269
85.75 0.4 0.000928345302744
85.75 0.533333333333 0.000837064384247
85.75 0.666666666667 0.000443328236429
85.75 0.8 0.000211035020468
85.75 1.0 0.000115479121843
88.9166666667 -1.0 9.30996353771e-05
88.9166666667 -0.8 0.000279694690153
88.9166666667 -0.666666666667 0.000372627880755
88.9166666667 -0.533333333333 0.000442029264396
88.9166666667 -0.4 0.000534411743239
88.9166666667 -0.266666666667 0.000631229160082
88.9166666667 -0.133333333333 0.000605592775208
88.9166666667 0.0 0.000861734733955
88.9166666667 0.133333333333 0.000770131067731
88.9166666667 0.266666666667 0.000695046384195
88.9166666667 0.4 0.000699523734828
88.9166666667 0.533333333333 0.000531452171672
88.9166666667 0.666666666667 0.000629235725183
88.9166666667 0.8 0.000372760355168
88.9166666667 1.0 4.55788306973e-05
92.0833333333 -1.0 4.70117365316e-05
92.0833333333 -0.8 0.000187928065394
92.0833333333 -0.666666666667 0.00027982209672
92.0833333333 -0.533333333333 0.000371286917867
92.0833333333 -0.4 0.00058482012614
92.0833333333 -0.266666666667 0.000442767730461
92.0833333333 -0.133333333333 0.000789916873945
92.0833333333 0.0 0.000931865303317
92.0833333333 0.133333333333 0.000788566714285
92.0833333333 0.266666666667 0.000770958379878
92.0833333333 0.4 0.000489122482794
92.0833333333 0.533333333333 0.000255786960381
92.0833333333 0.666666666667 0.000418407103994
92.0833333333 0.8 0.000234317281982
92.0833333333 1.0 0.000116618076947
95.25 -1.0 7.03530319274e-05
95.25 -0.8 0.000163551453067
95.25 -0.666666666667 0.00039668628069
95.25 -0.533333333333 0.000374446908027
95.25 -0.4 0.000371064111858
95.25 -0.266666666667 0.000488530061127
95.25 -0.133333333333 0.000676303210055
95.25 0.0 0.000350398027138
95.25 0.133333333333 0.000605969773202
95.25 0.266666666667 0.000652211062765
95.25 0.4 0.000583181283349
95.25 0.533333333333 0.000373588314773
95.25 0.666666666667 0.000371312891218
95.25 0.8 0.000139656725872
95.25 1.0 6.89845966071e-05
100.0 -1.0 4.57666796384e-05
100.0 -0.8 0.000163864002933
100.0 -0.666666666667 0.000280645759526
100.0 -0.533333333333 0.00037336757035
100.0 -0.4 0.000533938754699
100.0 -0.266666666667 0.000580949437988
100.0 -0.133333333333 0.000442585194569
100.0 0.0 0.000253951014547
100.0 0.133333333333 0.000466288175513
100.0 0.266666666667 0.000490001012821
100.0 0.4 0.000395271911675
100.0 0.533333333333 0.000372496589534
100.0 0.666666666667 0.000209934181245
100.0 0.8 0.000255358223645
100.0 1.0 2.35898511218e-05
