5.0 -1.0 0.0232853700421
5.0 -0.8 0.0191378701787
5.0 -0.666666666667 0.0185465657602
5.0 -0.533333333333 0.018112027162
5.0 -0.4 0.0170412262973
5.0 -0.266666666667 0.0164131133206
5.0 -0.133333333333 0.0164635506242
5.0 0.0 0.0154854956243
5.0 0.133333333333 0.0143999516493
5.0 0.266666666667 0.0145264158066
5.0 0.4 0.0140017247946
5.0 0.533333333333 0.0138548722022
5.0 0.666666666667 0.0122505373274
5.0 0.8 0.0112253226599
5.0 1.0 0.0116629904622
9.75 -1.0 0.0240429731815
9.75 -0.8 0.0190775152497
9.75 -0.666666666667 0.019443073784
9.75 -0.533333333333 0.0185500447576
9.75 -0.4 0.0178373533197
9.75 -0.266666666667 0.0166112665264
9.75 -0.133333333333 0.0174564548659
9.75 0.0 0.0159624606499
9.75 0.133333333333 0.0151591892664
9.75 0.266666666667 0.0150249786633
9.75 0.4 0.0135260611965
9.75 0.533333333333 0.0132335414186
9.75 0.666666666667 0.0120631707444
9.75 0.8 0.0112487986548
9.75 1.0 0.00975138017529
12.9166666667 -1.0 0.0223597784326
12.9166666667 -0.8 0.0189235766582
12.9166666667 -0.666666666667 0.018958131423
12.9166666667 -0.533333333333 0.0189557212795
12.9166666667 -0.4 0.0169651983653
12.9166666667 -0.266666666667 0.0171298975026
12.9166666667 -0.133333333333 0.0157488865817
12.9166666667 0.0 0.0149774180507
12.9166666667 0.133333333333 0.0152588718792
12.9166666667 0.266666666667 0.0142284682092
12.9166666667 0.4 0.0132733369503
12.9166666667 0.533333333333 0.0116967832084
12.9166666667 0.666666666667 0.0113384085345
12.9166666667 0.8 0.00964317047066
12.9166666667 1.0 0.00797269224457
16.0833333333 -1.0 0.0210367373649
16.0833333333 -0.8 0.0186127031082
16.0833333333 -0.666666666667 0.0188721421402
16.0833333333 -0.533333333333 0.0171323240732
16.0833333333 -0.4 0.0164880646248
16.0833333333 -0.266666666667 0.0162314012413
16.0833333333 -0.133333333333 0.0153199613867
16.0833333333 0.0 0.0153004450079
16.0833333333 0.133333333333 0.014367673088
16.0833333333 0.266666666667 0.0136928076785
16.0833333333 0.4 0.0123887893014
16.0833333333 0.533333333333 0.0114311864402
16.0833333333 0.666666666667 0.00894310544297
16.0833333333 0.8 0.00813958624635
16.0833333333 1.0 0.00622352757979
19.25 -1.0 0.0185167102512
19.25 -0.8 0.0182782944827
19.25 -0.666666666667 0.017173070663
19.25 -0.533333333333 0.0152924834549
19.25 -0.4 0.0161639550627
19.25 -0.266666666667 0.0159072725468
19.25 -0.133333333333 0.0148474371656
19.25 0.0 0.0138559086614
19.25 0.133333333333 0.0126578431959
19.25 0.266666666667 0.0128808919613
19.25 0.4 0.0109658684401
19.25 0.533333333333 0.00989913919989
19.25 0.666666666667 0.00851471337577
19.25 0.8 0.00718337684345
19.25 1.0 0.00497777350339
22.4166666667 -1.0 0.0160795757249
22.4166666667 -0.8 0.0154114002149
22.4166666667 -0.666666666667 0.0158033734153
22.4166666667 -0.533333333333 0.0150115634882
22.4166666667 -0.4 0.0154562694331
22.4166666667 -0.266666666667 0.0138754814259
22.4166666667 -0.133333333333 0.0130244968938
22.4166666667 0.0 0.0135258014663
22.4166666667 0.133333333333 0.0114304515577
22.4166666667 0.266666666667 0.0105740452855
22.4166666667 0.4 0.0096707296149
22.4166666667 0.533333333333 0.00871530510715
22.4166666667 0.666666666667 0.00695468704006
22.4166666667 0.8 0.00540123730644
22.4166666667 1.0 0.00384077806288
25.5833333333 -1.0 0.0137504418852
25.5833333333 -0.8 0.0125336993609
25.5833333333 -0.666666666667 0.0136264335917
25.5833333333 -0.533333333333 0.0135869268207
25.5833333333 -0.4 0.0136442764042
25.5833333333 -0.266666666667 0.0125415664167
25.5833333333 -0.133333333333 0.0118749938749
25.5833333333 0.0 0.0121210339143
25.5833333333 0.133333333333 0.010174949297
25.5833333333 0.266666666667 0.00932734086714
25.5833333333 0.4 0.00799653428968
25.5833333333 0.533333333333 0.00749608432269
25.5833333333 0.666666666667 0.00593492609727
25.5833333333 0.8 0.00466600427726
25.5833333333 1.0 0.00295607339004
28.75 -1.0 0.0116502867172
28.75 -0.8 0.0123408332175
28.75 -0.666666666667 0.0112188874441
28.75 -0.533333333333 0.0128612190411
28.75 -0.4 0.0111877467947
28.75 -0.266666666667 0.0116642608145
28.75 -0.133333333333 0.0111926810935
28.75 0.0 0.00977778582703
28.75 0.133333333333 0.00987801725685
28.75 0.266666666667 0.00785122646626
28.75 0.4 0.00734009187344
28.75 0.533333333333 0.00584483276747
28.75 0.666666666667 0.00489557632642
28.75 0.8 0.00386359825256
28.75 1.0 0.00240298754843
31.9166666667 -1.0 0.00949592097797
31.9166666667 -0.8 0.00994550741863
31.9166666667 -0.666666666667 0.0108958788676
31.9166666667 -0.533333333333 0.00999128509359
31.9166666667 -0.4 0.00980599286668
31.9166666667 -0.266666666667 0.0106665837585
31.9166666667 -0.133333333333 0.00910830340648
31.9166666667 0.0 0.00923690350466
31.9166666667 0.133333333333 0.00801407464136
31.9166666667 0.266666666667 0.00736288479111
31.9166666667 0.4 0.00584584915598
31.9166666667 0.533333333333 0.00468938747372
31.9166666667 0.666666666667 0.00453691422952
31.9166666667 0.8 0.00272379885947
31.9166666667 1.0 0.00167271575672
35.0833333333 -1.0 0.00846061275335
35.0833333333 -0.8 0.00826310131742
35.0833333333 -0.666666666667 0.00855423650267
35.0833333333 -0.533333333333 0.00956527951812
35.0833333333 -0.4 0.00903258269342
35.0833333333 -0.266666666667 0.0092751227767
35.0833333333 -0.133333333333 0.00750136957426
35.0833333333 0.0 0.00717363031601
35.0833333333 0.133333333333 0.00678070897074
35.0833333333 0.266666666667 0.00621348637139
35.0833333333 0.4 0.0051062187582
35.0833333333 0.533333333333 0.00452122943086
35.0833333333 0.666666666667 0.0031481827061
35.0833333333 0.8 0.00225611214914
35.0833333333 1.0 0.00137672009252
38.25 -1.0 0.00657502231125
38.25 -0.8 0.00703877050077
38.25 -0.666666666667 0.00830292783642
38.25 -0.533333333333 0.00768284840177
38.25 -0.4 0.00831658188541
38.25 -0.266666666667 0.00616784742484
38.25 -0.133333333333 0.00785810795837
38.25 0.0 0.00652434770373
38.25 0.133333333333 0.0063150632707
38.25 0.266666666667 0.00576864592115
38.25 0.4 0.00398143524335
38.25 0.533333333333 0.00378962367782
38.25 0.666666666667 0.00291450775037
38.25 0.8 0.00158415006019
38.25 1.0 0.00123210862021
41.4166666667 -1.0 0.00653934792321
41.4166666667 -0.8 0.00730551809698
41.4166666667 -0.666666666667 0.00682233186173
41.4166666667 -0.533333333333 0.00672549649073
41.4166666667 -0.4 0.00705344376516
41.4166666667 -0.266666666667 0.00661633727636
41.4166666667 -0.133333333333 0.0064665756609
41.4166666667 0.0 0.00553078401087
41.4166666667 0.133333333333 0.00626758438337
41.4166666667 0.266666666667 0.00468405407757
41.4166666667 0.4 0.00370523721751
41.4166666667 0.533333333333 0.00297830193878
41.4166666667 0.666666666667 0.00211727614943
41.4166666667 0.8 0.00181156778077
41.4166666667 1.0 0.000765263256253
44.5833333333 -1.0 0.00528942797158
44.5833333333 -0.8 0.00523703315269
44.5833333333 -0.666666666667 0.00613539787232
44.5833333333 -0.533333333333 0.00622030018437
44.5833333333 -0.4 0.0062005806364
44.5833333333 -0.266666666667 0.0062817452227
44.5833333333 -0.133333333333 0.00451329201772
44.5833333333 0.0 0.00507143786233
44.5833333333 0.133333333333 0.00472891853385
44.5833333333 0.266666666667 0.00386358663326
44.5833333333 0.4 0.0036290940959
44.5833333333 0.533333333333 0.00248700135638
44.5833333333 0.666666666667 0.00151554730115
44.5833333333 0.8 0.00100156880421
44.5833333333 1.0 0.000535393956862
47.75 -1.0 0.00461215503425
47.75 -0.8 0.00491557287176
47.75 -0.666666666667 0.0051402704069
47.75 -0.533333333333 0.00489824275418
47.75 -0.4 0.00572109877224
47.75 -0.266666666667 0.00476884404233
47.75 -0.133333333333 0.0054455280288
47.75 0.0 0.00361361569112
47.75 0.133333333333 0.00462080303004
47.75 0.266666666667 0.00314340760494
47.75 0.4 0.00277145477685
47.75 0.533333333333 0.0020499260049
47.75 0.666666666667 0.0014905490299
47.75 0.8 0.000840109839961
47.75 1.0 0.000582528022415
50.9166666667 -1.0 0.00365812520566
50.9166666667 -0.8 0.00413954454074
50.9166666667 -0.666666666667 0.00447349534714
50.9166666667 -0.533333333333 0.00493285692138
50.9166666667 -0.4 0.00395644381383
50.9166666667 -0.266666666667 0.00489044084713
50.9166666667 -0.133333333333 0.00408347775955
50.9166666667 0.0 0.00456592722193
50.9166666667 0.133333333333 0.00309575005482
50.9166666667 0.266666666667 0.00298069725415
50.9166666667 0.4 0.0022360592872
50.9166666667 0.533333333333 0.00158569472513
50.9166666667 0.666666666667 0.00100602733877
50.9166666667 0.8 0.000861619863608
50.9166666667 1.0 0.000537215298743
54.0833333333 -1.0 0.00305024794255
54.0833333333 -0.8 0.00312624421975
54.0833333333 -0.666666666667 0.00372074676069
54.0833333333 -0.533333333333 0.00445496593887
54.0833333333 -0.4 0.00412403519221
54.0833333333 -0.266666666667 0.00367751742114
54.0833333333 -0.133333333333 0.00338044604567
54.0833333333 0.0 0.00330739932027
54.0833333333 0.133333333333 0.00302435900775
54.0833333333 0.266666666667 0.00275416667643
54.0833333333 0.4 0.00241917073237
54.0833333333 0.533333333333 0.00116560883909
54.0833333333 0.666666666667 0.000909657862718
54.0833333333 0.8 0.00065094419273
54.0833333333 1.0 0.000485582074261
57.25 -1.0 0.00221505380685
57.25 -0.8 0.0029719186946
57.25 -0.666666666667 0.00316869692972
57.25 -0.533333333333 0.00325891739939
57.25 -0.4 0.00377318743472
57.25 -0.266666666667 0.00353896975985
57.25 -0.133333333333 0.00276662715241
57.25 0.0 0.00293969665084
57.25 0.133333333333 0.00288392077299
57.25 0.266666666667 0.00249349555284
57.25 0.4 0.00160727724072
57.25 0.533333333333 0.00137843629232
57.25 0.666666666667 0.00113917188603
57.25 0.8 0.000394268959342
57.25 1.0 0.000257674771676
60.4166666667 -1.0 0.0025603079931
60.4166666667 -0.8 0.00272673657566
60.4166666667 -0.666666666667 0.0033978170458
60.4166666667 -0.533333333333 0.00286541490858
60.4166666667 -0.4 0.002674966212
60.4166666667 -0.266666666667 0.00254192091597
60.4166666667 -0.133333333333 0.00244361652087
60.4166666667 0.0 0.00272638309107
60.4166666667 0.133333333333 0.00204597922112
60.4166666667 0.266666666667 0.00179532273152
60.4166666667 0.4 0.0015153110057
60.4166666667 0.533333333333 0.000886313144183
60.4166666667 0.666666666667 0.00081542180739
60.4166666667 0.8 0.000255419594301
60.4166666667 1.0 0.000115744234819
63.5833333333 -1.0 0.00180673797978
63.5833333333 -0.8 0.00226089892251
63.5833333333 -0.666666666667 0.00216517063882
63.5833333333 -0.533333333333 0.0030285093952
63.5833333333 -0.4 0.00253939173379
63.5833333333 -0.266666666667 0.00247563918227
63.5833333333 -0.133333333333 0.00237038899575
63.5833333333 0.0 0.0016786714374
63.5833333333 0.133333333333 0.00195514740084
63.5833333333 0.266666666667 0.0018180965593
63.5833333333 0.4 0.00121054183625
63.5833333333 0.533333333333 0.00109193059716
63.5833333333 0.666666666667 0.000536900692194
63.5833333333 0.8 0.000465983476016
63.5833333333 1.0 7.03989297046e-05
66.75 -1.0 0.00148969710836
66.75 -0.8 0.00186267176035
66.75 -0.666666666667 0.00237304865929
66.75 -0.533333333333 0.00202745760134
66.75 -0.4 0.00235081731789
66.75 -0.266666666667 0.00202336305076
66.75 -0.133333333333 0.00214001339486
66.75 0.0 0.00181932065328
66.75 0.133333333333 0.00162975756857
66.75 0.266666666667 0.00116463633438
66.75 0.4 0.000794862010882
66.75 0.533333333333 0.000581723521939
66.75 0.666666666667 0.000697432684182
66.75 0.8 0.000233783301893
66.75 1.0 0.000139314253882
69.9166666667 -1.0 0.00116708506799
69.9166666667 -0.8 0.00139192693981
69.9166666667 -0.666666666667 0.00170161941935
69.9166666667 -0.533333333333 0.00160745794204
69.9166666667 -0.4 0.00205279017731
69.9166666667 -0.266666666667 0.00221655885749
69.9166666667 -0.133333333333 0.00170106989598
69.9166666667 0.0 0.00172569418317
69.9166666667 0.133333333333 0.00175299104352
69.9166666667 0.266666666667 0.00128328545125
69.9166666667 0.4 0.000908344722139
69.9166666667 0.533333333333 0.000511104596972
69.9166666667 0.666666666667 0.00034887908268
69.9166666667 0.8 0.000186500488345
69.9166666667 1.0 7.01572984393e-05
73.0833333333 -1.0 0.000981464719099
73.0833333333 -0.8 0.0014684113458
73.0833333333 -0.666666666667 0.0016733036752
73.0833333333 -0.533333333333 0.00195219611531
73.0833333333 -0.4 0.00148917072947
73.0833333333 -0.266666666667 0.00199901495594
73.0833333333 -0.133333333333 0.00179409518203
73.0833333333 0.0 0.00148593861392
73.0833333333 0.133333333333 0.00083996410175
73.0833333333 0.266666666667 0.000816210488116
73.0833333333 0.4 0.000676809843394
73.0833333333 0.533333333333 0.000441909486937
73.0833333333 0.666666666667 0.000303603864734
73.0833333333 0.8 0.000187088467374
73.0833333333 1.0 1e-05
76.25 -1.0 0.00123673654086
76.25 -0.8 0.00139982479458
76.25 -0.666666666667 0.00149074995755
76.25 -0.533333333333 0.00118894319715
76.25 -0.4 0.00162570978839
76.25 -0.266666666667 0.00153776820658
76.25 -0.133333333333 0.00156341691816
76.25 0.0 0.00123768568313
76.25 0.133333333333 0.00130713965307
76.25 0.266666666667 0.000814771653481
76.25 0.4 0.000721719095119
76.25 0.533333333333 0.000560675948228
76.25 0.666666666667 0.0003510605413
76.25 0.8 0.000210387966248
76.25 1.0 4.55742867066e-05
79.4166666667 -1.0 0.000742226195799
79.4166666667 -0.8 0.0010256374885
79.4166666667 -0.666666666667 0.00118659901218
79.4166666667 -0.533333333333 0.00118691353652
79.4166666667 -0.4 0.00151124123711
79.4166666667 -0.266666666667 0.00120966296567
79.4166666667 -0.133333333333 0.00156220867267
79.4166666667 0.0 0.00102949451127
79.4166666667 0.133333333333 0.00102505573316
79.4166666667 0.266666666667 0.000675233998063
79.4166666667 0.4 0.000673198510527
79.4166666667 0.533333333333 0.000299679084866
79.4166666667 0.666666666667 0.000185216264444
79.4166666667 0.8 0.000140641802398
79.4166666667 1.0 1e-05
82.5833333333 -1.0 0.000699716395894
82.5833333333 -0.8 0.00123619428044
82.5833333333 -0.666666666667 0.00128106924351
82.5833333333 -0.533333333333 0.00127904901016
82.5833333333 -0.4 0.000954718133479
82.5833333333 -0.266666666667 0.00125533061367
82.5833333333 -0.133333333333 0.000810641675831
82.5833333333 0.0 0.000789416866507
82.5833333333 0.133333333333 0.000742624968303
82.5833333333 0.266666666667 0.000652660575034
82.5833333333 0.4 0.000697520513097
82.5833333333 0.533333333333 0.000372898223805
82.5833333333 0.666666666667 4.47589729308e-05
82.5833333333 0.8 6.9684781486e-05
82.5833333333 1.0 4.68321953102e-05
85.75 -1.0 0.000720806910808
85.75 -0.8 0.0007179540073
85.75 -0.666666666667 0.000792429577137
85.75 -0.533333333333 0.000979252181031
85.75 -0.4 0.000812926218482
85.75 -0.266666666667 0.00113821140882
85.75 -0.133333333333 0.000862833053894
85.75 0.0 0.000837197907866
85.75 0.133333333333 0.000534842614176
85.75 0.266666666667 0.000514092702696
85.75 0.4 0.000374637705959
85.75 0.533333333333 0.000325001222989
85.75 0.666666666667 0.00020951889423
85.75 0.8 4.65819934142e-05
85.75 1.0 1e-05
88.9166666667 -1.0 0.000467435959173
88.9166666667 -0.8 0.000535459445024
88.9166666667 -0.666666666667 0.000651254663733
88.9166666667 -0.533333333333 0.0010909728791
88.9166666667 -0.4 0.000930831080952
88.9166666667 -0.266666666667 0.000819640536889
88.9166666667 -0.133333333333 0.000723311130528
88.9166666667 0.0 0.000674075929613
88.9166666667 0.133333333333 0.000487904163382
88.9166666667 0.266666666667 0.000442323441247
88.9166666667 0.4 0.000207906955354
88.9166666667 0.533333333333 0.000323742293203
88.9166666667 0.666666666667 0.000140300533841
88.9166666667 0.8 6.89891405977e-05
88.9166666667 1.0 1e-05
92.0833333333 -1.0 0.000301645176973
92.0833333333 -0.8 0.000651037706346
92.0833333333 -0.666666666667 0.000558153476819
92.0833333333 -0.533333333333 0.000791826179411
92.0833333333 -0.4 0.000885796630173
92.0833333333 -0.266666666667 0.000955626384694
92.0833333333 -0.133333333333 0.000628728035306
92.0833333333 0.0 0.000629350260674
92.0833333333 0.133333333333 0.000350718704222
92.0833333333 0.266666666667 0.0003507200197
92.0833333333 0.4 0.000233062713935
92.0833333333 0.533333333333 0.000185085961557
92.0833333333 0.666666666667 9.38475303234e-05
92.0833333333 0.8 7.04022702609e-05
92.0833333333 1.0 2.31948002412e-05
95.25 -1.0 0.000233334610023
95.25 -0.8 0.000489031706192
95.25 -0.666666666667 0.000557517467535
95.25 -0.533333333333 0.000651768196086
95.25 -0.4 0.000628834168368
95.25 -0.266666666667 0.00058242765623
95.25 -0.133333333333 0.00069829145352
95.25 0.0 0.00053736098799
95.25 0.133333333333 0.000396184592505
95.25 0.266666666667 0.0003027524164
95.25 0.4 0.000281161169265
95.25 0.533333333333 0.000164158930976
95.25 0.666666666667 9.33944125534e-05
95.25 0.8 4.6820619801e-05
95.25 1.0 2.31993442319e-05
100.0 -1.0 0.000117199666276
100.0 -0.8 0.000534568655891
100.0 -0.666666666667 0.000397022606166
100.0 -0.533333333333 0.000465986247755
100.0 -0.4 0.000535784148312
100.0 -0.266666666667 0.000486871314869
100.0 -0.133333333333 0.000509872477547
100.0 0.0 0.000557118731553
100.0 0.133333333333 0.000512379657104
100.0 0.266666666667 0.000351167809733
100.0 0.4 0.000117145883952
100.0 0.533333333333 0.000186970389486
100.0 0.666666666667 6.90849773694e-05
100.0 0.8 4.68357937919e-05
100.0 1.0 1e-05
