5.0 -1.0 0.0226283500467
5.0 -0.8 0.0185412017996
5.0 -0.666666666667 0.0167975493006
5.0 -0.533333333333 0.0158088387425
5.0 -0.4 0.0157078937608
5.0 -0.266666666667 0.0158010831777
5.0 -0.133333333333 0.0146513835091
5.0 0.0 0.0142854276656
5.0 0.133333333333 0.0142635403729
5.0 0.266666666667 0.0131666984427
5.0 0.4 0.0122845259565
5.0 0.533333333333 0.011691529853
5.0 0.666666666667 0.0117143919593
5.0 0.8 0.0111673864201
5.0 1.0 0.0110274477205
9.75 -1.0 0.022259767314
9.75 -0.8 0.0189260290718
9.75 -0.666666666667 0.0178772603369
9.75 -0.533333333333 0.0167025240243
9.75 -0.4 0.0157132615484
9.75 -0.266666666667 0.0151586348116
9.75 -0.133333333333 0.0150237788166
9.75 0.0 0.015549659603
9.75 0.133333333333 0.0139883662494
9.75 0.266666666667 0.0135511539396
9.75 0.4 0.0134168185672
9.75 0.533333333333 0.0117851144014
9.75 0.666666666667 0.0116032424586
9.75 0.8 0.00974199774287
9.75 1.0 0.00927716753981
12.9166666667 -1.0 0.0222414159673
12.9166666667 -0.8 0.0194345249889
12.9166666667 -0.666666666667 0.018303096778
12.9166666667 -0.533333333333 0.016581123881
12.9166666667 -0.4 0.0165202066286
12.9166666667 -0.266666666667 0.0168876642375
12.9166666667 -0.133333333333 0.0153030438348
12.9166666667 0.0 0.0144697535948
12.9166666667 0.133333333333 0.0139931822009
12.9166666667 0.266666666667 0.0133904270404
12.9166666667 0.4 0.0130956544968
12.9166666667 0.533333333333 0.0111370855126
12.9166666667 0.666666666667 0.0112355227485
12.9166666667 0.8 0.00939180961547
12.9166666667 1.0 0.00799434707748
16.0833333333 -1.0 0.0209075615842
16.0833333333 -0.8 0.0179825498219
16.0833333333 -0.666666666667 0.0174713007387
16.0833333333 -0.533333333333 0.0166995673465
16.0833333333 -0.4 0.0157838816546
16.0833333333 -0.266666666667 0.0147430621167
16.0833333333 -0.133333333333 0.0149583346557
16.0833333333 0.0 0.0138064956461
16.0833333333 0.133333333333 0.0136896999679
16.0833333333 0.266666666667 0.0123852281297
16.0833333333 0.4 0.0119004032644
16.0833333333 0.533333333333 0.0108383186323
16.0833333333 0.666666666667 0.00980706739243
16.0833333333 0.8 0.0080608316268
16.0833333333 1.0 0.00604050343457
19.25 -1.0 0.0181929723991
19.25 -0.8 0.0168839603797
19.25 -0.666666666667 0.0159866927883
19.25 -0.533333333333 0.0157522127923
19.25 -0.4 0.0166082773488
19.25 -0.266666666667 0.0156388179897
19.25 -0.133333333333 0.0148835868468
19.25 0.0 0.0141112783991
19.25 0.133333333333 0.012891073843
19.25 0.266666666667 0.0112300611347
19.25 0.4 0.0103606217512
19.25 0.533333333333 0.00960674820803
19.25 0.666666666667 0.00797104932327
19.25 0.8 0.00721225267802
19.25 1.0 0.00459375182584
22.4166666667 -1.0 0.0169134542326
22.4166666667 -0.8 0.0159915820631
22.4166666667 -0.666666666667 0.0158759826662
22.4166666667 -0.533333333333 0.0145656526359
22.4166666667 -0.4 0.0140580568638
22.4166666667 -0.266666666667 0.0141724470461
22.4166666667 -0.133333333333 0.0124939312954
22.4166666667 0.0 0.0132984680218
22.4166666667 0.133333333333 0.0121977665039
22.4166666667 0.266666666667 0.0105217597074
22.4166666667 0.4 0.00912087586696
22.4166666667 0.533333333333 0.00780723523752
22.4166666667 0.666666666667 0.006203916342
22.4166666667 0.8 0.00527792397866
22.4166666667 1.0 0.00430122605665
25.5833333333 -1.0 0.0131654092208
25.5833333333 -0.8 0.0138712730029
25.5833333333 -0.666666666667 0.0139437638515
25.5833333333 -0.533333333333 0.0131621859344
25.5833333333 -0.4 0.0131401910768
25.5833333333 -0.266666666667 0.0125194352619
25.5833333333 -0.133333333333 0.0113177175038
25.5833333333 0.0 0.011399770501
25.5833333333 0.133333333333 0.00989723720587
25.5833333333 0.266666666667 0.00962564270302
25.5833333333 0.4 0.0088463258496
25.5833333333 0.533333333333 0.0069624124524
25.5833333333 0.666666666667 0.00576404038371
25.5833333333 0.8 0.00447930522183
25.5833333333 1.0 0.0031688176633
28.75 -1.0 0.0125457353777
28.75 -0.8 0.0120123197224
28.75 -0.666666666667 0.0113690223969
28.75 -0.533333333333 0.0118800822909
28.75 -0.4 0.0111398639605
28.75 -0.266666666667 0.0113495389553
28.75 -0.133333333333 0.0109619683962
28.75 0.0 0.00925480642566
28.75 0.133333333333 0.00937360417547
28.75 0.266666666667 0.00810832404308
28.75 0.4 0.00733040130612
28.75 0.533333333333 0.0072101908872
28.75 0.666666666667 0.00489255626345
28.75 0.8 0.00395176159404
28.75 1.0 0.00289510777264
31.9166666667 -1.0 0.00953428191448
31.9166666667 -0.8 0.0115109284386
31.9166666667 -0.666666666667 0.0109791703343
31.9166666667 -0.533333333333 0.0112869937638
31.9166666667 -0.4 0.0102408217912
31.9166666667 -0.266666666667 0.0103122869505
31.9166666667 -0.133333333333 0.00916745333474
31.9166666667 0.0 0.00840767333204
31.9166666667 0.133333333333 0.00835952888962
31.9166666667 0.266666666667 0.00682309177955
31.9166666667 0.4 0.00625040087631
31.9166666667 0.533333333333 0.00502918435429
31.9166666667 0.666666666667 0.00447883351152
31.9166666667 0.8 0.00328411155255
31.9166666667 1.0 0.00215972895236
35.0833333333 -1.0 0.00925587121449
35.0833333333 -0.8 0.00955570355471
35.0833333333 -0.666666666667 0.00911876016973
35.0833333333 -0.533333333333 0.00964772145754
35.0833333333 -0.4 0.00932511710557
35.0833333333 -0.266666666667 0.00863366537023
35.0833333333 -0.133333333333 0.00811080758524
35.0833333333 0.0 0.00734935627362
35.0833333333 0.133333333333 0.00734881464559
35.0833333333 0.266666666667 0.00635907384909
35.0833333333 0.4 0.00519028393219
35.0833333333 0.533333333333 0.00420560019743
35.0833333333 0.666666666667 0.00397294841759
35.0833333333 0.8 0.00229847072473
35.0833333333 1.0 0.00163009183601
38.25 -1.0 0.006615284801
38.25 -0.8 0.00829519706412
38.25 -0.666666666667 0.00847629893428
38.25 -0.533333333333 0.00769563623181
38.25 -0.4 0.00817661818668
38.25 -0.266666666667 0.00792637778519
38.25 -0.133333333333 0.00762691057832
38.25 0.0 0.00677328624723
38.25 0.133333333333 0.00590448542357
38.25 0.266666666667 0.0057425837435
38.25 0.4 0.00477682901632
38.25 0.533333333333 0.00450226882762
38.25 0.666666666667 0.00312151924101
38.25 0.8 0.00213415892036
38.25 1.0 0.00144835027397
41.4166666667 -1.0 0.00651916996218
41.4166666667 -0.8 0.0067283376941
41.4166666667 -0.666666666667 0.00725747650351
41.4166666667 -0.533333333333 0.00718656658053
41.4166666667 -0.4 0.0071836445875
41.4166666667 -0.266666666667 0.00737266858313
41.4166666667 -0.133333333333 0.00689137051255
41.4166666667 0.0 0.0060404950109
41.4166666667 0.133333333333 0.00553785079937
41.4166666667 0.266666666667 0.00507326704809
41.4166666667 0.4 0.00429512957091
41.4166666667 0.533333333333 0.00358684356837
41.4166666667 0.666666666667 0.00282596775887
41.4166666667 0.8 0.00190759566973
41.4166666667 1.0 0.00110267875495
44.5833333333 -1.0 0.00553348289029
44.5833333333 -0.8 0.00561057543855
44.5833333333 -0.666666666667 0.0059528869279
44.5833333333 -0.533333333333 0.00741931629737
44.5833333333 -0.4 0.00583470636862
44.5833333333 -0.266666666667 0.00650215987823
44.5833333333 -0.133333333333 0.00601443609835
44.5833333333 0.0 0.00477528612609
44.5833333333 0.133333333333 0.00454874514821
44.5833333333 0.266666666667 0.0041089899157
44.5833333333 0.4 0.00333101494163
44.5833333333 0.533333333333 0.00301015519586
44.5833333333 0.666666666667 0.00209051368854
44.5833333333 0.8 0.00133084089433
44.5833333333 1.0 0.000552067464218
47.75 -1.0 0.00448306452461
47.75 -0.8 0.00489254223483
47.75 -0.666666666667 0.0056291624431
47.75 -0.533333333333 0.00596989752068
47.75 -0.4 0.0054221000926
47.75 -0.266666666667 0.00493946205839
47.75 -0.133333333333 0.00477487080859
47.75 0.0 0.00445451973325
47.75 0.133333333333 0.00402217393824
47.75 0.266666666667 0.00420461155125
47.75 0.4 0.00307853276977
47.75 0.533333333333 0.00199657440002
47.75 0.666666666667 0.00169913447058
47.75 0.8 0.00112581850964
47.75 1.0 0.000459775436232
50.9166666667 -1.0 0.00379229795282
50.9166666667 -0.8 0.00402160505606
50.9166666667 -0.666666666667 0.00461551638771
50.9166666667 -0.533333333333 0.00477642116323
50.9166666667 -0.4 0.00546834589077
50.9166666667 -0.266666666667 0.00424901297788
50.9166666667 -0.133333333333 0.0046150070265
50.9166666667 0.0 0.00362937327577
50.9166666667 0.133333333333 0.00353695926657
50.9166666667 0.266666666667 0.00319313018862
50.9166666667 0.4 0.00252834831942
50.9166666667 0.533333333333 0.00192837570286
50.9166666667 0.666666666667 0.00149439192654
50.9166666667 0.8 0.000781720442766
50.9166666667 1.0 0.000459414084747
54.0833333333 -1.0 0.00353770881405
54.0833333333 -0.8 0.00427190786375
54.0833333333 -0.666666666667 0.00488864184759
54.0833333333 -0.533333333333 0.00388151068076
54.0833333333 -0.4 0.00395202104705
54.0833333333 -0.266666666667 0.00427035766601
54.0833333333 -0.133333333333 0.00376502737865
54.0833333333 0.0 0.00339932826389
54.0833333333 0.133333333333 0.00284758956401
54.0833333333 0.266666666667 0.00282262659366
54.0833333333 0.4 0.0024364507979
54.0833333333 0.533333333333 0.00174611443926
54.0833333333 0.666666666667 0.00142363248731
54.0833333333 0.8 0.000573641958404
54.0833333333 1.0 0.000550660600145
57.25 -1.0 0.00310221131314
57.25 -0.8 0.00326264941954
57.25 -0.666666666667 0.00353898956584
57.25 -0.533333333333 0.00411201833258
57.25 -0.4 0.00418236881643
57.25 -0.266666666667 0.00383572453083
57.25 -0.133333333333 0.00330993440599
57.25 0.0 0.00339747685142
57.25 0.133333333333 0.00248226884152
57.25 0.266666666667 0.00211452493901
57.25 0.4 0.00204350259024
57.25 0.533333333333 0.00163077262086
57.25 0.666666666667 0.00101186112051
57.25 0.8 0.000736167381071
57.25 1.0 0.000252562582029
60.4166666667 -1.0 0.00250187672607
60.4166666667 -0.8 0.00277793616117
60.4166666667 -0.666666666667 0.00345125171227
60.4166666667 -0.533333333333 0.00388381742522
60.4166666667 -0.4 0.00363159494784
60.4166666667 -0.266666666667 0.00303105266584
60.4166666667 -0.133333333333 0.00255086231371
60.4166666667 0.0 0.00222946774597
60.4166666667 0.133333333333 0.0019748690211
60.4166666667 0.266666666667 0.00197598353486
60.4166666667 0.4 0.00160859623935
60.4166666667 0.533333333333 0.00126455217895
60.4166666667 0.666666666667 0.00103449089044
60.4166666667 0.8 0.000733614911981
60.4166666667 1.0 0.000299084545704
63.5833333333 -1.0 0.00215732641443
63.5833333333 -0.8 0.00289842775579
63.5833333333 -0.666666666667 0.00268494734594
63.5833333333 -0.533333333333 0.0030089001319
63.5833333333 -0.4 0.00255059208417
63.5833333333 -0.266666666667 0.00263985134189
63.5833333333 -0.133333333333 0.00277969801543
63.5833333333 0.0 0.00227416820473
63.5833333333 0.133333333333 0.00195159035992
63.5833333333 0.266666666667 0.00158402770614
63.5833333333 0.4 0.00144583569628
63.5833333333 0.533333333333 0.00105713388302
63.5833333333 0.666666666667 0.000850117010108
63.5833333333 0.8 0.000322264890667
63.5833333333 1.0 0.000206276660988
66.75 -1.0 0.00202458657304
66.75 -0.8 0.002159267468
66.75 -0.666666666667 0.00220577935379
66.75 -0.533333333333 0.00243455932975
66.75 -0.4 0.00307829715525
66.75 -0.266666666667 0.00245739137941
66.75 -0.133333333333 0.00245880351128
66.75 0.0 0.00222863231886
66.75 0.133333333333 0.00156415818455
66.75 0.266666666667 0.00137766755771
66.75 0.4 0.00108010374607
66.75 0.533333333333 0.000735963961558
66.75 0.666666666667 0.000756910906672
66.75 0.8 0.000253163259807
66.75 1.0 0.000183801480152
69.9166666667 -1.0 0.00137779599542
69.9166666667 -0.8 0.00165305989616
69.9166666667 -0.666666666667 0.00202153317265
69.9166666667 -0.533333333333 0.0021819719161
69.9166666667 -0.4 0.0022752666812
69.9166666667 -0.266666666667 0.00193007355807
69.9166666667 -0.133333333333 0.00183907925006
69.9166666667 0.0 0.00174648683179
69.9166666667 0.133333333333 0.001582349823
69.9166666667 0.266666666667 0.00098781214336
69.9166666667 0.4 0.00128488420213
69.9166666667 0.533333333333 0.000551971328753
69.9166666667 0.666666666667 0.000483199422374
69.9166666667 0.8 0.00027635099138
69.9166666667 1.0 0.000184395286238
73.0833333333 -1.0 0.00149365066455
73.0833333333 -0.8 0.00204277347711
73.0833333333 -0.666666666667 0.00195249075472
73.0833333333 -0.533333333333 0.00181488734017
73.0833333333 -0.4 0.00190545499279
73.0833333333 -0.266666666667 0.00202035972707
73.0833333333 -0.133333333333 0.00181630246411
73.0833333333 0.0 0.00124085270504
73.0833333333 0.133333333333 0.00142450488573
73.0833333333 0.266666666667 0.00101092322145
73.0833333333 0.4 0.000850745435347
73.0833333333 0.533333333333 0.000849628476774
73.0833333333 0.666666666667 0.000412794535759
73.0833333333 0.8 0.000229496473715
73.0833333333 1.0 4.61175791435e-05
76.25 -1.0 0.00114978712406
76.25 -0.8 0.00140422362584
76.25 -0.666666666667 0.00176800616244
76.25 -0.533333333333 0.00165413535691
76.25 -0.4 0.00165549576818
76.25 -0.266666666667 0.00139976274314
76.25 -0.133333333333 0.00151553929023
76.25 0.0 0.00101024120607
76.25 0.133333333333 0.00115040985955
76.25 0.266666666667 0.00101007726007
76.25 0.4 0.000550670162743
76.25 0.533333333333 0.000642757313413
76.25 0.666666666667 0.00036683425777
76.25 0.8 0.000298990452331
76.25 1.0 4.58278317989e-05
79.4166666667 -1.0 0.000895932861508
79.4166666667 -0.8 0.00105519410296
79.4166666667 -0.666666666667 0.00124158393049
79.4166666667 -0.533333333333 0.00174574006886
79.4166666667 -0.4 0.0015151760319
79.4166666667 -0.266666666667 0.00158521303575
79.4166666667 -0.133333333333 0.00153848151036
79.4166666667 0.0 0.00133158660946
79.4166666667 0.133333333333 0.00130875328955
79.4166666667 0.266666666667 0.000805334068835
79.4166666667 0.4 0.000712956914277
79.4166666667 0.533333333333 0.000367390187787
79.4166666667 0.666666666667 0.000366911213166
79.4166666667 0.8 9.16364575801e-05
79.4166666667 1.0 0.00011544242037
82.5833333333 -1.0 0.000782752218787
82.5833333333 -0.8 0.000872964317352
82.5833333333 -0.666666666667 0.00142336839132
82.5833333333 -0.533333333333 0.00121701210098
82.5833333333 -0.4 0.00140354225431
82.5833333333 -0.266666666667 0.00105654186073
82.5833333333 -0.133333333333 0.00130950488227
82.5833333333 0.0 0.00110393703531
82.5833333333 0.133333333333 0.000805460326931
82.5833333333 0.266666666667 0.000850306391142
82.5833333333 0.4 0.000482469723371
82.5833333333 0.533333333333 0.000298465987379
82.5833333333 0.666666666667 0.000183505846927
82.5833333333 0.8 0.000137543850258
82.5833333333 1.0 1e-05
85.75 -1.0 0.000597641251454
85.75 -0.8 0.001148791107
85.75 -0.666666666667 0.00126474085118
85.75 -0.533333333333 0.00117179031929
85.75 -0.4 0.000918604168119
85.75 -0.266666666667 0.00119424014381
85.75 -0.133333333333 0.00112566262595
85.75 0.0 0.000919330342939
85.75 0.133333333333 0.000919985613361
85.75 0.266666666667 0.000619512898056
85.75 0.4 0.000413038163719
85.75 0.533333333333 0.000298279871556
85.75 0.666666666667 9.14988463521e-05
85.75 0.8 4.65171570781e-05
85.75 1.0 6.90282221894e-05
88.9166666667 -1.0 0.000481346854473
88.9166666667 -0.8 0.000575183480678
88.9166666667 -0.666666666667 0.000895208062234
88.9166666667 -0.533333333333 0.00110197614542
88.9166666667 -0.4 0.000919042504655
88.9166666667 -0.266666666667 0.000666902067874
88.9166666667 -0.133333333333 0.000850631841516
88.9166666667 0.0 0.000734069228448
88.9166666667 0.133333333333 0.000871298721975
88.9166666667 0.266666666667 0.000527743360882
88.9166666667 0.4 0.000505667829842
88.9166666667 0.533333333333 0.00025231548201
88.9166666667 0.666666666667 0.000160967969017
88.9166666667 0.8 9.17120533311e-05
88.9166666667 1.0 2.30435984883e-05
92.0833333333 -1.0 0.000458986081493
92.0833333333 -0.8 0.000551663681167
92.0833333333 -0.666666666667 0.000850333002795
92.0833333333 -0.533333333333 0.000895804113863
92.0833333333 -0.4 0.000873351265218
92.0833333333 -0.266666666667 0.000780997058832
92.0833333333 -0.133333333333 0.000804459964439
92.0833333333 0.0 0.000759567961285
92.0833333333 0.133333333333 0.000735698678589
92.0833333333 0.266666666667 0.000574229931363
92.0833333333 0.4 0.0002990701887
92.0833333333 0.533333333333 0.000252336539618
92.0833333333 0.666666666667 9.15684596091e-05
92.0833333333 0.8 4.5718001209e-05
92.0833333333 1.0 2.28590006045e-05
95.25 -1.0 0.000367160730265
95.25 -0.8 0.000460044663302
95.25 -0.666666666667 0.000413370459955
95.25 -0.533333333333 0.000712464913929
95.25 -0.4 0.000872471657332
95.25 -0.266666666667 0.000918199753745
95.25 -0.133333333333 0.000736154961902
95.25 0.0 0.000596666607743
95.25 0.133333333333 0.000619633934442
95.25 0.266666666667 0.000437318375452
95.25 0.4 0.000366930873997
95.25 0.533333333333 0.00023039306622
95.25 0.666666666667 9.22910133225e-05
95.25 0.8 6.85752735416e-05
95.25 1.0 1e-05
100.0 -1.0 0.000298459462264
100.0 -0.8 0.000368075256383
100.0 -0.666666666667 0.000871134835511
100.0 -0.533333333333 0.000781109058698
100.0 -0.4 0.000665030574096
100.0 -0.266666666667 0.000689578995536
100.0 -0.133333333333 0.000550429914976
100.0 0.0 0.000367834196342
100.0 0.133333333333 0.000481988572056
100.0 0.266666666667 0.000343392795479
100.0 0.4 0.000207325234844
100.0 0.533333333333 0.000115249603136
100.0 0.666666666667 4.60067655683e-05
100.0 0.8 1e-05
100.0 1.0 1e-05
