5.0 -1.0 0.0131437517026
5.0 -0.8 0.0122393417666
5.0 -0.666666666667 0.0129361720585
5.0 -0.533333333333 0.0141439683717
5.0 -0.4 0.0137744864654
5.0 -0.266666666667 0.0136882715089
5.0 -0.133333333333 0.0148691693448
5.0 0.0 0.0158836368469
5.0 0.133333333333 0.0165691631063
5.0 0.266666666667 0.0158446425376
5.0 0.4 0.0165580987831
5.0 0.533333333333 0.0170711412235
5.0 0.666666666667 0.0167318102443
5.0 0.8 0.0198135224017
5.0 1.0 0.0231398575499
9.75 -1.0 0.0109478369897
9.75 -0.8 0.0117534459505
9.75 -0.666666666667 0.0122848046787
9.75 -0.533333333333 0.0141620800322
9.75 -0.4 0.0154208662472
9.75 -0.266666666667 0.015248225913
9.75 -0.133333333333 0.013951039705
9.75 0.0 0.0166927266233
9.75 0.133333333333 0.0174801578612
9.75 0.266666666667 0.0164754816309
9.75 0.4 0.0176520585161
9.75 0.533333333333 0.0181073868492
9.75 0.666666666667 0.0185587531874
9.75 0.8 0.0185736776297
9.75 1.0 0.0216797206397
12.9166666667 -1.0 0.00892111530328
12.9166666667 -0.8 0.0101484324469
12.9166666667 -0.666666666667 0.0114338001297
12.9166666667 -0.533333333333 0.0122800088025
12.9166666667 -0.4 0.0133582880629
12.9166666667 -0.266666666667 0.0145495742156
12.9166666667 -0.133333333333 0.0151600380811
12.9166666667 0.0 0.016422048984
12.9166666667 0.133333333333 0.0160708403298
12.9166666667 0.266666666667 0.0158185579336
12.9166666667 0.4 0.0176205897314
12.9166666667 0.533333333333 0.0171876304153
12.9166666667 0.666666666667 0.0197291797172
12.9166666667 0.8 0.0183188992808
12.9166666667 1.0 0.0204113363563
16.0833333333 -1.0 0.00742999853561
16.0833333333 -0.8 0.00868667120075
16.0833333333 -0.666666666667 0.0103717027148
16.0833333333 -0.533333333333 0.0110043655003
16.0833333333 -0.4 0.0119065834067
16.0833333333 -0.266666666667 0.013544307047
16.0833333333 -0.133333333333 0.0133321331578
16.0833333333 0.0 0.0165521975153
16.0833333333 0.133333333333 0.0145682019498
16.0833333333 0.266666666667 0.0164650985037
16.0833333333 0.4 0.0176967165617
16.0833333333 0.533333333333 0.0168407532934
16.0833333333 0.666666666667 0.0179870076081
16.0833333333 0.8 0.0181552754601
16.0833333333 1.0 0.0196394422695
19.25 -1.0 0.00574228201826
19.25 -0.8 0.00776360357208
19.25 -0.666666666667 0.00912561339001
19.25 -0.533333333333 0.0112663909369
19.25 -0.4 0.0118086295666
19.25 -0.266666666667 0.0120192643695
19.25 -0.133333333333 0.0135860756464
19.25 0.0 0.0146089145603
19.25 0.133333333333 0.0147612541736
19.25 0.266666666667 0.0156126348769
19.25 0.4 0.0165461445152
19.25 0.533333333333 0.0158818215741
19.25 0.666666666667 0.0173228034665
19.25 0.8 0.0154232868098
19.25 1.0 0.0156460193319
22.4166666667 -1.0 0.00473434856422
22.4166666667 -0.8 0.00599023525168
22.4166666667 -0.666666666667 0.0076568446845
22.4166666667 -0.533333333333 0.00945519235868
22.4166666667 -0.4 0.0110650681118
22.4166666667 -0.266666666667 0.0115933133218
22.4166666667 -0.133333333333 0.0126487433271
22.4166666667 0.0 0.0127250981483
22.4166666667 0.133333333333 0.0132948251708
22.4166666667 0.266666666667 0.014566453709
22.4166666667 0.4 0.0138706099157
22.4166666667 0.533333333333 0.0148924098017
22.4166666667 0.666666666667 0.0135054575423
22.4166666667 0.8 0.0146413315469
22.4166666667 1.0 0.0141352645824
25.5833333333 -1.0 0.00370486089372
25.5833333333 -0.8 0.00518873354746
25.5833333333 -0.666666666667 0.00647106759732
25.5833333333 -0.533333333333 0.00757780597708
25.5833333333 -0.4 0.00908147419644
25.5833333333 -0.266666666667 0.00959866524135
25.5833333333 -0.133333333333 0.0111619176627
25.5833333333 0.0 0.0119954612751
25.5833333333 0.133333333333 0.0129062597974
25.5833333333 0.266666666667 0.0122056675135
25.5833333333 0.4 0.0117308006258
25.5833333333 0.533333333333 0.0133182192226
25.5833333333 0.666666666667 0.0123791929904
25.5833333333 0.8 0.0127490933431
25.5833333333 1.0 0.0121620649259
28.75 -1.0 0.00301522756967
28.75 -0.8 0.00449015778907
28.75 -0.666666666667 0.00573861892795
28.75 -0.533333333333 0.00682000726507
28.75 -0.4 0.00834083355798
28.75 -0.266666666667 0.00822474432479
28.75 -0.133333333333 0.00893535041935
28.75 0.0 0.00974594542758
28.75 0.133333333333 0.0105582953751
28.75 0.266666666667 0.01237438436
28.75 0.4 0.0108826251994
28.75 0.533333333333 0.0110414379292
28.75 0.666666666667 0.0118664154531
28.75 0.8 0.0112237323096
28.75 1.0 0.0107122555333
31.9166666667 -1.0 0.00232544437304
31.9166666667 -0.8 0.00346467857401
31.9166666667 -0.666666666667 0.00465685629243
31.9166666667 -0.533333333333 0.00567945139113
31.9166666667 -0.4 0.00662704274361
31.9166666667 -0.266666666667 0.00722669673244
31.9166666667 -0.133333333333 0.00800010581231
31.9166666667 0.0 0.00949449498557
31.9166666667 0.133333333333 0.0100144173679
31.9166666667 0.266666666667 0.00940903184362
31.9166666667 0.4 0.0103888815602
31.9166666667 0.533333333333 0.00959943313036
31.9166666667 0.666666666667 0.00950045976924
31.9166666667 0.8 0.00931662144289
31.9166666667 1.0 0.00828838478322
35.0833333333 -1.0 0.00165497849584
35.0833333333 -0.8 0.00326370508084
35.0833333333 -0.666666666667 0.00377701115514
35.0833333333 -0.533333333333 0.0045668201624
35.0833333333 -0.4 0.00566527431705
35.0833333333 -0.266666666667 0.00619069435628
35.0833333333 -0.133333333333 0.00722759903062
35.0833333333 0.0 0.0080087186349
35.0833333333 0.133333333333 0.00832926885863
35.0833333333 0.266666666667 0.00839388055605
35.0833333333 0.4 0.00805740627287
35.0833333333 0.533333333333 0.00866602773301
35.0833333333 0.666666666667 0.00920367014384
35.0833333333 0.8 0.00740979189588
35.0833333333 1.0 0.00681374723755
38.25 -1.0 0.00170178305586
38.25 -0.8 0.00184114471185
38.25 -0.666666666667 0.00331230042876
38.25 -0.533333333333 0.00358545597778
38.25 -0.4 0.00491563398179
38.25 -0.266666666667 0.00567255130861
38.25 -0.133333333333 0.00572153774436
38.25 0.0 0.00725563698388
38.25 0.133333333333 0.0070156003248
38.25 0.266666666667 0.00805594359555
38.25 0.4 0.00719966179613
38.25 0.533333333333 0.00765724450326
38.25 0.666666666667 0.00698000600236
38.25 0.8 0.00660161049249
38.25 1.0 0.00653587765885
41.4166666667 -1.0 0.000767695671607
41.4166666667 -0.8 0.00195492969738
41.4166666667 -0.666666666667 0.00286382340685
41.4166666667 -0.533333333333 0.00309398218662
41.4166666667 -0.4 0.00457968620541
41.4166666667 -0.266666666667 0.00515446314544
41.4166666667 -0.133333333333 0.0062504767661
41.4166666667 0.0 0.00575016015405
41.4166666667 0.133333333333 0.00715775187248
41.4166666667 0.266666666667 0.00753739233181
41.4166666667 0.4 0.00616971056712
41.4166666667 0.533333333333 0.00761601213544
41.4166666667 0.666666666667 0.00623240177023
41.4166666667 0.8 0.00528015435182
41.4166666667 1.0 0.00498047962726
44.5833333333 -1.0 0.00064940890351
44.5833333333 -0.8 0.00130381305251
44.5833333333 -0.666666666667 0.00265652801918
44.5833333333 -0.533333333333 0.00295518405389
44.5833333333 -0.4 0.00360993467237
44.5833333333 -0.266666666667 0.00393573110616
44.5833333333 -0.133333333333 0.00439915626073
44.5833333333 0.0 0.00550358618664
44.5833333333 0.133333333333 0.00543187652444
44.5833333333 0.266666666667 0.00562255296099
44.5833333333 0.4 0.00531173021104
44.5833333333 0.533333333333 0.00607818981332
44.5833333333 0.666666666667 0.00553409839849
44.5833333333 0.8 0.0050792956107
44.5833333333 1.0 0.00463923982776
47.75 -1.0 0.00077156757185
47.75 -0.8 0.00113713516176
47.75 -0.666666666667 0.00177068756455
47.75 -0.533333333333 0.00262623289868
47.75 -0.4 0.00258310082305
47.75 -0.266666666667 0.00382102853107
47.75 -0.133333333333 0.00454576156941
47.75 0.0 0.0044263172359
47.75 0.133333333333 0.00493613189537
47.75 0.266666666667 0.00509645762322
47.75 0.4 0.00569854631495
47.75 0.533333333333 0.0050752362844
47.75 0.666666666667 0.00434409236277
47.75 0.8 0.00416915960721
47.75 1.0 0.0036126504664
50.9166666667 -1.0 0.00048888108501
50.9166666667 -0.8 0.000933342076485
50.9166666667 -0.666666666667 0.00132965973257
50.9166666667 -0.533333333333 0.00256734968941
50.9166666667 -0.4 0.00213519474463
50.9166666667 -0.266666666667 0.00298110162868
50.9166666667 -0.133333333333 0.00372488233284
50.9166666667 0.0 0.0036535484339
50.9166666667 0.133333333333 0.00468917974898
50.9166666667 0.266666666667 0.00429022921397
50.9166666667 0.4 0.00426575344543
50.9166666667 0.533333333333 0.00456581616298
50.9166666667 0.666666666667 0.00458038245787
50.9166666667 0.8 0.0038413532768
50.9166666667 1.0 0.00295670145024
54.0833333333 -1.0 0.000533607802062
54.0833333333 -0.8 0.000790275221746
54.0833333333 -0.666666666667 0.00121239603432
54.0833333333 -0.533333333333 0.00146553109683
54.0833333333 -0.4 0.00214861166387
54.0833333333 -0.266666666667 0.00286699744639
54.0833333333 -0.133333333333 0.00309027122773
54.0833333333 0.0 0.00352072899178
54.0833333333 0.133333333333 0.00394129215892
54.0833333333 0.266666666667 0.00407163142522
54.0833333333 0.4 0.00351709762053
54.0833333333 0.533333333333 0.00377563731778
54.0833333333 0.666666666667 0.00370260614662
54.0833333333 0.8 0.00316391870365
54.0833333333 1.0 0.00245048936903
57.25 -1.0 0.000325839118276
57.25 -0.8 0.000699235337378
57.25 -0.666666666667 0.000884374487782
57.25 -0.533333333333 0.00156421823467
57.25 -0.4 0.00196037980473
57.25 -0.266666666667 0.00227662813443
57.25 -0.133333333333 0.002656190531
57.25 0.0 0.0030501418218
57.25 0.133333333333 0.00328559343981
57.25 0.266666666667 0.00340100070064
57.25 0.4 0.00346532170286
57.25 0.533333333333 0.00356186549191
57.25 0.666666666667 0.00284029015777
57.25 0.8 0.00267350440693
57.25 1.0 0.00214272993432
60.4166666667 -1.0 0.000279391820873
60.4166666667 -0.8 0.000439775935436
60.4166666667 -0.666666666667 0.000982768024207
60.4166666667 -0.533333333333 0.00116610544805
60.4166666667 -0.4 0.0014858890352
60.4166666667 -0.266666666667 0.00218878797037
60.4166666667 -0.133333333333 0.00216443078242
60.4166666667 0.0 0.00209991340064
60.4166666667 0.133333333333 0.00297409386338
60.4166666667 0.266666666667 0.00326348076039
60.4166666667 0.4 0.00272520198629
60.4166666667 0.533333333333 0.00295797145
60.4166666667 0.666666666667 0.00258340517238
60.4166666667 0.8 0.00251909554761
60.4166666667 1.0 0.00153636380485
63.5833333333 -1.0 0.000162774317966
63.5833333333 -0.8 0.000398086909686
63.5833333333 -0.666666666667 0.000793541173783
63.5833333333 -0.533333333333 0.0010024060791
63.5833333333 -0.4 0.00123560877726
63.5833333333 -0.266666666667 0.00174627926943
63.5833333333 -0.133333333333 0.00241679667373
63.5833333333 0.0 0.00230625165287
63.5833333333 0.133333333333 0.00235446160703
63.5833333333 0.266666666667 0.00221337838646
63.5833333333 0.4 0.00279275458483
63.5833333333 0.533333333333 0.00270386897415
63.5833333333 0.666666666667 0.00213916872415
63.5833333333 0.8 0.00148979496665
63.5833333333 1.0 0.00171923567988
66.75 -1.0 0.000209680546312
66.75 -0.8 0.00037330762223
66.75 -0.666666666667 0.000584530975685
66.75 -0.533333333333 0.000906605984442
66.75 -0.4 0.00102398098566
66.75 -0.266666666667 0.00163164711368
66.75 -0.133333333333 0.00181030542701
66.75 0.0 0.00165110281007
66.75 0.133333333333 0.00184374939388
66.75 0.266666666667 0.00184204589626
66.75 0.4 0.00232712369091
66.75 0.533333333333 0.0022348457789
66.75 0.666666666667 0.00193185659758
66.75 0.8 0.00165333658629
66.75 1.0 0.00130377981292
69.9166666667 -1.0 4.67846513631e-05
69.9166666667 -0.8 0.000280176077487
69.9166666667 -0.666666666667 0.000583576231705
69.9166666667 -0.533333333333 0.000627211869791
69.9166666667 -0.4 0.00123863958504
69.9166666667 -0.266666666667 0.00170360299368
69.9166666667 -0.133333333333 0.00153850627817
69.9166666667 0.0 0.00178844063912
69.9166666667 0.133333333333 0.00216987105313
69.9166666667 0.266666666667 0.0018432656266
69.9166666667 0.4 0.0017709211918
69.9166666667 0.533333333333 0.00153479186726
69.9166666667 0.666666666667 0.0014264769014
69.9166666667 0.8 0.00102462980698
69.9166666667 1.0 0.00104857039295
73.0833333333 -1.0 6.89891405977e-05
73.0833333333 -0.8 0.000350274273646
73.0833333333 -0.666666666667 0.000304265904242
73.0833333333 -0.533333333333 0.000653578988506
73.0833333333 -0.4 0.000768236790286
73.0833333333 -0.266666666667 0.00100394716447
73.0833333333 -0.133333333333 0.00120742097763
73.0833333333 0.0 0.00118678591651
73.0833333333 0.133333333333 0.00153927633582
73.0833333333 0.266666666667 0.00209482187835
73.0833333333 0.4 0.00176275044995
73.0833333333 0.533333333333 0.00128183916975
73.0833333333 0.666666666667 0.00142311477376
73.0833333333 0.8 0.00136920372808
73.0833333333 1.0 0.00109467609748
76.25 -1.0 7.03612325893e-05
76.25 -0.8 0.000162968502075
76.25 -0.666666666667 0.000420208929597
76.25 -0.533333333333 0.000818186660611
76.25 -0.4 0.000932335401623
76.25 -0.266666666667 0.000766682366311
76.25 -0.133333333333 0.00116913696583
76.25 0.0 0.00139842326258
76.25 0.133333333333 0.00153818498408
76.25 0.266666666667 0.00160799379565
76.25 0.4 0.00139711432083
76.25 0.533333333333 0.00130313494777
76.25 0.666666666667 0.00130353288014
76.25 0.8 0.00144703227649
76.25 1.0 0.000956867704378
79.4166666667 -1.0 4.68850321254e-05
79.4166666667 -0.8 0.000139115571403
79.4166666667 -0.666666666667 0.000209492436947
79.4166666667 -0.533333333333 0.000535031284703
79.4166666667 -0.4 0.000631473094041
79.4166666667 -0.266666666667 0.000787702960362
79.4166666667 -0.133333333333 0.00104767910691
79.4166666667 0.0 0.00149077663596
79.4166666667 0.133333333333 0.00121111283479
79.4166666667 0.266666666667 0.00111878983971
79.4166666667 0.4 0.00156172254184
79.4166666667 0.533333333333 0.0013940536335
79.4166666667 0.666666666667 0.00097398865164
79.4166666667 0.8 0.0009082263099
79.4166666667 1.0 0.00039695907935
82.5833333333 -1.0 4.64899812448e-05
82.5833333333 -0.8 9.2637165667e-05
82.5833333333 -0.666666666667 0.000233437866334
82.5833333333 -0.533333333333 0.000373499757237
82.5833333333 -0.4 0.000486310005008
82.5833333333 -0.266666666667 0.000535366153168
82.5833333333 -0.133333333333 0.000952427228403
82.5833333333 0.0 0.00132677979269
82.5833333333 0.133333333333 0.00114026792345
82.5833333333 0.266666666667 0.00108901070676
82.5833333333 0.4 0.00104876516137
82.5833333333 0.533333333333 0.00111637254516
82.5833333333 0.666666666667 0.0011393042648
82.5833333333 0.8 0.000722127043133
82.5833333333 1.0 0.000630320855027
85.75 -1.0 1e-05
85.75 -0.8 0.000116119711566
85.75 -0.666666666667 0.000256902493775
85.75 -0.533333333333 0.000370798367186
85.75 -0.4 0.000396649802262
85.75 -0.266666666667 0.000607098029084
85.75 -0.133333333333 0.000789957399362
85.75 0.0 0.00109641811534
85.75 0.133333333333 0.000817868803657
85.75 0.266666666667 0.00090338761208
85.75 0.4 0.000886285599352
85.75 0.533333333333 0.000929672148427
85.75 0.666666666667 0.000813274598612
85.75 0.8 0.000532251445859
85.75 1.0 0.000349602272242
88.9166666667 -1.0 1e-05
88.9166666667 -0.8 0.000163158609517
88.9166666667 -0.666666666667 0.000253288657937
88.9166666667 -0.533333333333 0.000254047108258
88.9166666667 -0.4 0.000536874897595
88.9166666667 -0.266666666667 0.000604420948987
88.9166666667 -0.133333333333 0.000560386342937
88.9166666667 0.0 0.000420789614728
88.9166666667 0.133333333333 0.000860437924789
88.9166666667 0.266666666667 0.000884868572845
88.9166666667 0.4 0.000790648086904
88.9166666667 0.533333333333 0.000673992387739
88.9166666667 0.666666666667 0.000606257838099
88.9166666667 0.8 0.000767834654683
88.9166666667 1.0 0.000187142507623
92.0833333333 -1.0 1e-05
92.0833333333 -0.8 7.02343045488e-05
92.0833333333 -0.666666666667 4.6774386346e-05
92.0833333333 -0.533333333333 0.000303350078933
92.0833333333 -0.4 0.000278407474241
92.0833333333 -0.266666666667 0.000464404092794
92.0833333333 -0.133333333333 0.000490670924344
92.0833333333 0.0 0.000650244583389
92.0833333333 0.133333333333 0.000813493982041
92.0833333333 0.266666666667 0.000813479085886
92.0833333333 0.4 0.000677510210894
92.0833333333 0.533333333333 0.000651515054705
92.0833333333 0.666666666667 0.000653917785352
92.0833333333 0.8 0.000374038020905
92.0833333333 1.0 0.000421155866259
95.25 -1.0 1e-05
95.25 -0.8 7.02229869649e-05
95.25 -0.666666666667 7.02229869649e-05
95.25 -0.533333333333 9.32379152925e-05
95.25 -0.4 0.000185889699823
95.25 -0.266666666667 0.000467098498042
95.25 -0.133333333333 0.00060826296227
95.25 0.0 0.000416265812619
95.25 0.133333333333 0.000720138666101
95.25 0.266666666667 0.000793377245433
95.25 0.4 0.000794784939253
95.25 0.533333333333 0.000442353712792
95.25 0.666666666667 0.000466615900995
95.25 0.8 0.000350288929976
95.25 1.0 0.000207477475148
100.0 -1.0 1e-05
100.0 -0.8 1e-05
100.0 -0.666666666667 0.00023289048874
100.0 -0.533333333333 0.000162537456812
100.0 -0.4 0.000326929986139
100.0 -0.266666666667 0.000489842124057
100.0 -0.133333333333 0.000417519551733
100.0 0.0 0.000303147515964
100.0 0.133333333333 0.000440909754771
100.0 0.266666666667 0.000768084686149
100.0 0.4 0.000511209588148
100.0 0.533333333333 0.000419720963849
100.0 0.666666666667 0.000396674895384
100.0 0.8 0.000280226342299
100.0 1.0 0.000138315005761
