5.0 -1.0 0.166864666331
5.0 -0.8 0.211036709464
5.0 -0.666666666667 0.249622168805
5.0 -0.533333333333 0.262594601133
5.0 -0.4 0.261103681678
5.0 -0.266666666667 0.245788437847
5.0 -0.133333333333 0.217216839732
5.0 0.0 0.18684579551
5.0 0.133333333333 0.147595993135
5.0 0.266666666667 0.110240674964
5.0 0.4 0.0792777741056
5.0 0.533333333333 0.0506103720787
5.0 0.666666666667 0.0285250148802
5.0 0.8 0.0126413435361
5.0 1.0 0.00352692893306
9.75 -1.0 0.0045453521079
9.75 -0.8 0.0115518818839
9.75 -0.666666666667 0.0162864544686
9.75 -0.533333333333 0.0200735618967
9.75 -0.4 0.0199322397318
9.75 -0.266666666667 0.0178952514178
9.75 -0.133333333333 0.0156707385274
9.75 0.0 0.0124986587221
9.75 0.133333333333 0.00819050586014
9.75 0.266666666667 0.00487655732119
9.75 0.4 0.00217789198627
9.75 0.533333333333 0.000781171920623
9.75 0.666666666667 0.000165704283406
9.75 0.8 2.36818423421e-05
9.75 1.0 1e-05
12.9166666667 -1.0 1e-05
12.9166666667 -0.8 2.36818423421e-05
12.9166666667 -0.666666666667 4.73423923184e-05
12.9166666667 -0.533333333333 4.73447562459e-05
12.9166666667 -0.4 9.46658524153e-05
12.9166666667 -0.266666666667 4.73636846842e-05
12.9166666667 -0.133333333333 1e-05
12.9166666667 0.0 1e-05
12.9166666667 0.133333333333 1e-05
12.9166666667 0.266666666667 1e-05
12.9166666667 0.4 1e-05
12.9166666667 0.533333333333 1e-05
12.9166666667 0.666666666667 1e-05
12.9166666667 0.8 1e-05
12.9166666667 1.0 1e-05
16.0833333333 -1.0 1e-05
16.0833333333 -0.8 1e-05
16.0833333333 -0.666666666667 1e-05
16.0833333333 -0.533333333333 1e-05
16.0833333333 -0.4 1e-05
16.0833333333 -0.266666666667 1e-05
16.0833333333 -0.133333333333 1e-05
16.0833333333 0.0 1e-05
16.0833333333 0.133333333333 1e-05
16.0833333333 0.266666666667 1e-05
16.0833333333 0.4 1e-05
16.0833333333 0.533333333333 1e-05
16.0833333333 0.666666666667 1e-05
16.0833333333 0.8 1e-05
16.0833333333 1.0 1e-05
19.25 -1.0 1e-05
19.25 -0.8 1e-05
19.25 -0.666666666667 1e-05
19.25 -0.533333333333 1e-05
19.25 -0.4 1e-05
19.25 -0.266666666667 1e-05
19.25 -0.133333333333 1e-05
19.25 0.0 1e-05
19.25 0.133333333333 1e-05
19.25 0.266666666667 1e-05
19.25 0.4 1e-05
19.25 0.533333333333 1e-05
19.25 0.666666666667 1e-05
19.25 0.8 1e-05
19.25 1.0 1e-05
22.4166666667 -1.0 1e-05
22.4166666667 -0.8 1e-05
22.4166666667 -0.666666666667 1e-05
22.4166666667 -0.533333333333 1e-05
22.4166666667 -0.4 1e-05
22.4166666667 -0.266666666667 1e-05
22.4166666667 -0.133333333333 1e-05
22.4166666667 0.0 1e-05
22.4166666667 0.133333333333 1e-05
22.4166666667 0.266666666667 1e-05
22.4166666667 0.4 1e-05
22.4166666667 0.533333333333 1e-05
22.4166666667 0.666666666667 1e-05
22.4166666667 0.8 1e-05
22.4166666667 1.0 1e-05
25.5833333333 -1.0 1e-05
25.5833333333 -0.8 1e-05
25.5833333333 -0.666666666667 1e-05
25.5833333333 -0.533333333333 1e-05
25.5833333333 -0.4 1e-05
25.5833333333 -0.266666666667 1e-05
25.5833333333 -0.133333333333 1e-05
25.5833333333 0.0 1e-05
25.5833333333 0.133333333333 1e-05
25.5833333333 0.266666666667 1e-05
25.5833333333 0.4 1e-05
25.5833333333 0.533333333333 1e-05
25.5833333333 0.666666666667 1e-05
25.5833333333 0.8 1e-05
25.5833333333 1.0 1e-05
28.75 -1.0 1e-05
28.75 -0.8 1e-05
28.75 -0.666666666667 1e-05
28.75 -0.533333333333 1e-05
28.75 -0.4 1e-05
28.75 -0.266666666667 1e-05
28.75 -0.133333333333 1e-05
28.75 0.0 1e-05
28.75 0.133333333333 1e-05
28.75 0.266666666667 1e-05
28.75 0.4 1e-05
28.75 0.533333333333 1e-05
28.75 0.666666666667 1e-05
28.75 0.8 1e-05
28.75 1.0 1e-05
31.9166666667 -1.0 1e-05
31.9166666667 -0.8 1e-05
31.9166666667 -0.666666666667 1e-05
31.9166666667 -0.533333333333 1e-05
31.9166666667 -0.4 1e-05
31.9166666667 -0.266666666667 1e-05
31.9166666667 -0.133333333333 1e-05
31.9166666667 0.0 1e-05
31.9166666667 0.133333333333 1e-05
31.9166666667 0.266666666667 1e-05
31.9166666667 0.4 1e-05
31.9166666667 0.533333333333 1e-05
31.9166666667 0.666666666667 1e-05
31.9166666667 0.8 1e-05
31.9166666667 1.0 1e-05
35.0833333333 -1.0 1e-05
35.0833333333 -0.8 1e-05
35.0833333333 -0.666666666667 1e-05
35.0833333333 -0.533333333333 1e-05
35.0833333333 -0.4 1e-05
35.0833333333 -0.266666666667 1e-05
35.0833333333 -0.133333333333 1e-05
35.0833333333 0.0 1e-05
35.0833333333 0.133333333333 1e-05
35.0833333333 0.266666666667 1e-05
35.0833333333 0.4 1e-05
35.0833333333 0.533333333333 1e-05
35.0833333333 0.666666666667 1e-05
35.0833333333 0.8 1e-05
35.0833333333 1.0 1e-05
38.25 -1.0 1e-05
38.25 -0.8 1e-05
38.25 -0.666666666667 1e-05
38.25 -0.533333333333 1e-05
38.25 -0.4 1e-05
38.25 -0.266666666667 1e-05
38.25 -0.133333333333 1e-05
38.25 0.0 1e-05
38.25 0.133333333333 1e-05
38.25 0.266666666667 1e-05
38.25 0.4 1e-05
38.25 0.533333333333 1e-05
38.25 0.666666666667 1e-05
38.25 0.8 1e-05
38.25 1.0 1e-05
41.4166666667 -1.0 1e-05
41.4166666667 -0.8 1e-05
41.4166666667 -0.666666666667 1e-05
41.4166666667 -0.533333333333 1e-05
41.4166666667 -0.4 1e-05
41.4166666667 -0.266666666667 1e-05
41.4166666667 -0.133333333333 1e-05
41.4166666667 0.0 1e-05
41.4166666667 0.133333333333 1e-05
41.4166666667 0.266666666667 1e-05
41.4166666667 0.4 1e-05
41.4166666667 0.533333333333 1e-05
41.4166666667 0.666666666667 1e-05
41.4166666667 0.8 1e-05
41.4166666667 1.0 1e-05
44.5833333333 -1.0 1e-05
44.5833333333 -0.8 1e-05
44.5833333333 -0.666666666667 1e-05
44.5833333333 -0.533333333333 1e-05
44.5833333333 -0.4 1e-05
44.5833333333 -0.266666666667 1e-05
44.5833333333 -0.133333333333 1e-05
44.5833333333 0.0 1e-05
44.5833333333 0.133333333333 1e-05
44.5833333333 0.266666666667 1e-05
44.5833333333 0.4 1e-05
44.5833333333 0.533333333333 1e-05
44.5833333333 0.666666666667 1e-05
44.5833333333 0.8 1e-05
44.5833333333 1.0 1e-05
47.75 -1.0 1e-05
47.75 -0.8 1e-05
47.75 -0.666666666667 1e-05
47.75 -0.533333333333 1e-05
47.75 -0.4 1e-05
47.75 -0.266666666667 1e-05
47.75 -0.133333333333 1e-05
47.75 0.0 1e-05
47.75 0.133333333333 1e-05
47.75 0.266666666667 1e-05
47.75 0.4 1e-05
47.75 0.533333333333 1e-05
47.75 0.666666666667 1e-05
47.75 0.8 1e-05
47.75 1.0 1e-05
50.9166666667 -1.0 1e-05
50.9166666667 -0.8 1e-05
50.9166666667 -0.666666666667 1e-05
50.9166666667 -0.533333333333 1e-05
50.9166666667 -0.4 1e-05
50.9166666667 -0.266666666667 1e-05
50.9166666667 -0.133333333333 1e-05
50.9166666667 0.0 1e-05
50.9166666667 0.133333333333 1e-05
50.9166666667 0.266666666667 1e-05
50.9166666667 0.4 1e-05
50.9166666667 0.533333333333 1e-05
50.9166666667 0.666666666667 1e-05
50.9166666667 0.8 1e-05
50.9166666667 1.0 1e-05
54.0833333333 -1.0 1e-05
54.0833333333 -0.8 1e-05
54.0833333333 -0.666666666667 1e-05
54.0833333333 -0.533333333333 1e-05
54.0833333333 -0.4 1e-05
54.0833333333 -0.266666666667 1e-05
54.0833333333 -0.133333333333 1e-05
54.0833333333 0.0 1e-05
54.0833333333 0.133333333333 1e-05
54.0833333333 0.266666666667 1e-05
54.0833333333 0.4 1e-05
54.0833333333 0.533333333333 1e-05
54.0833333333 0.666666666667 1e-05
54.0833333333 0.8 1e-05
54.0833333333 1.0 1e-05
57.25 -1.0 1e-05
57.25 -0.8 1e-05
57.25 -0.666666666667 1e-05
57.25 -0.533333333333 1e-05
57.25 -0.4 1e-05
57.25 -0.266666666667 1e-05
57.25 -0.133333333333 1e-05
57.25 0.0 1e-05
57.25 0.133333333333 1e-05
57.25 0.266666666667 1e-05
57.25 0.4 1e-05
57.25 0.533333333333 1e-05
57.25 0.666666666667 1e-05
57.25 0.8 1e-05
57.25 1.0 1e-05
60.4166666667 -1.0 1e-05
60.4166666667 -0.8 1e-05
60.4166666667 -0.666666666667 1e-05
60.4166666667 -0.533333333333 1e-05
60.4166666667 -0.4 1e-05
60.4166666667 -0.266666666667 1e-05
60.4166666667 -0.133333333333 1e-05
60.4166666667 0.0 1e-05
60.4166666667 0.133333333333 1e-05
60.4166666667 0.266666666667 1e-05
60.4166666667 0.4 1e-05
60.4166666667 0.533333333333 1e-05
60.4166666667 0.666666666667 1e-05
60.4166666667 0.8 1e-05
60.4166666667 1.0 1e-05
63.5833333333 -1.0 1e-05
63.5833333333 -0.8 1e-05
63.5833333333 -0.666666666667 1e-05
63.5833333333 -0.533333333333 1e-05
63.5833333333 -0.4 1e-05
63.5833333333 -0.266666666667 1e-05
63.5833333333 -0.133333333333 1e-05
63.5833333333 0.0 1e-05
63.5833333333 0.133333333333 1e-05
63.5833333333 0.266666666667 1e-05
63.5833333333 0.4 1e-05
63.5833333333 0.533333333333 1e-05
63.5833333333 0.666666666667 1e-05
63.5833333333 0.8 1e-05
63.5833333333 1.0 1e-05
66.75 -1.0 1e-05
66.75 -0.8 1e-05
66.75 -0.666666666667 1e-05
66.75 -0.533333333333 1e-05
66.75 -0.4 1e-05
66.75 -0.266666666667 1e-05
66.75 -0.133333333333 1e-05
66.75 0.0 1e-05
66.75 0.133333333333 1e-05
66.75 0.266666666667 1e-05
66.75 0.4 1e-05
66.75 0.533333333333 1e-05
66.75 0.666666666667 1e-05
66.75 0.8 1e-05
66.75 1.0 1e-05
69.9166666667 -1.0 1e-05
69.9166666667 -0.8 1e-05
69.9166666667 -0.666666666667 1e-05
69.9166666667 -0.533333333333 1e-05
69.9166666667 -0.4 1e-05
69.9166666667 -0.266666666667 1e-05
69.9166666667 -0.133333333333 1e-05
69.9166666667 0.0 1e-05
69.9166666667 0.133333333333 1e-05
69.9166666667 0.266666666667 1e-05
69.9166666667 0.4 1e-05
69.9166666667 0.533333333333 1e-05
69.9166666667 0.666666666667 1e-05
69.9166666667 0.8 1e-05
69.9166666667 1.0 1e-05
73.0833333333 -1.0 1e-05
73.0833333333 -0.8 1e-05
73.0833333333 -0.666666666667 1e-05
73.0833333333 -0.533333333333 1e-05
73.0833333333 -0.4 1e-05
73.0833333333 -0.266666666667 1e-05
73.0833333333 -0.133333333333 1e-05
73.0833333333 0.0 1e-05
73.0833333333 0.133333333333 1e-05
73.0833333333 0.266666666667 1e-05
73.0833333333 0.4 1e-05
73.0833333333 0.533333333333 1e-05
73.0833333333 0.666666666667 1e-05
73.0833333333 0.8 1e-05
73.0833333333 1.0 1e-05
76.25 -1.0 1e-05
76.25 -0.8 1e-05
76.25 -0.666666666667 1e-05
76.25 -0.533333333333 1e-05
76.25 -0.4 1e-05
76.25 -0.266666666667 1e-05
76.25 -0.133333333333 1e-05
76.25 0.0 1e-05
76.25 0.133333333333 1e-05
76.25 0.266666666667 1e-05
76.25 0.4 1e-05
76.25 0.533333333333 1e-05
76.25 0.666666666667 1e-05
76.25 0.8 1e-05
76.25 1.0 1e-05
79.4166666667 -1.0 1e-05
79.4166666667 -0.8 1e-05
79.4166666667 -0.666666666667 1e-05
79.4166666667 -0.533333333333 1e-05
79.4166666667 -0.4 1e-05
79.4166666667 -0.266666666667 1e-05
79.4166666667 -0.133333333333 1e-05
79.4166666667 0.0 1e-05
79.4166666667 0.133333333333 1e-05
79.4166666667 0.266666666667 1e-05
79.4166666667 0.4 1e-05
79.4166666667 0.533333333333 1e-05
79.4166666667 0.666666666667 1e-05
79.4166666667 0.8 1e-05
79.4166666667 1.0 1e-05
82.5833333333 -1.0 1e-05
82.5833333333 -0.8 1e-05
82.5833333333 -0.666666666667 1e-05
82.5833333333 -0.533333333333 1e-05
82.5833333333 -0.4 1e-05
82.5833333333 -0.266666666667 1e-05
82.5833333333 -0.133333333333 1e-05
82.5833333333 0.0 1e-05
82.5833333333 0.133333333333 1e-05
82.5833333333 0.266666666667 1e-05
82.5833333333 0.4 1e-05
82.5833333333 0.533333333333 1e-05
82.5833333333 0.666666666667 1e-05
82.5833333333 0.8 1e-05
82.5833333333 1.0 1e-05
85.75 -1.0 1e-05
85.75 -0.8 1e-05
85.75 -0.666666666667 1e-05
85.75 -0.533333333333 1e-05
85.75 -0.4 1e-05
85.75 -0.266666666667 1e-05
85.75 -0.133333333333 1e-05
85.75 0.0 1e-05
85.75 0.133333333333 1e-05
85.75 0.266666666667 1e-05
85.75 0.4 1e-05
85.75 0.533333333333 1e-05
85.75 0.666666666667 1e-05
85.75 0.8 1e-05
85.75 1.0 1e-05
88.9166666667 -1.0 1e-05
88.9166666667 -0.8 1e-05
88.9166666667 -0.666666666667 1e-05
88.9166666667 -0.533333333333 1e-05
88.9166666667 -0.4 1e-05
88.9166666667 -0.266666666667 1e-05
88.9166666667 -0.133333333333 1e-05
88.9166666667 0.0 1e-05
88.9166666667 0.133333333333 1e-05
88.9166666667 0.266666666667 1e-05
88.9166666667 0.4 1e-05
88.9166666667 0.533333333333 1e-05
88.9166666667 0.666666666667 1e-05
88.9166666667 0.8 1e-05
88.9166666667 1.0 1e-05
92.0833333333 -1.0 1e-05
92.0833333333 -0.8 1e-05
92.0833333333 -0.666666666667 1e-05
92.0833333333 -0.533333333333 1e-05
92.0833333333 -0.4 1e-05
92.0833333333 -0.266666666667 1e-05
92.0833333333 -0.133333333333 1e-05
92.0833333333 0.0 1e-05
92.0833333333 0.133333333333 1e-05
92.0833333333 0.266666666667 1e-05
92.0833333333 0.4 1e-05
92.0833333333 0.533333333333 1e-05
92.0833333333 0.666666666667 1e-05
92.0833333333 0.8 1e-05
92.0833333333 1.0 1e-05
95.25 -1.0 1e-05
95.25 -0.8 1e-05
95.25 -0.666666666667 1e-05
95.25 -0.533333333333 1e-05
95.25 -0.4 1e-05
95.25 -0.266666666667 1e-05
95.25 -0.133333333333 1e-05
95.25 0.0 1e-05
95.25 0.133333333333 1e-05
95.25 0.266666666667 1e-05
95.25 0.4 1e-05
95.25 0.533333333333 1e-05
95.25 0.666666666667 1e-05
95.25 0.8 1e-05
95.25 1.0 1e-05
100.0 -1.0 1e-05
100.0 -0.8 1e-05
100.0 -0.666666666667 1e-05
100.0 -0.533333333333 1e-05
100.0 -0.4 1e-05
100.0 -0.266666666667 1e-05
100.0 -0.133333333333 1e-05
100.0 0.0 1e-05
100.0 0.133333333333 1e-05
100.0 0.266666666667 1e-05
100.0 0.4 1e-05
100.0 0.533333333333 1e-05
100.0 0.666666666667 1e-05
100.0 0.8 1e-05
100.0 1.0 1e-05
