5.0 -1.0 0.0130609144455
5.0 -0.8 0.0135235151425
5.0 -0.666666666667 0.0134599203219
5.0 -0.533333333333 0.0140109132018
5.0 -0.4 0.0141243884575
5.0 -0.266666666667 0.0139724522497
5.0 -0.133333333333 0.0141449252515
5.0 0.0 0.014577627603
5.0 0.133333333333 0.0148867926174
5.0 0.266666666667 0.0146721503556
5.0 0.4 0.0151704850023
5.0 0.533333333333 0.0154855115867
5.0 0.666666666667 0.0161437475476
5.0 0.8 0.0166216290861
5.0 1.0 0.0175501375807
9.75 -1.0 0.0120215896974
9.75 -0.8 0.0129266461639
9.75 -0.666666666667 0.0137223658261
9.75 -0.533333333333 0.0140244122689
9.75 -0.4 0.0143009875729
9.75 -0.266666666667 0.0147857797079
9.75 -0.133333333333 0.0150026599488
9.75 0.0 0.0148037902874
9.75 0.133333333333 0.0152612481981
9.75 0.266666666667 0.0154428172446
9.75 0.4 0.015471146542
9.75 0.533333333333 0.0156861820997
9.75 0.666666666667 0.0162501428562
9.75 0.8 0.016403283012
9.75 1.0 0.017064898616
12.9166666667 -1.0 0.0105495792114
12.9166666667 -0.8 0.0119812778024
12.9166666667 -0.666666666667 0.0126751938598
12.9166666667 -0.533333333333 0.0137989898393
12.9166666667 -0.4 0.0141906209082
12.9166666667 -0.266666666667 0.0145278529336
12.9166666667 -0.133333333333 0.015055258708
12.9166666667 0.0 0.0152226647702
12.9166666667 0.133333333333 0.0150168719893
12.9166666667 0.266666666667 0.0154181236951
12.9166666667 0.4 0.0157683537815
12.9166666667 0.533333333333 0.0158233818232
12.9166666667 0.666666666667 0.0161590340943
12.9166666667 0.8 0.0158564856764
12.9166666667 1.0 0.0158766404728
16.0833333333 -1.0 0.00915356873366
16.0833333333 -0.8 0.0106155923356
16.0833333333 -0.666666666667 0.012094019747
16.0833333333 -0.533333333333 0.0129334551695
16.0833333333 -0.4 0.0135591403457
16.0833333333 -0.266666666667 0.0144784734312
16.0833333333 -0.133333333333 0.0144597103202
16.0833333333 0.0 0.0146535663817
16.0833333333 0.133333333333 0.0148735847891
16.0833333333 0.266666666667 0.0150170319773
16.0833333333 0.4 0.015475686727
16.0833333333 0.533333333333 0.0153784861579
16.0833333333 0.666666666667 0.0154055167076
16.0833333333 0.8 0.0149107408062
16.0833333333 1.0 0.0144904097265
19.25 -1.0 0.00800999668245
19.25 -0.8 0.00931605451969
19.25 -0.666666666667 0.0105730838281
19.25 -0.533333333333 0.0116643487285
19.25 -0.4 0.0125911118627
19.25 -0.266666666667 0.0128317064501
19.25 -0.133333333333 0.0135406945459
19.25 0.0 0.0144499289624
19.25 0.133333333333 0.0142452298774
19.25 0.266666666667 0.014603678116
19.25 0.4 0.0141973881834
19.25 0.533333333333 0.0139552956323
19.25 0.666666666667 0.0139682555425
19.25 0.8 0.0135855287436
19.25 1.0 0.0128996772296
22.4166666667 -1.0 0.00637227537733
22.4166666667 -0.8 0.0079287703037
22.4166666667 -0.666666666667 0.00952851707739
22.4166666667 -0.533333333333 0.0103700431838
22.4166666667 -0.4 0.0112200718903
22.4166666667 -0.266666666667 0.0118751063201
22.4166666667 -0.133333333333 0.0124419386599
22.4166666667 0.0 0.0126164912551
22.4166666667 0.133333333333 0.0128551351509
22.4166666667 0.266666666667 0.0129902877041
22.4166666667 0.4 0.0131672682779
22.4166666667 0.533333333333 0.0128952395683
22.4166666667 0.666666666667 0.0126736479958
22.4166666667 0.8 0.0121985747081
22.4166666667 1.0 0.0111333163887
25.5833333333 -1.0 0.0053023374162
25.5833333333 -0.8 0.00703852928678
25.5833333333 -0.666666666667 0.0080777513146
25.5833333333 -0.533333333333 0.00921706463475
25.5833333333 -0.4 0.00995698198668
25.5833333333 -0.266666666667 0.0108068889115
25.5833333333 -0.133333333333 0.0113149752459
25.5833333333 0.0 0.011494345605
25.5833333333 0.133333333333 0.0121018546498
25.5833333333 0.266666666667 0.0117397450049
25.5833333333 0.4 0.0117190011001
25.5833333333 0.533333333333 0.0118318443029
25.5833333333 0.666666666667 0.0110431726616
25.5833333333 0.8 0.0106035700654
25.5833333333 1.0 0.00957376267455
28.75 -1.0 0.00427183124672
28.75 -0.8 0.00580770427529
28.75 -0.666666666667 0.00706467517521
28.75 -0.533333333333 0.00766442538067
28.75 -0.4 0.00891202925292
28.75 -0.266666666667 0.00953392879988
28.75 -0.133333333333 0.0102658340028
28.75 0.0 0.0101809999494
28.75 0.133333333333 0.0106271392275
28.75 0.266666666667 0.010664629518
28.75 0.4 0.0107170653973
28.75 0.533333333333 0.0104738969165
28.75 0.666666666667 0.00957781500832
28.75 0.8 0.00903508262942
28.75 1.0 0.00801660315597
31.9166666667 -1.0 0.00351788159652
31.9166666667 -0.8 0.00486012118948
31.9166666667 -0.666666666667 0.00635090441658
31.9166666667 -0.533333333333 0.00704544029499
31.9166666667 -0.4 0.00785308118863
31.9166666667 -0.266666666667 0.00845524602596
31.9166666667 -0.133333333333 0.00877503417872
31.9166666667 0.0 0.00938451848092
31.9166666667 0.133333333333 0.00944873611506
31.9166666667 0.266666666667 0.00956421578505
31.9166666667 0.4 0.00918412822797
31.9166666667 0.533333333333 0.00917172245643
31.9166666667 0.666666666667 0.0086808850962
31.9166666667 0.8 0.00792447876416
31.9166666667 1.0 0.00682863483121
35.0833333333 -1.0 0.00285623912161
35.0833333333 -0.8 0.0041087231276
35.0833333333 -0.666666666667 0.00533965329939
35.0833333333 -0.533333333333 0.00605318746211
35.0833333333 -0.4 0.00670524765247
35.0833333333 -0.266666666667 0.00732458980555
35.0833333333 -0.133333333333 0.00795062207446
35.0833333333 0.0 0.00801236505645
35.0833333333 0.133333333333 0.00834033201351
35.0833333333 0.266666666667 0.00817238705053
35.0833333333 0.4 0.00842324382115
35.0833333333 0.533333333333 0.00782824864321
35.0833333333 0.666666666667 0.00746854097513
35.0833333333 0.8 0.00672903580603
35.0833333333 1.0 0.0056327574194
38.25 -1.0 0.00248776901036
38.25 -0.8 0.00330066455168
38.25 -0.666666666667 0.00439215593293
38.25 -0.533333333333 0.00532998884378
38.25 -0.4 0.00603901372283
38.25 -0.266666666667 0.00669591787036
38.25 -0.133333333333 0.00681181107151
38.25 0.0 0.00732233132018
38.25 0.133333333333 0.00751600264335
38.25 0.266666666667 0.00774222130661
38.25 0.4 0.00730845711417
38.25 0.533333333333 0.00688688994569
38.25 0.666666666667 0.00652816695309
38.25 0.8 0.00576499800429
38.25 1.0 0.00483418572347
41.4166666667 -1.0 0.00177667799079
41.4166666667 -0.8 0.00281385331679
41.4166666667 -0.666666666667 0.00376841821037
41.4166666667 -0.533333333333 0.00436646665074
41.4166666667 -0.4 0.00512916930138
41.4166666667 -0.266666666667 0.00581927305866
41.4166666667 -0.133333333333 0.006204625817
41.4166666667 0.0 0.00658511781798
41.4166666667 0.133333333333 0.00661804729718
41.4166666667 0.266666666667 0.00662454923571
41.4166666667 0.4 0.0064478246143
41.4166666667 0.533333333333 0.0064168436243
41.4166666667 0.666666666667 0.00577645245434
41.4166666667 0.8 0.00480312640181
41.4166666667 1.0 0.00397676369902
44.5833333333 -1.0 0.00158543564657
44.5833333333 -0.8 0.00249724898721
44.5833333333 -0.666666666667 0.00331518305695
44.5833333333 -0.533333333333 0.00398344199884
44.5833333333 -0.4 0.00472554024293
44.5833333333 -0.266666666667 0.00509186665038
44.5833333333 -0.133333333333 0.00546434068529
44.5833333333 0.0 0.0059303947856
44.5833333333 0.133333333333 0.00593977365437
44.5833333333 0.266666666667 0.00593496306346
44.5833333333 0.4 0.00553330045703
44.5833333333 0.533333333333 0.00537494405165
44.5833333333 0.666666666667 0.00484591048149
44.5833333333 0.8 0.00426249533916
44.5833333333 1.0 0.00317326123502
47.75 -1.0 0.00133042283451
47.75 -0.8 0.0020436496818
47.75 -0.666666666667 0.00274314496473
47.75 -0.533333333333 0.00341457847951
47.75 -0.4 0.00400952651735
47.75 -0.266666666667 0.00441811960387
47.75 -0.133333333333 0.00480321862768
47.75 0.0 0.00504952156382
47.75 0.133333333333 0.0051246399731
47.75 0.266666666667 0.00507220716146
47.75 0.4 0.00496636372733
47.75 0.533333333333 0.00460255559806
47.75 0.666666666667 0.00440639115988
47.75 0.8 0.00348493733874
47.75 1.0 0.00268847947781
50.9166666667 -1.0 0.000900227577498
50.9166666667 -0.8 0.00182145820257
50.9166666667 -0.666666666667 0.00233445643976
50.9166666667 -0.533333333333 0.00307614539567
50.9166666667 -0.4 0.00337394702823
50.9166666667 -0.266666666667 0.00389615075869
50.9166666667 -0.133333333333 0.00428330670059
50.9166666667 0.0 0.00449905266839
50.9166666667 0.133333333333 0.00476543405931
50.9166666667 0.266666666667 0.00449601577216
50.9166666667 0.4 0.00450339730008
50.9166666667 0.533333333333 0.00420573731615
50.9166666667 0.666666666667 0.00354391774808
50.9166666667 0.8 0.00302399636502
50.9166666667 1.0 0.00236050793215
54.0833333333 -1.0 0.000857611910852
54.0833333333 -0.8 0.00142473980696
54.0833333333 -0.666666666667 0.00197047141564
54.0833333333 -0.533333333333 0.00249524490435
54.0833333333 -0.4 0.00307856171085
54.0833333333 -0.266666666667 0.00344691527806
54.0833333333 -0.133333333333 0.0037918924892
54.0833333333 0.0 0.00410172251995
54.0833333333 0.133333333333 0.0039101304619
54.0833333333 0.266666666667 0.00402365602679
54.0833333333 0.4 0.00387264905138
54.0833333333 0.533333333333 0.0035723822364
54.0833333333 0.666666666667 0.0032320476962
54.0833333333 0.8 0.00261580053157
54.0833333333 1.0 0.00192087281099
57.25 -1.0 0.000656878233773
57.25 -0.8 0.00116706981435
57.25 -0.666666666667 0.00171060359128
57.25 -0.533333333333 0.00212633450134
57.25 -0.4 0.00267925348172
57.25 -0.266666666667 0.00284247006039
57.25 -0.133333333333 0.00316801014242
57.25 0.0 0.00338847609019
57.25 0.133333333333 0.0034562918338
57.25 0.266666666667 0.00351815542338
57.25 0.4 0.00319164164356
57.25 0.533333333333 0.00317550287745
57.25 0.666666666667 0.00273138224458
57.25 0.8 0.00234388973869
57.25 1.0 0.00161394679961
60.4166666667 -1.0 0.000552905251328
60.4166666667 -0.8 0.000885952281975
60.4166666667 -0.666666666667 0.0014435874709
60.4166666667 -0.533333333333 0.00185000896477
60.4166666667 -0.4 0.00230389999328
60.4166666667 -0.266666666667 0.00254479735551
60.4166666667 -0.133333333333 0.00300778589695
60.4166666667 0.0 0.00291756427955
60.4166666667 0.133333333333 0.00306442401058
60.4166666667 0.266666666667 0.0031279559813
60.4166666667 0.4 0.00286351374769
60.4166666667 0.533333333333 0.00265341698474
60.4166666667 0.666666666667 0.00228469407034
60.4166666667 0.8 0.00184976475845
60.4166666667 1.0 0.00132083264688
63.5833333333 -1.0 0.000408716885574
63.5833333333 -0.8 0.000824798702243
63.5833333333 -0.666666666667 0.00119078809284
63.5833333333 -0.533333333333 0.00162812822793
63.5833333333 -0.4 0.00187826178313
63.5833333333 -0.266666666667 0.00243127321856
63.5833333333 -0.133333333333 0.00246882558607
63.5833333333 0.0 0.00264147569415
63.5833333333 0.133333333333 0.0025733390661
63.5833333333 0.266666666667 0.00266724611636
63.5833333333 0.4 0.00277125970352
63.5833333333 0.533333333333 0.00239781211981
63.5833333333 0.666666666667 0.00198246125308
63.5833333333 0.8 0.00166337925269
63.5833333333 1.0 0.00108924664998
66.75 -1.0 0.000335516170588
66.75 -0.8 0.000730014644281
66.75 -0.666666666667 0.0010582623118
66.75 -0.533333333333 0.00139875169298
66.75 -0.4 0.00172247584829
66.75 -0.266666666667 0.00211239262584
66.75 -0.133333333333 0.00234823702317
66.75 0.0 0.00234836077163
66.75 0.133333333333 0.00234363868291
66.75 0.266666666667 0.00239779276251
66.75 0.4 0.00234878855224
66.75 0.533333333333 0.00201289718142
66.75 0.666666666667 0.00175538589166
66.75 0.8 0.00151903669054
66.75 1.0 0.000914396192349
69.9166666667 -1.0 0.000267030290394
69.9166666667 -0.8 0.000562287801239
69.9166666667 -0.666666666667 0.000796443103414
69.9166666667 -0.533333333333 0.00121916369079
69.9166666667 -0.4 0.0013373092645
69.9166666667 -0.266666666667 0.00170089682379
69.9166666667 -0.133333333333 0.00193248648201
69.9166666667 0.0 0.00205575032665
69.9166666667 0.133333333333 0.00213115693044
69.9166666667 0.266666666667 0.00219744290569
69.9166666667 0.4 0.00202946383804
69.9166666667 0.533333333333 0.00180737083484
69.9166666667 0.666666666667 0.00152865646727
69.9166666667 0.8 0.00116704519318
69.9166666667 1.0 0.000767934778914
73.0833333333 -1.0 0.000222167017981
73.0833333333 -0.8 0.000432421697412
73.0833333333 -0.666666666667 0.000739452898264
73.0833333333 -0.533333333333 0.00105129806758
73.0833333333 -0.4 0.0013417950316
73.0833333333 -0.266666666667 0.00152151108163
73.0833333333 -0.133333333333 0.00160193373504
73.0833333333 0.0 0.00180503716588
73.0833333333 0.133333333333 0.00188060213078
73.0833333333 0.266666666667 0.00194462494444
73.0833333333 0.4 0.00172934119357
73.0833333333 0.533333333333 0.00158783239907
73.0833333333 0.666666666667 0.00131122174826
73.0833333333 0.8 0.000947471792353
73.0833333333 1.0 0.000659168854414
76.25 -1.0 0.000174847983848
76.25 -0.8 0.000446606685792
76.25 -0.666666666667 0.00069233681252
76.25 -0.533333333333 0.000791443104288
76.25 -0.4 0.00106571041862
76.25 -0.266666666667 0.00133752798913
76.25 -0.133333333333 0.00158552224215
76.25 0.0 0.0015712963358
76.25 0.133333333333 0.00167993627734
76.25 0.266666666667 0.00172458433649
76.25 0.4 0.00163500478992
76.25 0.533333333333 0.0013728766713
76.25 0.666666666667 0.00120029745419
76.25 0.8 0.000803369774431
76.25 1.0 0.000531664529659
79.4166666667 -1.0 0.000170075096924
79.4166666667 -0.8 0.000311926809918
79.4166666667 -0.666666666667 0.000540932436623
79.4166666667 -0.533333333333 0.00077251965651
79.4166666667 -0.4 0.00089556048973
79.4166666667 -0.266666666667 0.00120736160774
79.4166666667 -0.133333333333 0.00131627414494
79.4166666667 0.0 0.00139873964041
79.4166666667 0.133333333333 0.00129948978609
79.4166666667 0.266666666667 0.00140336256708
79.4166666667 0.4 0.00135864744459
79.4166666667 0.533333333333 0.0012757589631
79.4166666667 0.666666666667 0.00100185483296
79.4166666667 0.8 0.000741818289162
79.4166666667 1.0 0.000427671374173
82.5833333333 -1.0 0.000101525129092
82.5833333333 -0.8 0.000264594958651
82.5833333333 -0.666666666667 0.000465327435526
82.5833333333 -0.533333333333 0.000671104663264
82.5833333333 -0.4 0.000869363801854
82.5833333333 -0.266666666667 0.00102070560667
82.5833333333 -0.133333333333 0.00121462037935
82.5833333333 0.0 0.00119780154934
82.5833333333 0.133333333333 0.00126637341015
82.5833333333 0.266666666667 0.00117429566763
82.5833333333 0.4 0.00109608663443
82.5833333333 0.533333333333 0.00101834480198
82.5833333333 0.666666666667 0.000845786117711
82.5833333333 0.8 0.000633168018586
82.5833333333 1.0 0.000366253814525
85.75 -1.0 9.92281948744e-05
85.75 -0.8 0.000229207232925
85.75 -0.666666666667 0.000411064437118
85.75 -0.533333333333 0.000578858738217
85.75 -0.4 0.000722852754526
85.75 -0.266666666667 0.000819946018978
85.75 -0.133333333333 0.000916756420382
85.75 0.0 0.00103719180609
85.75 0.133333333333 0.00116022072954
85.75 0.266666666667 0.000999481683904
85.75 0.4 0.00101362792057
85.75 0.533333333333 0.000888223327683
85.75 0.666666666667 0.000805525125532
85.75 0.8 0.000514993271052
85.75 1.0 0.000278800234677
88.9166666667 -1.0 6.14432671491e-05
88.9166666667 -0.8 0.000200825862604
88.9166666667 -0.666666666667 0.000309443013214
88.9166666667 -0.533333333333 0.000548252825355
88.9166666667 -0.4 0.000607094047952
88.9166666667 -0.266666666667 0.000878767240287
88.9166666667 -0.133333333333 0.000784450042234
88.9166666667 0.0 0.00103256702564
88.9166666667 0.133333333333 0.000956730353489
88.9166666667 0.266666666667 0.000919202856612
88.9166666667 0.4 0.000909631868153
88.9166666667 0.533333333333 0.00073480873816
88.9166666667 0.666666666667 0.000656916133914
88.9166666667 0.8 0.000437067140898
88.9166666667 1.0 0.000240938004677
92.0833333333 -1.0 5.43412454776e-05
92.0833333333 -0.8 0.000184239392026
92.0833333333 -0.666666666667 0.00031425142452
92.0833333333 -0.533333333333 0.000439517945375
92.0833333333 -0.4 0.000597811873454
92.0833333333 -0.266666666667 0.000713445051697
92.0833333333 -0.133333333333 0.000706340845502
92.0833333333 0.0 0.000779690460786
92.0833333333 0.133333333333 0.000850423394477
92.0833333333 0.266666666667 0.000810377139485
92.0833333333 0.4 0.000772698704962
92.0833333333 0.533333333333 0.000609712600519
92.0833333333 0.666666666667 0.000481997286447
92.0833333333 0.8 0.000368507823817
92.0833333333 1.0 0.000198391082467
95.25 -1.0 3.54253275502e-05
95.25 -0.8 0.000141761069457
95.25 -0.666666666667 0.000212585815338
95.25 -0.533333333333 0.000370914109324
95.25 -0.4 0.000500880961945
95.25 -0.266666666667 0.0006142834543
95.25 -0.133333333333 0.000611905786247
95.25 0.0 0.000654435076267
95.25 0.133333333333 0.000635621113636
95.25 0.266666666667 0.000727704711146
95.25 0.4 0.000630868994163
95.25 0.533333333333 0.000571858540828
95.25 0.666666666667 0.000491550762653
95.25 0.8 0.000380338718496
95.25 1.0 0.000191425731746
100.0 -1.0 1.89137974193e-05
100.0 -0.8 0.000103940787829
100.0 -0.666666666667 0.000226903477898
100.0 -0.533333333333 0.000316486584991
100.0 -0.4 0.000406358909268
100.0 -0.266666666667 0.000491350202648
100.0 -0.133333333333 0.000500909681955
100.0 0.0 0.000628451813955
100.0 0.133333333333 0.000652157772667
100.0 0.266666666667 0.000668607293883
100.0 0.4 0.000567052048978
100.0 0.533333333333 0.000486731740787
100.0 0.666666666667 0.000330627855134
100.0 0.8 0.000262285781361
100.0 1.0 0.000113379915528
