5.0 -1.0 0.010719307926
5.0 -0.8 0.0117406287326
5.0 -0.666666666667 0.0125617979282
5.0 -0.533333333333 0.013152551104
5.0 -0.4 0.0131700314879
5.0 -0.266666666667 0.0140773421324
5.0 -0.133333333333 0.0142869859913
5.0 0.0 0.0146769616959
5.0 0.133333333333 0.0148608563144
5.0 0.266666666667 0.0153016069798
5.0 0.4 0.0159688974717
5.0 0.533333333333 0.0163594237873
5.0 0.666666666667 0.0171583203918
5.0 0.8 0.0181473363865
5.0 1.0 0.0192230621199
9.75 -1.0 0.00969230007898
9.75 -0.8 0.011009688542
9.75 -0.666666666667 0.0123162522673
9.75 -0.533333333333 0.0127181104028
9.75 -0.4 0.0138337141111
9.75 -0.266666666667 0.0144595722243
9.75 -0.133333333333 0.0144788487688
9.75 0.0 0.014922466602
9.75 0.133333333333 0.015520960117
9.75 0.266666666667 0.0158271635869
9.75 0.4 0.0162084978471
9.75 0.533333333333 0.0166637862393
9.75 0.666666666667 0.0174573288132
9.75 0.8 0.0184261783826
9.75 1.0 0.0196330820583
12.9166666667 -1.0 0.00816056343947
12.9166666667 -0.8 0.0101576693652
12.9166666667 -0.666666666667 0.0114041537197
12.9166666667 -0.533333333333 0.0123261081172
12.9166666667 -0.4 0.0132918945912
12.9166666667 -0.266666666667 0.0138971638963
12.9166666667 -0.133333333333 0.0146551282841
12.9166666667 0.0 0.0150999894268
12.9166666667 0.133333333333 0.0153505357482
12.9166666667 0.266666666667 0.0159294797107
12.9166666667 0.4 0.0162458249736
12.9166666667 0.533333333333 0.0166737893297
12.9166666667 0.666666666667 0.017366575835
12.9166666667 0.8 0.0182398418417
12.9166666667 1.0 0.0191216112866
16.0833333333 -1.0 0.00699138945024
16.0833333333 -0.8 0.00910545563989
16.0833333333 -0.666666666667 0.0102630480192
16.0833333333 -0.533333333333 0.0113317729058
16.0833333333 -0.4 0.0127750779289
16.0833333333 -0.266666666667 0.013632735754
16.0833333333 -0.133333333333 0.0142425509918
16.0833333333 0.0 0.0149416987996
16.0833333333 0.133333333333 0.0149652578238
16.0833333333 0.266666666667 0.0158917570502
16.0833333333 0.4 0.0161727419979
16.0833333333 0.533333333333 0.0161697350067
16.0833333333 0.666666666667 0.0166596997791
16.0833333333 0.8 0.016753776442
16.0833333333 1.0 0.0176022857672
19.25 -1.0 0.00570105452676
19.25 -0.8 0.00756770107217
19.25 -0.666666666667 0.00897038740633
19.25 -0.533333333333 0.0104507773641
19.25 -0.4 0.0117517440633
19.25 -0.266666666667 0.0127611020713
19.25 -0.133333333333 0.0130888190232
19.25 0.0 0.0137248222139
19.25 0.133333333333 0.0145656706834
19.25 0.266666666667 0.0147270393031
19.25 0.4 0.0149580822281
19.25 0.533333333333 0.0153947953489
19.25 0.666666666667 0.0155914513366
19.25 0.8 0.015592186905
19.25 1.0 0.0155863453585
22.4166666667 -1.0 0.00456225652999
22.4166666667 -0.8 0.00639801065405
22.4166666667 -0.666666666667 0.00757728009499
22.4166666667 -0.533333333333 0.00913451798139
22.4166666667 -0.4 0.0103324336557
22.4166666667 -0.266666666667 0.0110804699798
22.4166666667 -0.133333333333 0.0120304330424
22.4166666667 0.0 0.0125860984812
22.4166666667 0.133333333333 0.0132805734933
22.4166666667 0.266666666667 0.0135951645973
22.4166666667 0.4 0.0137506155809
22.4166666667 0.533333333333 0.0144219771352
22.4166666667 0.666666666667 0.0140934392777
22.4166666667 0.8 0.013854642747
22.4166666667 1.0 0.0135687706105
25.5833333333 -1.0 0.00393618227362
25.5833333333 -0.8 0.00533477595254
25.5833333333 -0.666666666667 0.0067123954761
25.5833333333 -0.533333333333 0.0078322040202
25.5833333333 -0.4 0.00888635051056
25.5833333333 -0.266666666667 0.0103955537069
25.5833333333 -0.133333333333 0.0108965225342
25.5833333333 0.0 0.0112889803435
25.5833333333 0.133333333333 0.0119318219595
25.5833333333 0.266666666667 0.0121697896508
25.5833333333 0.4 0.0123071382804
25.5833333333 0.533333333333 0.0127208357818
25.5833333333 0.666666666667 0.0128673546579
25.5833333333 0.8 0.0125175610799
25.5833333333 1.0 0.0120243586329
28.75 -1.0 0.00302439594448
28.75 -0.8 0.00451474577517
28.75 -0.666666666667 0.00566564198887
28.75 -0.533333333333 0.00685190768831
28.75 -0.4 0.00812218574332
28.75 -0.266666666667 0.00902364872218
28.75 -0.133333333333 0.00915320652523
28.75 0.0 0.00989907303936
28.75 0.133333333333 0.0106563432181
28.75 0.266666666667 0.0108516757642
28.75 0.4 0.0111749485114
28.75 0.533333333333 0.0112561075761
28.75 0.666666666667 0.0114189114611
28.75 0.8 0.010868696009
28.75 1.0 0.010332171969
31.9166666667 -1.0 0.00239088079277
31.9166666667 -0.8 0.00374946592559
31.9166666667 -0.666666666667 0.00486007186847
31.9166666667 -0.533333333333 0.00612222035979
31.9166666667 -0.4 0.00686568749842
31.9166666667 -0.266666666667 0.00792700569625
31.9166666667 -0.133333333333 0.00826722901136
31.9166666667 0.0 0.00905446015089
31.9166666667 0.133333333333 0.00977635988128
31.9166666667 0.266666666667 0.00988353493579
31.9166666667 0.4 0.0101119679152
31.9166666667 0.533333333333 0.0103670860786
31.9166666667 0.666666666667 0.00955890290562
31.9166666667 0.8 0.00938031083185
31.9166666667 1.0 0.00872984479599
35.0833333333 -1.0 0.00191137707178
35.0833333333 -0.8 0.00296529911843
35.0833333333 -0.666666666667 0.0040945955227
35.0833333333 -0.533333333333 0.00517423901151
35.0833333333 -0.4 0.0059425287393
35.0833333333 -0.266666666667 0.00679705280046
35.0833333333 -0.133333333333 0.00740963664852
35.0833333333 0.0 0.00809247900697
35.0833333333 0.133333333333 0.0082460520262
35.0833333333 0.266666666667 0.00858143627427
35.0833333333 0.4 0.00878405604927
35.0833333333 0.533333333333 0.0088011057716
35.0833333333 0.666666666667 0.00856791296575
35.0833333333 0.8 0.00811095632984
35.0833333333 1.0 0.00746644599203
38.25 -1.0 0.00159007740876
38.25 -0.8 0.00254465271587
38.25 -0.666666666667 0.00346627949577
38.25 -0.533333333333 0.00429533602756
38.25 -0.4 0.00522375986595
38.25 -0.266666666667 0.00589725680238
38.25 -0.133333333333 0.00645509862403
38.25 0.0 0.0070456434006
38.25 0.133333333333 0.00744055159239
38.25 0.266666666667 0.00789872108019
38.25 0.4 0.00779725370218
38.25 0.533333333333 0.0079027380104
38.25 0.666666666667 0.00774940030174
38.25 0.8 0.0073268658361
38.25 1.0 0.00632693915036
41.4166666667 -1.0 0.00126866053175
41.4166666667 -0.8 0.00198938314069
41.4166666667 -0.666666666667 0.00287064502678
41.4166666667 -0.533333333333 0.00364344301926
41.4166666667 -0.4 0.00454089966561
41.4166666667 -0.266666666667 0.00512467107018
41.4166666667 -0.133333333333 0.00583347219526
41.4166666667 0.0 0.00649689162293
41.4166666667 0.133333333333 0.00644970787266
41.4166666667 0.266666666667 0.00675456413808
41.4166666667 0.4 0.00693012015027
41.4166666667 0.533333333333 0.00681870416649
41.4166666667 0.666666666667 0.00656133623463
41.4166666667 0.8 0.00626180218801
41.4166666667 1.0 0.00558290846778
44.5833333333 -1.0 0.000997113665741
44.5833333333 -0.8 0.00164688029818
44.5833333333 -0.666666666667 0.00235577058714
44.5833333333 -0.533333333333 0.00317777079074
44.5833333333 -0.4 0.00395252354917
44.5833333333 -0.266666666667 0.0045976379631
44.5833333333 -0.133333333333 0.00518143738777
44.5833333333 0.0 0.00568023908823
44.5833333333 0.133333333333 0.00594656055999
44.5833333333 0.266666666667 0.00603955867672
44.5833333333 0.4 0.00627747793126
44.5833333333 0.533333333333 0.00611220754826
44.5833333333 0.666666666667 0.00577656998792
44.5833333333 0.8 0.00532566837444
44.5833333333 1.0 0.00459068392729
47.75 -1.0 0.000713542682933
47.75 -0.8 0.0013513030253
47.75 -0.666666666667 0.00214538284341
47.75 -0.533333333333 0.00264153556851
47.75 -0.4 0.00344990036993
47.75 -0.266666666667 0.00385548896947
47.75 -0.133333333333 0.00435658026512
47.75 0.0 0.00481488266814
47.75 0.133333333333 0.00522597032631
47.75 0.266666666667 0.00522678831775
47.75 0.4 0.00542023282092
47.75 0.533333333333 0.00535622436667
47.75 0.666666666667 0.00512262639983
47.75 0.8 0.0047015657919
47.75 1.0 0.00377573229347
50.9166666667 -1.0 0.000590709775591
50.9166666667 -0.8 0.00115547451465
50.9166666667 -0.666666666667 0.00171061270778
50.9166666667 -0.533333333333 0.00237692417014
50.9166666667 -0.4 0.00302914631107
50.9166666667 -0.266666666667 0.00337619650401
50.9166666667 -0.133333333333 0.00387721578423
50.9166666667 0.0 0.00411818093468
50.9166666667 0.133333333333 0.00472997612888
50.9166666667 0.266666666667 0.00482896886038
50.9166666667 0.4 0.00492863240401
50.9166666667 0.533333333333 0.00472302647499
50.9166666667 0.666666666667 0.00446329634444
50.9166666667 0.8 0.00394327159374
50.9166666667 1.0 0.00323211875576
54.0833333333 -1.0 0.000474915921588
54.0833333333 -0.8 0.000973384451906
54.0833333333 -0.666666666667 0.00141084672817
54.0833333333 -0.533333333333 0.00198229737267
54.0833333333 -0.4 0.00259656973815
54.0833333333 -0.266666666667 0.00282091626014
54.0833333333 -0.133333333333 0.00331216846659
54.0833333333 0.0 0.0037495079091
54.0833333333 0.133333333333 0.00397436930983
54.0833333333 0.266666666667 0.0043075980169
54.0833333333 0.4 0.00441809678001
54.0833333333 0.533333333333 0.00411819332716
54.0833333333 0.666666666667 0.00383462647064
54.0833333333 0.8 0.00351568520706
54.0833333333 1.0 0.00282552289118
57.25 -1.0 0.00040160410252
57.25 -0.8 0.000793894802874
57.25 -0.666666666667 0.00124992338908
57.25 -0.533333333333 0.00169873955189
57.25 -0.4 0.00213599834415
57.25 -0.266666666667 0.00249245861687
57.25 -0.133333333333 0.00292258081969
57.25 0.0 0.00326297167913
57.25 0.133333333333 0.00344242247162
57.25 0.266666666667 0.00355071625661
57.25 0.4 0.00358447799611
57.25 0.533333333333 0.00365241979362
57.25 0.666666666667 0.0033575218356
57.25 0.8 0.00288712294362
57.25 1.0 0.00233705387318
60.4166666667 -1.0 0.000307104528581
60.4166666667 -0.8 0.000652139404675
60.4166666667 -0.666666666667 0.0009993945684
60.4166666667 -0.533333333333 0.00136789287954
60.4166666667 -0.4 0.0018641856908
60.4166666667 -0.266666666667 0.00227765626455
60.4166666667 -0.133333333333 0.00249966423138
60.4166666667 0.0 0.0027737082384
60.4166666667 0.133333333333 0.00321566265109
60.4166666667 0.266666666667 0.0032203104654
60.4166666667 0.4 0.00319892599531
60.4166666667 0.533333333333 0.00306931793421
60.4166666667 0.666666666667 0.00280688819821
60.4166666667 0.8 0.00247142614298
60.4166666667 1.0 0.00194682650071
63.5833333333 -1.0 0.000226831427884
63.5833333333 -0.8 0.000574191103428
63.5833333333 -0.666666666667 0.000843561931097
63.5833333333 -0.533333333333 0.00132292888301
63.5833333333 -0.4 0.00161592024799
63.5833333333 -0.266666666667 0.00187144877415
63.5833333333 -0.133333333333 0.00237247072792
63.5833333333 0.0 0.00251357485971
63.5833333333 0.133333333333 0.00259641118597
63.5833333333 0.266666666667 0.00274753690943
63.5833333333 0.4 0.00284229419146
63.5833333333 0.533333333333 0.00271020337826
63.5833333333 0.666666666667 0.00239577277996
63.5833333333 0.8 0.00229921592672
63.5833333333 1.0 0.00168465002505
66.75 -1.0 0.00023866676737
66.75 -0.8 0.000406400509227
66.75 -0.666666666667 0.000744102281834
66.75 -0.533333333333 0.00103963400586
66.75 -0.4 0.00141036369268
66.75 -0.266666666667 0.00161125458186
66.75 -0.133333333333 0.00190887818253
66.75 0.0 0.00228446149629
66.75 0.133333333333 0.00236974978119
66.75 0.266666666667 0.0025825207231
66.75 0.4 0.0024736796709
66.75 0.533333333333 0.00259400532442
66.75 0.666666666667 0.0023273184284
66.75 0.8 0.00193032771928
66.75 1.0 0.00142458387727
69.9166666667 -1.0 0.000158299131264
69.9166666667 -0.8 0.000352141485375
69.9166666667 -0.666666666667 0.000623679311198
69.9166666667 -0.533333333333 0.000876439678501
69.9166666667 -0.4 0.0011269837567
69.9166666667 -0.266666666667 0.00150988936987
69.9166666667 -0.133333333333 0.0017199049398
69.9166666667 0.0 0.00192795820335
69.9166666667 0.133333333333 0.002100505869
69.9166666667 0.266666666667 0.00215497261798
69.9166666667 0.4 0.00226814592616
69.9166666667 0.533333333333 0.00220662966981
69.9166666667 0.666666666667 0.00189262706306
69.9166666667 0.8 0.00156871370009
69.9166666667 1.0 0.00101354800901
73.0833333333 -1.0 0.000125203979762
73.0833333333 -0.8 0.000330848788341
73.0833333333 -0.666666666667 0.000505553110075
73.0833333333 -0.533333333333 0.000753644373276
73.0833333333 -0.4 0.00103717795044
73.0833333333 -0.266666666667 0.00121456473832
73.0833333333 -0.133333333333 0.00147647574803
73.0833333333 0.0 0.00167049157804
73.0833333333 0.133333333333 0.00191149968988
73.0833333333 0.266666666667 0.00194194379356
73.0833333333 0.4 0.00181226849751
73.0833333333 0.533333333333 0.0019515828701
73.0833333333 0.666666666667 0.00167271911231
73.0833333333 0.8 0.00138903105196
73.0833333333 1.0 0.000982874476669
76.25 -1.0 7.08764787723e-05
76.25 -0.8 0.000252850187688
76.25 -0.666666666667 0.000422859723447
76.25 -0.533333333333 0.000746757201931
76.25 -0.4 0.000907364693277
76.25 -0.266666666667 0.00109874998483
76.25 -0.133333333333 0.0013350277146
76.25 0.0 0.00144386286063
76.25 0.133333333333 0.00166569257713
76.25 0.266666666667 0.00167529571396
76.25 0.4 0.00170118249245
76.25 0.533333333333 0.00166115154795
76.25 0.666666666667 0.00150493699368
76.25 0.8 0.0012664160749
76.25 1.0 0.00086000116024
79.4166666667 -1.0 8.02967238488e-05
79.4166666667 -0.8 0.000191426985425
79.4166666667 -0.666666666667 0.000375566711082
79.4166666667 -0.533333333333 0.000567028518952
79.4166666667 -0.4 0.000791452676587
79.4166666667 -0.266666666667 0.000949753361927
79.4166666667 -0.133333333333 0.00117929908252
79.4166666667 0.0 0.00129479095775
79.4166666667 0.133333333333 0.00141991424585
79.4166666667 0.266666666667 0.00147913731955
79.4166666667 0.4 0.00142479732715
79.4166666667 0.533333333333 0.00133480971406
79.4166666667 0.666666666667 0.0012098677156
79.4166666667 0.8 0.00107956125527
79.4166666667 1.0 0.000744290544359
82.5833333333 -1.0 6.61708417675e-05
82.5833333333 -0.8 0.000196097727119
82.5833333333 -0.666666666667 0.000316607162772
82.5833333333 -0.533333333333 0.000479649765076
82.5833333333 -0.4 0.000647210981353
82.5833333333 -0.266666666667 0.000803382609032
82.5833333333 -0.133333333333 0.000956928789278
82.5833333333 0.0 0.00105591390131
82.5833333333 0.133333333333 0.00122852635012
82.5833333333 0.266666666667 0.0012145661388
82.5833333333 0.4 0.00129929715363
82.5833333333 0.533333333333 0.00120974426153
82.5833333333 0.666666666667 0.00115313658773
82.5833333333 0.8 0.000928465767061
82.5833333333 1.0 0.000649653952173
85.75 -1.0 4.96030391129e-05
85.75 -0.8 0.000179599903998
85.75 -0.666666666667 0.000233853706747
85.75 -0.533333333333 0.000404072271443
85.75 -0.4 0.000522196934084
85.75 -0.266666666667 0.000715995503424
85.75 -0.133333333333 0.000817346788547
85.75 0.0 0.00103736987517
85.75 0.133333333333 0.00101597894773
85.75 0.266666666667 0.00114825961476
85.75 0.4 0.00107491358486
85.75 0.533333333333 0.00105132947692
85.75 0.666666666667 0.000970926855655
85.75 0.8 0.000732437879241
85.75 1.0 0.000522093514378
88.9166666667 -1.0 4.25274213134e-05
88.9166666667 -0.8 0.000120514186126
88.9166666667 -0.666666666667 0.000217411907733
88.9166666667 -0.533333333333 0.000375665866533
88.9166666667 -0.4 0.000503173503012
88.9166666667 -0.266666666667 0.00057415087346
88.9166666667 -0.133333333333 0.000791375381743
88.9166666667 0.0 0.000841212965698
88.9166666667 0.133333333333 0.000881124348952
88.9166666667 0.266666666667 0.00103022806973
88.9166666667 0.4 0.000947386089053
88.9166666667 0.533333333333 0.000914350545044
88.9166666667 0.666666666667 0.000866987438667
88.9166666667 0.8 0.000711310206824
88.9166666667 1.0 0.000460719616454
92.0833333333 -1.0 1.89045317978e-05
92.0833333333 -0.8 9.9225267157e-05
92.0833333333 -0.666666666667 0.000151172268149
92.0833333333 -0.533333333333 0.000281204269441
92.0833333333 -0.4 0.000401670882166
92.0833333333 -0.266666666667 0.000519828896797
92.0833333333 -0.133333333333 0.000668609707813
92.0833333333 0.0 0.000779612395111
92.0833333333 0.133333333333 0.000829326651151
92.0833333333 0.266666666667 0.000845677261711
92.0833333333 0.4 0.000878999191807
92.0833333333 0.533333333333 0.000774796305573
92.0833333333 0.666666666667 0.000694663723852
92.0833333333 0.8 0.000533989640189
92.0833333333 1.0 0.000404065278298
95.25 -1.0 1.41813554719e-05
95.25 -0.8 7.79675365721e-05
95.25 -0.666666666667 0.000181992738717
95.25 -0.533333333333 0.000262206123855
95.25 -0.4 0.000333180580186
95.25 -0.266666666667 0.000463102412644
95.25 -0.133333333333 0.000519910784523
95.25 0.0 0.000666322623813
95.25 0.133333333333 0.00069715286108
95.25 0.266666666667 0.000706418640699
95.25 0.4 0.000713555810246
95.25 0.533333333333 0.000637808659917
95.25 0.666666666667 0.000623675472426
95.25 0.8 0.000484280433608
95.25 1.0 0.00038980413934
100.0 -1.0 1.18130291523e-05
100.0 -0.8 4.72579108721e-05
100.0 -0.666666666667 0.000111047843157
100.0 -0.533333333333 0.000172423302843
100.0 -0.4 0.000269307204478
100.0 -0.266666666667 0.000425192649355
100.0 -0.133333333333 0.00045844930331
100.0 0.0 0.000550480079399
100.0 0.133333333333 0.000597811423542
100.0 0.266666666667 0.000607172623731
100.0 0.4 0.000701803398282
100.0 0.533333333333 0.000595292514676
100.0 0.666666666667 0.000507904577686
100.0 0.8 0.000444230715544
100.0 1.0 0.000273971088271
