5.0 -1.0 0.0262570370688
5.0 -0.8 0.0241325928411
5.0 -0.666666666667 0.0223760844072
5.0 -0.533333333333 0.0214154636222
5.0 -0.4 0.020219650895
5.0 -0.266666666667 0.0210694348877
5.0 -0.133333333333 0.0191260231832
5.0 0.0 0.0194110223743
5.0 0.133333333333 0.0189377027691
5.0 0.266666666667 0.0166683182444
5.0 0.4 0.0169619811889
5.0 0.533333333333 0.0168756498513
5.0 0.666666666667 0.0146083151983
5.0 0.8 0.0140935663056
5.0 1.0 0.0151812418788
9.75 -1.0 0.024966055331
9.75 -0.8 0.0215035603288
9.75 -0.666666666667 0.0223695818356
9.75 -0.533333333333 0.02066209744
9.75 -0.4 0.0203214676016
9.75 -0.266666666667 0.0199690581669
9.75 -0.133333333333 0.0188978010322
9.75 0.0 0.0182423666525
9.75 0.133333333333 0.019203282708
9.75 0.266666666667 0.017970932024
9.75 0.4 0.0172232237583
9.75 0.533333333333 0.015926139623
9.75 0.666666666667 0.0141316045669
9.75 0.8 0.0133949078701
9.75 1.0 0.0115994422116
12.9166666667 -1.0 0.0231239039302
12.9166666667 -0.8 0.0201620465769
12.9166666667 -0.666666666667 0.0198530865174
12.9166666667 -0.533333333333 0.0209150126214
12.9166666667 -0.4 0.0206499359394
12.9166666667 -0.266666666667 0.0201717161263
12.9166666667 -0.133333333333 0.019906594185
12.9166666667 0.0 0.0175555991879
12.9166666667 0.133333333333 0.0179751411203
12.9166666667 0.266666666667 0.0175542306817
12.9166666667 0.4 0.0162060024584
12.9166666667 0.533333333333 0.0142772683874
12.9166666667 0.666666666667 0.0128385622014
12.9166666667 0.8 0.0109714363928
12.9166666667 1.0 0.00909210717897
16.0833333333 -1.0 0.0204550094347
16.0833333333 -0.8 0.0174916485379
16.0833333333 -0.666666666667 0.0194842381302
16.0833333333 -0.533333333333 0.018599427201
16.0833333333 -0.4 0.0192478571425
16.0833333333 -0.266666666667 0.0188555030137
16.0833333333 -0.133333333333 0.0178253863703
16.0833333333 0.0 0.0173193540296
16.0833333333 0.133333333333 0.0162174933992
16.0833333333 0.266666666667 0.0150380997987
16.0833333333 0.4 0.0141075753279
16.0833333333 0.533333333333 0.0122289164997
16.0833333333 0.666666666667 0.0111182676175
16.0833333333 0.8 0.00862670408869
16.0833333333 1.0 0.00756927948634
19.25 -1.0 0.0154733896803
19.25 -0.8 0.0160787706651
19.25 -0.666666666667 0.0180475916098
19.25 -0.533333333333 0.0171505353437
19.25 -0.4 0.0173160110727
19.25 -0.266666666667 0.0170227158958
19.25 -0.133333333333 0.0164171806908
19.25 0.0 0.0157405310539
19.25 0.133333333333 0.0138864016754
19.25 0.266666666667 0.0143013644249
19.25 0.4 0.0126861949622
19.25 0.533333333333 0.010542543085
19.25 0.666666666667 0.00918923301457
19.25 0.8 0.00667895238598
19.25 1.0 0.00565118218119
22.4166666667 -1.0 0.0138091463406
22.4166666667 -0.8 0.0143020516238
22.4166666667 -0.666666666667 0.0164798692317
22.4166666667 -0.533333333333 0.0149377487587
22.4166666667 -0.4 0.0154971085846
22.4166666667 -0.266666666667 0.0152738916823
22.4166666667 -0.133333333333 0.0147705183815
22.4166666667 0.0 0.0140650712092
22.4166666667 0.133333333333 0.0131242411892
22.4166666667 0.266666666667 0.0123534907359
22.4166666667 0.4 0.0110931825968
22.4166666667 0.533333333333 0.0101645337946
22.4166666667 0.666666666667 0.00711917904465
22.4166666667 0.8 0.00599338443862
22.4166666667 1.0 0.00386944954102
25.5833333333 -1.0 0.0103902937201
25.5833333333 -0.8 0.0122381370918
25.5833333333 -0.666666666667 0.0127841021938
25.5833333333 -0.533333333333 0.0130574247682
25.5833333333 -0.4 0.0120777668222
25.5833333333 -0.266666666667 0.0134565119615
25.5833333333 -0.133333333333 0.0125849155333
25.5833333333 0.0 0.0130997802271
25.5833333333 0.133333333333 0.0113784880648
25.5833333333 0.266666666667 0.0103002130341
25.5833333333 0.4 0.00943759999547
25.5833333333 0.533333333333 0.00789632686033
25.5833333333 0.666666666667 0.00617925321262
25.5833333333 0.8 0.00532840221896
25.5833333333 1.0 0.00275209849945
28.75 -1.0 0.00849878219539
28.75 -0.8 0.010910615238
28.75 -0.666666666667 0.0106754134878
28.75 -0.533333333333 0.011826140291
28.75 -0.4 0.0126726618378
28.75 -0.266666666667 0.011073235542
28.75 -0.133333333333 0.0112690146276
28.75 0.0 0.0102156660602
28.75 0.133333333333 0.00971091949867
28.75 0.266666666667 0.0081851885695
28.75 0.4 0.00741103256565
28.75 0.533333333333 0.00649833206956
28.75 0.666666666667 0.00581809181425
28.75 0.8 0.00368905105639
28.75 1.0 0.00271142542509
31.9166666667 -1.0 0.00676401881868
31.9166666667 -0.8 0.00842210338156
31.9166666667 -0.666666666667 0.00857246428094
31.9166666667 -0.533333333333 0.010690410635
31.9166666667 -0.4 0.0102714980393
31.9166666667 -0.266666666667 0.00998000266487
31.9166666667 -0.133333333333 0.00931060130049
31.9166666667 0.0 0.00978902311014
31.9166666667 0.133333333333 0.00844745699503
31.9166666667 0.266666666667 0.00815773988431
31.9166666667 0.4 0.00629912851938
31.9166666667 0.533333333333 0.00544341944809
31.9166666667 0.666666666667 0.0039353412251
31.9166666667 0.8 0.00300800045585
31.9166666667 1.0 0.00164102054752
35.0833333333 -1.0 0.00529169858287
35.0833333333 -0.8 0.00687669574164
35.0833333333 -0.666666666667 0.00745624874764
35.0833333333 -0.533333333333 0.00803456733686
35.0833333333 -0.4 0.00853499318335
35.0833333333 -0.266666666667 0.00851717018115
35.0833333333 -0.133333333333 0.00852085771592
35.0833333333 0.0 0.00764161934063
35.0833333333 0.133333333333 0.00696565879026
35.0833333333 0.266666666667 0.00672663843508
35.0833333333 0.4 0.00484896544251
35.0833333333 0.533333333333 0.00386863446872
35.0833333333 0.666666666667 0.00316491331568
35.0833333333 0.8 0.00218289137218
35.0833333333 1.0 0.00141349280732
38.25 -1.0 0.0050103939568
38.25 -0.8 0.00614816473612
38.25 -0.666666666667 0.00583644001199
38.25 -0.533333333333 0.00670201711952
38.25 -0.4 0.00684268346506
38.25 -0.266666666667 0.00666603740583
38.25 -0.133333333333 0.00720508036761
38.25 0.0 0.00636971045289
38.25 0.133333333333 0.00682767181637
38.25 0.266666666667 0.00560440874413
38.25 0.4 0.00438115347559
38.25 0.533333333333 0.00341335428875
38.25 0.666666666667 0.00310111449701
38.25 0.8 0.00182700037057
38.25 1.0 0.00112146458615
41.4166666667 -1.0 0.00389134739276
41.4166666667 -0.8 0.00453346347321
41.4166666667 -0.666666666667 0.00531201577248
41.4166666667 -0.533333333333 0.00543881999251
41.4166666667 -0.4 0.0068332245179
41.4166666667 -0.266666666667 0.00609293392889
41.4166666667 -0.133333333333 0.00594275815217
41.4166666667 0.0 0.00551817656476
41.4166666667 0.133333333333 0.00531673416961
41.4166666667 0.266666666667 0.00413678340853
41.4166666667 0.4 0.00326054715911
41.4166666667 0.533333333333 0.0027107029105
41.4166666667 0.666666666667 0.00207301672484
41.4166666667 0.8 0.00118610297782
41.4166666667 1.0 0.000728386796322
44.5833333333 -1.0 0.00305522074681
44.5833333333 -0.8 0.00411315307427
44.5833333333 -0.666666666667 0.00475623316649
44.5833333333 -0.533333333333 0.00544445603572
44.5833333333 -0.4 0.00526380780415
44.5833333333 -0.266666666667 0.00532366151163
44.5833333333 -0.133333333333 0.00523427867752
44.5833333333 0.0 0.00450691972835
44.5833333333 0.133333333333 0.00398658211831
44.5833333333 0.266666666667 0.00328130385859
44.5833333333 0.4 0.00275377832742
44.5833333333 0.533333333333 0.00220779029299
44.5833333333 0.666666666667 0.00152822788867
44.5833333333 0.8 0.00127260987144
44.5833333333 1.0 0.000569731881838
47.75 -1.0 0.00244495864765
47.75 -0.8 0.00311837213883
47.75 -0.666666666667 0.00359374521148
47.75 -0.533333333333 0.00358134009409
47.75 -0.4 0.00440396138743
47.75 -0.266666666667 0.00448622912074
47.75 -0.133333333333 0.00408328406207
47.75 0.0 0.0037625932924
47.75 0.133333333333 0.0035741833374
47.75 0.266666666667 0.0029319133184
47.75 0.4 0.00274066410219
47.75 0.533333333333 0.00184274980331
47.75 0.666666666667 0.00145833120629
47.75 0.8 0.000844667917603
47.75 1.0 0.000636495036118
50.9166666667 -1.0 0.00167192754128
50.9166666667 -0.8 0.00235094278009
50.9166666667 -0.666666666667 0.00330115074839
50.9166666667 -0.533333333333 0.0035294174721
50.9166666667 -0.4 0.00403623468963
50.9166666667 -0.266666666667 0.00371835299055
50.9166666667 -0.133333333333 0.00337777794433
50.9166666667 0.0 0.00314305023726
50.9166666667 0.133333333333 0.00251064855268
50.9166666667 0.266666666667 0.00230109908425
50.9166666667 0.4 0.00177120550625
50.9166666667 0.533333333333 0.00161528374579
50.9166666667 0.666666666667 0.000911894127312
50.9166666667 0.8 0.000523055245369
50.9166666667 1.0 0.000368432540599
54.0833333333 -1.0 0.00114136475022
54.0833333333 -0.8 0.00204854993374
54.0833333333 -0.666666666667 0.00211934048028
54.0833333333 -0.533333333333 0.00257480295948
54.0833333333 -0.4 0.00321724864123
54.0833333333 -0.266666666667 0.00316290231526
54.0833333333 -0.133333333333 0.00305314651752
54.0833333333 0.0 0.00315062308721
54.0833333333 0.133333333333 0.0025711182039
54.0833333333 0.266666666667 0.00173399547598
54.0833333333 0.4 0.00190907365799
54.0833333333 0.533333333333 0.00109325432557
54.0833333333 0.666666666667 0.000960367854882
54.0833333333 0.8 0.00075321785174
54.0833333333 1.0 0.000272500528656
57.25 -1.0 0.00118104851372
57.25 -0.8 0.00199922186547
57.25 -0.666666666667 0.00212385693393
57.25 -0.533333333333 0.00243724867906
57.25 -0.4 0.00246304941283
57.25 -0.266666666667 0.00300486830953
57.25 -0.133333333333 0.0025343994495
57.25 0.0 0.00228249539729
57.25 0.133333333333 0.00184535287879
57.25 0.266666666667 0.00164234877441
57.25 0.4 0.00127747152348
57.25 0.533333333333 0.000911259833304
57.25 0.666666666667 0.000547291682921
57.25 0.8 0.000390394497314
57.25 1.0 0.000203703044605
60.4166666667 -1.0 0.000866924757697
60.4166666667 -0.8 0.00164035472917
60.4166666667 -0.666666666667 0.00141501832462
60.4166666667 -0.533333333333 0.00184432330808
60.4166666667 -0.4 0.00223839716136
60.4166666667 -0.266666666667 0.002556179694
60.4166666667 -0.133333333333 0.00218704284903
60.4166666667 0.0 0.00186456825706
60.4166666667 0.133333333333 0.00182122245165
60.4166666667 0.266666666667 0.001637049541
60.4166666667 0.4 0.00106781148162
60.4166666667 0.533333333333 0.0010256592726
60.4166666667 0.666666666667 0.000523695547644
60.4166666667 0.8 0.000363649888645
60.4166666667 1.0 9.16427853465e-05
63.5833333333 -1.0 0.000754043643106
63.5833333333 -0.8 0.00120824284122
63.5833333333 -0.666666666667 0.00168845619327
63.5833333333 -0.533333333333 0.00154575698691
63.5833333333 -0.4 0.00164422930132
63.5833333333 -0.266666666667 0.00184637502142
63.5833333333 -0.133333333333 0.00165970719695
63.5833333333 0.0 0.00156437005853
63.5833333333 0.133333333333 0.0015286380965
63.5833333333 0.266666666667 0.00109749152552
63.5833333333 0.4 0.00079746704373
63.5833333333 0.533333333333 0.000703943862291
63.5833333333 0.666666666667 0.000547078542015
63.5833333333 0.8 0.000297465511747
63.5833333333 1.0 2.24197373403e-05
66.75 -1.0 0.000340318645679
66.75 -0.8 0.00104563321852
66.75 -0.666666666667 0.00136262516788
66.75 -0.533333333333 0.00134737844695
66.75 -0.4 0.00157499132114
66.75 -0.266666666667 0.00138627658778
66.75 -0.133333333333 0.00159353527449
66.75 0.0 0.00148108623575
66.75 0.133333333333 0.00118295660672
66.75 0.266666666667 0.00102398694694
66.75 0.4 0.000929480148722
66.75 0.533333333333 0.000574445951408
66.75 0.666666666667 0.000342458969407
66.75 0.8 0.000230144649932
66.75 1.0 4.50040898971e-05
69.9166666667 -1.0 0.000455697542041
69.9166666667 -0.8 0.000683673010841
69.9166666667 -0.666666666667 0.00103036441344
69.9166666667 -0.533333333333 0.00102540749218
69.9166666667 -0.4 0.00125547324594
69.9166666667 -0.266666666667 0.00121066469413
69.9166666667 -0.133333333333 0.00115644565953
69.9166666667 0.0 0.00129306297589
69.9166666667 0.133333333333 0.000798128177732
69.9166666667 0.266666666667 0.000748865436827
69.9166666667 0.4 0.000795803784175
69.9166666667 0.533333333333 0.000547387541108
69.9166666667 0.666666666667 0.000363587390081
69.9166666667 0.8 0.000203899876492
69.9166666667 1.0 4.50040898971e-05
73.0833333333 -1.0 0.00018285394062
73.0833333333 -0.8 0.000547400436545
73.0833333333 -0.666666666667 0.000774079066481
73.0833333333 -0.533333333333 0.000822144141398
73.0833333333 -0.4 0.00118530008565
73.0833333333 -0.266666666667 0.00102762733642
73.0833333333 -0.133333333333 0.000918065312598
73.0833333333 0.0 0.00118956299072
73.0833333333 0.133333333333 0.000933984055232
73.0833333333 0.266666666667 0.000773677960626
73.0833333333 0.4 0.000453746414803
73.0833333333 0.533333333333 0.000363123211386
73.0833333333 0.666666666667 0.000159234831438
73.0833333333 0.8 9.15833839688e-05
73.0833333333 1.0 2.2692546255e-05
76.25 -1.0 0.000294519534317
76.25 -0.8 0.000573568336443
76.25 -0.666666666667 0.000750295661315
76.25 -0.533333333333 0.000888872906059
76.25 -0.4 0.00104309147817
76.25 -0.266666666667 0.00114275163808
76.25 -0.133333333333 0.00088602776176
76.25 0.0 0.000845318319128
76.25 0.133333333333 0.00075073741257
76.25 0.266666666667 0.000613278668282
76.25 0.4 0.000386558089039
76.25 0.533333333333 0.000229971581235
76.25 0.666666666667 0.0002079345381
76.25 0.8 6.98155364652e-05
76.25 1.0 1e-05
79.4166666667 -1.0 0.000365005295627
79.4166666667 -0.8 0.000410718969413
79.4166666667 -0.666666666667 0.000274527256803
79.4166666667 -0.533333333333 0.000615495289211
79.4166666667 -0.4 0.000707870552366
79.4166666667 -0.266666666667 0.0006857323858
79.4166666667 -0.133333333333 0.000615607996478
79.4166666667 0.0 0.000522410626631
79.4166666667 0.133333333333 0.000482147713209
79.4166666667 0.266666666667 0.000499305858845
79.4166666667 0.4 0.000207060153617
79.4166666667 0.533333333333 0.000227130257325
79.4166666667 0.666666666667 0.000180931232708
79.4166666667 0.8 4.51122835953e-05
79.4166666667 1.0 1e-05
82.5833333333 -1.0 0.000114810624571
82.5833333333 -0.8 0.000271178250276
82.5833333333 -0.666666666667 0.000591838444151
82.5833333333 -0.533333333333 0.00059344496033
82.5833333333 -0.4 0.000637156031065
82.5833333333 -0.266666666667 0.000617485273276
82.5833333333 -0.133333333333 0.000639925587145
82.5833333333 0.0 0.000569328206682
82.5833333333 0.133333333333 0.000569929274542
82.5833333333 0.266666666667 0.000278218893183
82.5833333333 0.4 0.000273824771222
82.5833333333 0.533333333333 0.000273044740205
82.5833333333 0.666666666667 9.13923171533e-05
82.5833333333 0.8 1e-05
82.5833333333 1.0 1e-05
85.75 -1.0 6.75433081369e-05
85.75 -0.8 0.000158562330855
85.75 -0.666666666667 0.000431241022164
85.75 -0.533333333333 0.000478548496391
85.75 -0.4 0.00059808336304
85.75 -0.266666666667 0.000339981080427
85.75 -0.133333333333 0.000432332285626
85.75 0.0 0.000615519096867
85.75 0.133333333333 0.000364659449657
85.75 0.266666666667 0.000180374372193
85.75 0.4 0.000182590812632
85.75 0.533333333333 4.62092267609e-05
85.75 0.666666666667 1e-05
85.75 0.8 4.61842034377e-05
85.75 1.0 1e-05
88.9166666667 -1.0 9.03244925804e-05
88.9166666667 -0.8 0.000203939660821
88.9166666667 -0.666666666667 0.00045908553008
88.9166666667 -0.533333333333 0.000318480652544
88.9166666667 -0.4 0.000523261604129
88.9166666667 -0.266666666667 0.000410490812878
88.9166666667 -0.133333333333 0.000341889928191
88.9166666667 0.0 0.000386928991804
88.9166666667 0.133333333333 0.000339683886309
88.9166666667 0.266666666667 0.000296287838877
88.9166666667 0.4 0.000136067816053
88.9166666667 0.533333333333 6.99688644805e-05
88.9166666667 0.666666666667 1e-05
88.9166666667 0.8 1e-05
88.9166666667 1.0 1e-05
92.0833333333 -1.0 4.60260470446e-05
92.0833333333 -0.8 0.000183094891562
92.0833333333 -0.666666666667 0.000319444518371
92.0833333333 -0.533333333333 0.000271345286747
92.0833333333 -0.4 0.000319147285366
92.0833333333 -0.266666666667 0.000458088314526
92.0833333333 -0.133333333333 0.000340322179657
92.0833333333 0.0 0.000299977490714
92.0833333333 0.133333333333 0.000343305460037
92.0833333333 0.266666666667 0.000182503468843
92.0833333333 0.4 0.000136671383156
92.0833333333 0.533333333333 6.84457843849e-05
92.0833333333 0.666666666667 0.000112772475297
92.0833333333 0.8 1e-05
92.0833333333 1.0 1e-05
95.25 -1.0 0.000114603799883
95.25 -0.8 0.000136551902257
95.25 -0.666666666667 0.000340906770563
95.25 -0.533333333333 0.000318538262406
95.25 -0.4 0.000361580950978
95.25 -0.266666666667 0.00038487203003
95.25 -0.133333333333 0.000251430344742
95.25 0.0 0.000112941934549
95.25 0.133333333333 0.000294395824272
95.25 0.266666666667 0.000273740737326
95.25 0.4 9.14782941554e-05
95.25 0.533333333333 4.63625547762e-05
95.25 0.666666666667 1e-05
95.25 0.8 2.25843525568e-05
95.25 1.0 1e-05
100.0 -1.0 4.62242514755e-05
100.0 -0.8 0.000158552768146
100.0 -0.666666666667 9.18646405564e-05
100.0 -0.533333333333 0.000204698062409
100.0 -0.4 0.000341219657866
100.0 -0.266666666667 0.000272248569651
100.0 -0.133333333333 0.000227373220296
100.0 0.0 0.000206124679286
100.0 0.133333333333 9.14326288998e-05
100.0 0.266666666667 0.000113763386199
100.0 0.4 4.51385955111e-05
100.0 0.533333333333 1e-05
100.0 0.666666666667 1e-05
100.0 0.8 1e-05
100.0 1.0 1e-05
