5.0 -1.0 0.0172680087647
5.0 -0.8 0.0165124837502
5.0 -0.666666666667 0.0171568578225
5.0 -0.533333333333 0.0159898360965
5.0 -0.4 0.0190842564721
5.0 -0.266666666667 0.0185900862942
5.0 -0.133333333333 0.0184935990179
5.0 0.0 0.0186962550392
5.0 0.133333333333 0.019625132639
5.0 0.266666666667 0.0197208369792
5.0 0.4 0.0203594386172
5.0 0.533333333333 0.0199630895228
5.0 0.666666666667 0.0202286036177
5.0 0.8 0.0212007990714
5.0 1.0 0.0244448010112
9.75 -1.0 0.0152232703996
9.75 -0.8 0.014690324475
9.75 -0.666666666667 0.0172452143132
9.75 -0.533333333333 0.0168284392208
9.75 -0.4 0.0161205119174
9.75 -0.266666666667 0.0185118273698
9.75 -0.133333333333 0.0187069297966
9.75 0.0 0.0203320398406
9.75 0.133333333333 0.0201232595411
9.75 0.266666666667 0.0183316814953
9.75 0.4 0.0198225918733
9.75 0.533333333333 0.0190492783931
9.75 0.666666666667 0.019810345258
9.75 0.8 0.0195149446785
9.75 1.0 0.0220708625782
12.9166666667 -1.0 0.0116226413951
12.9166666667 -0.8 0.0132900828591
12.9166666667 -0.666666666667 0.0149654400163
12.9166666667 -0.533333333333 0.0159893754011
12.9166666667 -0.4 0.0171968761907
12.9166666667 -0.266666666667 0.0182291782533
12.9166666667 -0.133333333333 0.0187245267231
12.9166666667 0.0 0.018980681826
12.9166666667 0.133333333333 0.0191014051311
12.9166666667 0.266666666667 0.019666890333
12.9166666667 0.4 0.0183255190529
12.9166666667 0.533333333333 0.0193593288452
12.9166666667 0.666666666667 0.0186668298217
12.9166666667 0.8 0.018660854071
12.9166666667 1.0 0.0184730135857
16.0833333333 -1.0 0.00882451842695
16.0833333333 -0.8 0.00956444985268
16.0833333333 -0.666666666667 0.0132081926615
16.0833333333 -0.533333333333 0.0146944958606
16.0833333333 -0.4 0.0146890415603
16.0833333333 -0.266666666667 0.0165215352939
16.0833333333 -0.133333333333 0.0161515838689
16.0833333333 0.0 0.0178614320581
16.0833333333 0.133333333333 0.0175736026785
16.0833333333 0.266666666667 0.0183289727858
16.0833333333 0.4 0.0190581982287
16.0833333333 0.533333333333 0.0178686238508
16.0833333333 0.666666666667 0.0181163097843
16.0833333333 0.8 0.0156658188561
16.0833333333 1.0 0.0160579843108
19.25 -1.0 0.00719796111766
19.25 -0.8 0.00865903017019
19.25 -0.666666666667 0.0110402190717
19.25 -0.533333333333 0.0128081763147
19.25 -0.4 0.0136847159217
19.25 -0.266666666667 0.0151699414577
19.25 -0.133333333333 0.0145277246251
19.25 0.0 0.0171089624694
19.25 0.133333333333 0.0162029012815
19.25 0.266666666667 0.0149785144917
19.25 0.4 0.0161369689656
19.25 0.533333333333 0.0169503446345
19.25 0.666666666667 0.0154879213857
19.25 0.8 0.0137361912358
19.25 1.0 0.0124930245986
22.4166666667 -1.0 0.00526039250223
22.4166666667 -0.8 0.00787498786286
22.4166666667 -0.666666666667 0.0103282346703
22.4166666667 -0.533333333333 0.0101176424202
22.4166666667 -0.4 0.0123920903513
22.4166666667 -0.266666666667 0.0130166129119
22.4166666667 -0.133333333333 0.0134571294173
22.4166666667 0.0 0.0148711281214
22.4166666667 0.133333333333 0.014871651403
22.4166666667 0.266666666667 0.0141588955162
22.4166666667 0.4 0.0156439115261
22.4166666667 0.533333333333 0.0142340257234
22.4166666667 0.666666666667 0.0139491995558
22.4166666667 0.8 0.0118722495844
22.4166666667 1.0 0.0108047155867
25.5833333333 -1.0 0.00381126247751
25.5833333333 -0.8 0.00593354168228
25.5833333333 -0.666666666667 0.00752273625342
25.5833333333 -0.533333333333 0.00909465127498
25.5833333333 -0.4 0.0110655641142
25.5833333333 -0.266666666667 0.0108500617122
25.5833333333 -0.133333333333 0.0127579777226
25.5833333333 0.0 0.0120374614628
25.5833333333 0.133333333333 0.0138228749857
25.5833333333 0.266666666667 0.0125452549596
25.5833333333 0.4 0.0120968152649
25.5833333333 0.533333333333 0.012272817737
25.5833333333 0.666666666667 0.0110906039594
25.5833333333 0.8 0.00974622825684
25.5833333333 1.0 0.0083134623403
28.75 -1.0 0.00307354281043
28.75 -0.8 0.00474720531498
28.75 -0.666666666667 0.00726338458743
28.75 -0.533333333333 0.00819314839631
28.75 -0.4 0.00867951986323
28.75 -0.266666666667 0.00944288165
28.75 -0.133333333333 0.0102640620561
28.75 0.0 0.010263259306
28.75 0.133333333333 0.011488439963
28.75 0.266666666667 0.0117715720201
28.75 0.4 0.0115554693702
28.75 0.533333333333 0.0099954585779
28.75 0.666666666667 0.00926190486744
28.75 0.8 0.00878612364944
28.75 1.0 0.00637959784616
31.9166666667 -1.0 0.00280551863376
31.9166666667 -0.8 0.00414676238062
31.9166666667 -0.666666666667 0.00497043290295
31.9166666667 -0.533333333333 0.00604778122387
31.9166666667 -0.4 0.00723363212645
31.9166666667 -0.266666666667 0.00884856147826
31.9166666667 -0.133333333333 0.00936399851226
31.9166666667 0.0 0.00938387613593
31.9166666667 0.133333333333 0.00959449968426
31.9166666667 0.266666666667 0.0109919688242
31.9166666667 0.4 0.00925713539399
31.9166666667 0.533333333333 0.0085694866923
31.9166666667 0.666666666667 0.00742656555831
31.9166666667 0.8 0.00696881381234
31.9166666667 1.0 0.0051231959468
35.0833333333 -1.0 0.00193641746686
35.0833333333 -0.8 0.00318856752866
35.0833333333 -0.666666666667 0.0045296633276
35.0833333333 -0.533333333333 0.00553098213014
35.0833333333 -0.4 0.00652113161143
35.0833333333 -0.266666666667 0.00637378526822
35.0833333333 -0.133333333333 0.00725324484874
35.0833333333 0.0 0.00726384076376
35.0833333333 0.133333333333 0.00811888101479
35.0833333333 0.266666666667 0.00838311154304
35.0833333333 0.4 0.00835110890917
35.0833333333 0.533333333333 0.00723641001186
35.0833333333 0.666666666667 0.00671615156251
35.0833333333 0.8 0.00496819428627
35.0833333333 1.0 0.00367355518875
38.25 -1.0 0.00166187843687
38.25 -0.8 0.00211576190741
38.25 -0.666666666667 0.00341785110094
38.25 -0.533333333333 0.00440111675169
38.25 -0.4 0.00541733275687
38.25 -0.266666666667 0.00556380846332
38.25 -0.133333333333 0.00683458723659
38.25 0.0 0.00670057652923
38.25 0.133333333333 0.00705531004987
38.25 0.266666666667 0.00711364729984
38.25 0.4 0.00684962075423
38.25 0.533333333333 0.00605480507409
38.25 0.666666666667 0.00522341217468
38.25 0.8 0.0049524496231
38.25 1.0 0.00369453713568
41.4166666667 -1.0 0.00107146554403
41.4166666667 -0.8 0.00166625287072
41.4166666667 -0.666666666667 0.00282252109159
41.4166666667 -0.533333333333 0.00383309624005
41.4166666667 -0.4 0.00433483946106
41.4166666667 -0.266666666667 0.00478900122658
41.4166666667 -0.133333333333 0.00533386565434
41.4166666667 0.0 0.00629493048402
41.4166666667 0.133333333333 0.00607475652533
41.4166666667 0.266666666667 0.00605923572568
41.4166666667 0.4 0.00555118439756
41.4166666667 0.533333333333 0.00527982301489
41.4166666667 0.666666666667 0.00384706368489
41.4166666667 0.8 0.00369631013766
41.4166666667 1.0 0.00232066788303
44.5833333333 -1.0 0.000910726259131
44.5833333333 -0.8 0.00138853829399
44.5833333333 -0.666666666667 0.00232151252518
44.5833333333 -0.533333333333 0.00259589010171
44.5833333333 -0.4 0.00323552617437
44.5833333333 -0.266666666667 0.0039400923244
44.5833333333 -0.133333333333 0.00457008759118
44.5833333333 0.0 0.00514653484565
44.5833333333 0.133333333333 0.00494207176256
44.5833333333 0.266666666667 0.00497743852196
44.5833333333 0.4 0.00539685832469
44.5833333333 0.533333333333 0.00468731655057
44.5833333333 0.666666666667 0.00400782692638
44.5833333333 0.8 0.00301058304474
44.5833333333 1.0 0.00216675173766
47.75 -1.0 0.00074767917668
47.75 -0.8 0.00111248535348
47.75 -0.666666666667 0.00175553116804
47.75 -0.533333333333 0.0026851934007
47.75 -0.4 0.00321406973284
47.75 -0.266666666667 0.00333255425921
47.75 -0.133333333333 0.0033659343773
47.75 0.0 0.00387839569782
47.75 0.133333333333 0.00472071793335
47.75 0.266666666667 0.00434805277603
47.75 0.4 0.00410204660801
47.75 0.533333333333 0.00295743733243
47.75 0.666666666667 0.00315920380044
47.75 0.8 0.0023004390602
47.75 1.0 0.00182374799948
50.9166666667 -1.0 0.000389573763165
50.9166666667 -0.8 0.000545328674384
50.9166666667 -0.666666666667 0.00131615748711
50.9166666667 -0.533333333333 0.00195558594847
50.9166666667 -0.4 0.00220908762303
50.9166666667 -0.266666666667 0.00280911289915
50.9166666667 -0.133333333333 0.00301097970014
50.9166666667 0.0 0.00344360858236
50.9166666667 0.133333333333 0.00362743836426
50.9166666667 0.266666666667 0.00282920233014
50.9166666667 0.4 0.00403277053728
50.9166666667 0.533333333333 0.0028934357453
50.9166666667 0.666666666667 0.00273267061102
50.9166666667 0.8 0.00210350058038
50.9166666667 1.0 0.00123202035969
54.0833333333 -1.0 0.000458167850775
54.0833333333 -0.8 0.000911412130106
54.0833333333 -0.666666666667 0.00145803758032
54.0833333333 -0.533333333333 0.00138554487407
54.0833333333 -0.4 0.00198568693755
54.0833333333 -0.266666666667 0.00257238683889
54.0833333333 -0.133333333333 0.00269050440448
54.0833333333 0.0 0.00250907295356
54.0833333333 0.133333333333 0.00337731060422
54.0833333333 0.266666666667 0.00308719388862
54.0833333333 0.4 0.00278082469842
54.0833333333 0.533333333333 0.00269419000594
54.0833333333 0.666666666667 0.00163857995133
54.0833333333 0.8 0.00141175741383
54.0833333333 1.0 0.000800836451547
57.25 -1.0 0.000436344567331
57.25 -0.8 0.000453746612481
57.25 -0.666666666667 0.000887412315049
57.25 -0.533333333333 0.00166295489214
57.25 -0.4 0.00175428310451
57.25 -0.266666666667 0.00152597491147
57.25 -0.133333333333 0.00198241789423
57.25 0.0 0.00264564093095
57.25 0.133333333333 0.00244907437657
57.25 0.266666666667 0.00253342980635
57.25 0.4 0.00257244395538
57.25 0.533333333333 0.00225290957636
57.25 0.666666666667 0.0017068858034
57.25 0.8 0.00111524090588
57.25 1.0 0.000865251144069
60.4166666667 -1.0 0.000158193552186
60.4166666667 -0.8 0.000500934540619
60.4166666667 -0.666666666667 0.000684073203912
60.4166666667 -0.533333333333 0.00111624661415
60.4166666667 -0.4 0.00154721557293
60.4166666667 -0.266666666667 0.00180276664473
60.4166666667 -0.133333333333 0.00205114989884
60.4166666667 0.0 0.00220927105426
60.4166666667 0.133333333333 0.00243831148138
60.4166666667 0.266666666667 0.00211968855375
60.4166666667 0.4 0.00179814067357
60.4166666667 0.533333333333 0.00173398585231
60.4166666667 0.666666666667 0.00136389162125
60.4166666667 0.8 0.00100375592517
60.4166666667 1.0 0.000615914860486
63.5833333333 -1.0 0.000204607700053
63.5833333333 -0.8 0.000409881248101
63.5833333333 -0.666666666667 0.000732016647188
63.5833333333 -0.533333333333 0.000953549942584
63.5833333333 -0.4 0.00102907983294
63.5833333333 -0.266666666667 0.00152568895062
63.5833333333 -0.133333333333 0.00150108508854
63.5833333333 0.0 0.00181865554199
63.5833333333 0.133333333333 0.00138852564495
63.5833333333 0.266666666667 0.00167326331389
63.5833333333 0.4 0.00172458411246
63.5833333333 0.533333333333 0.00120687798405
63.5833333333 0.666666666667 0.00138910761915
63.5833333333 0.8 0.000798262359033
63.5833333333 1.0 0.000550499576321
66.75 -1.0 0.000136904605078
66.75 -0.8 0.00034476294359
66.75 -0.666666666667 0.000476095115854
66.75 -0.533333333333 0.000776021479356
66.75 -0.4 0.0010936587361
66.75 -0.266666666667 0.00141114954337
66.75 -0.133333333333 0.00134206310963
66.75 0.0 0.00148254277125
66.75 0.133333333333 0.00129913421041
66.75 0.266666666667 0.00138904601206
66.75 0.4 0.00132046785583
66.75 0.533333333333 0.0012970924242
66.75 0.666666666667 0.00125038279312
66.75 0.8 0.000547288327284
66.75 1.0 0.00029371233407
69.9166666667 -1.0 4.49976310737e-05
69.9166666667 -0.8 0.000227702105218
69.9166666667 -0.666666666667 0.000523156980194
69.9166666667 -0.533333333333 0.00070246338676
69.9166666667 -0.4 0.000953576987445
69.9166666667 -0.266666666667 0.000983680586544
69.9166666667 -0.133333333333 0.00127000934099
69.9166666667 0.0 0.00111789284802
69.9166666667 0.133333333333 0.00116033765709
69.9166666667 0.266666666667 0.00118415211424
69.9166666667 0.4 0.0008224724062
69.9166666667 0.533333333333 0.000798300319369
69.9166666667 0.666666666667 0.000864532024927
69.9166666667 0.8 0.000524498522633
69.9166666667 1.0 0.000435692419593
73.0833333333 -1.0 4.51235707965e-05
73.0833333333 -0.8 0.000135188351148
73.0833333333 -0.666666666667 0.00018244691148
73.0833333333 -0.533333333333 0.000684209162451
73.0833333333 -0.4 0.000616691594376
73.0833333333 -0.266666666667 0.000752076856872
73.0833333333 -0.133333333333 0.00102316206166
73.0833333333 0.0 0.00095782989156
73.0833333333 0.133333333333 0.00118718078055
73.0833333333 0.266666666667 0.00107497079217
73.0833333333 0.4 0.000938113686331
73.0833333333 0.533333333333 0.000639469532378
73.0833333333 0.666666666667 0.000568512696585
73.0833333333 0.8 0.000478662229846
73.0833333333 1.0 0.000161437595928
76.25 -1.0 2.36063097043e-05
76.25 -0.8 0.00013884116733
76.25 -0.666666666667 0.000272863766388
76.25 -0.533333333333 0.000455527811303
76.25 -0.4 0.000659703991458
76.25 -0.266666666667 0.000905929070825
76.25 -0.133333333333 0.000732099262796
76.25 0.0 0.000913238698495
76.25 0.133333333333 0.000797983224081
76.25 0.266666666667 0.000887568033811
76.25 0.4 0.000889139401541
76.25 0.533333333333 0.000846339185069
76.25 0.666666666667 0.000570940414313
76.25 0.8 0.000361735499796
76.25 1.0 0.000227225624058
79.4166666667 -1.0 1e-05
79.4166666667 -0.8 4.55009154059e-05
79.4166666667 -0.666666666667 0.00018091886918
79.4166666667 -0.533333333333 0.000386428287877
79.4166666667 -0.4 0.000364195007203
79.4166666667 -0.266666666667 0.000389946458761
79.4166666667 -0.133333333333 0.000501739380783
79.4166666667 0.0 0.000544907171432
79.4166666667 0.133333333333 0.000615803629481
79.4166666667 0.266666666667 0.000820095727887
79.4166666667 0.4 0.000434116015801
79.4166666667 0.533333333333 0.000621292335359
79.4166666667 0.666666666667 0.000430672660321
79.4166666667 0.8 0.000297220800455
79.4166666667 1.0 0.000206218611682
82.5833333333 -1.0 1e-05
82.5833333333 -0.8 4.6254361078e-05
82.5833333333 -0.666666666667 0.000182768698092
82.5833333333 -0.533333333333 0.000159716083478
82.5833333333 -0.4 0.00039209608449
82.5833333333 -0.266666666667 0.000454143730673
82.5833333333 -0.133333333333 0.00052313738466
82.5833333333 0.0 0.000822760687412
82.5833333333 0.133333333333 0.000705573250689
82.5833333333 0.266666666667 0.00061511396755
82.5833333333 0.4 0.000662084436401
82.5833333333 0.533333333333 0.000434658423347
82.5833333333 0.666666666667 0.00027402022915
82.5833333333 0.8 0.000112637969683
82.5833333333 1.0 0.000136612067096
85.75 -1.0 1e-05
85.75 -0.8 4.61842034377e-05
85.75 -0.666666666667 0.00013769397974
85.75 -0.533333333333 0.000136416260143
85.75 -0.4 0.000250267086039
85.75 -0.266666666667 0.000385631504482
85.75 -0.133333333333 0.000298095530449
85.75 0.0 0.000454174098227
85.75 0.133333333333 0.000456909083362
85.75 0.266666666667 0.000431380635523
85.75 0.4 0.000503417804573
85.75 0.533333333333 0.000456144386836
85.75 0.666666666667 0.000203927061199
85.75 0.8 0.000136613433883
85.75 1.0 4.49739802946e-05
88.9166666667 -1.0 1e-05
88.9166666667 -0.8 2.24197373403e-05
88.9166666667 -0.666666666667 2.2692546255e-05
88.9166666667 -0.533333333333 0.000113943719931
88.9166666667 -0.4 0.00022880865965
88.9166666667 -0.266666666667 0.000228721255688
88.9166666667 -0.133333333333 0.000363245325355
88.9166666667 0.0 0.000526419112355
88.9166666667 0.133333333333 0.000638052696438
88.9166666667 0.266666666667 0.000453306621261
88.9166666667 0.4 0.000318204427869
88.9166666667 0.533333333333 0.00018138504214
88.9166666667 0.666666666667 0.000317796989315
88.9166666667 0.8 0.000137807635444
88.9166666667 1.0 2.36063097043e-05
92.0833333333 -1.0 1e-05
92.0833333333 -0.8 2.25542429543e-05
92.0833333333 -0.666666666667 9.23162827466e-05
92.0833333333 -0.533333333333 0.000158915717832
92.0833333333 -0.4 0.000181875838918
92.0833333333 -0.266666666667 0.000230723020685
92.0833333333 -0.133333333333 0.000415264472418
92.0833333333 0.0 0.000361715786436
92.0833333333 0.133333333333 0.000384142112383
92.0833333333 0.266666666667 0.000298240596168
92.0833333333 0.4 0.000340415006738
92.0833333333 0.533333333333 0.000321078592985
92.0833333333 0.666666666667 9.23297313817e-05
92.0833333333 0.8 0.000113925340229
92.0833333333 1.0 6.76478438316e-05
95.25 -1.0 1e-05
95.25 -0.8 2.25843525568e-05
95.25 -0.666666666667 0.000114284377897
95.25 -0.533333333333 9.1477123781e-05
95.25 -0.4 0.000248285492209
95.25 -0.266666666667 0.000135538511001
95.25 -0.133333333333 0.000204021806262
95.25 0.0 0.000205664471155
95.25 0.133333333333 0.000340961521905
95.25 0.266666666667 0.000430764294718
95.25 0.4 0.000385923099963
95.25 0.533333333333 0.000410242315719
95.25 0.666666666667 9.12478187379e-05
95.25 0.8 6.89925725886e-05
95.25 1.0 1e-05
100.0 -1.0 2.24857215668e-05
100.0 -0.8 2.25843525568e-05
100.0 -0.666666666667 2.25778937334e-05
100.0 -0.533333333333 1e-05
100.0 -0.4 0.000182984267013
100.0 -0.266666666667 0.000114853215577
100.0 -0.133333333333 0.00015909012368
100.0 0.0 0.000274188587687
100.0 0.133333333333 0.000250417453424
100.0 0.266666666667 0.000272408238271
100.0 0.4 0.000159036502981
100.0 0.533333333333 6.78311417661e-05
100.0 0.666666666667 0.000159911233025
100.0 0.8 6.75791827608e-05
100.0 1.0 2.2692546255e-05
