5.0 -1.0 0.0292569798581
5.0 -0.8 0.0240382634696
5.0 -0.666666666667 0.0233328984686
5.0 -0.533333333333 0.0224218642005
5.0 -0.4 0.0205660891537
5.0 -0.266666666667 0.0214600464225
5.0 -0.133333333333 0.0192400202626
5.0 0.0 0.0189116220477
5.0 0.133333333333 0.0184795282705
5.0 0.266666666667 0.0185495203419
5.0 0.4 0.0166883190725
5.0 0.533333333333 0.0149862443657
5.0 0.666666666667 0.0140005792064
5.0 0.8 0.0123563940081
5.0 1.0 0.0130457155675
9.75 -1.0 0.0280213302726
9.75 -0.8 0.0232816552151
9.75 -0.666666666667 0.0221078444824
9.75 -0.533333333333 0.0217639737469
9.75 -0.4 0.0214273560531
9.75 -0.266666666667 0.021267254471
9.75 -0.133333333333 0.0196805010667
9.75 0.0 0.0189676263039
9.75 0.133333333333 0.0175380943564
9.75 0.266666666667 0.0178750524954
9.75 0.4 0.0154540851353
9.75 0.533333333333 0.0149302439124
9.75 0.666666666667 0.0136272901208
9.75 0.8 0.0106944642215
9.75 1.0 0.00974474929688
12.9166666667 -1.0 0.0262156421425
12.9166666667 -0.8 0.0225658242243
12.9166666667 -0.666666666667 0.0230274068812
12.9166666667 -0.533333333333 0.0205761489302
12.9166666667 -0.4 0.0211867822391
12.9166666667 -0.266666666667 0.0204199735603
12.9166666667 -0.133333333333 0.0192239928186
12.9166666667 0.0 0.0188947431607
12.9166666667 0.133333333333 0.0182145002695
12.9166666667 0.266666666667 0.0151474766648
12.9166666667 0.4 0.0139570998875
12.9166666667 0.533333333333 0.012812048207
12.9166666667 0.666666666667 0.0119029957155
12.9166666667 0.8 0.00940140097187
12.9166666667 1.0 0.00770660783258
16.0833333333 -1.0 0.0201745463088
16.0833333333 -0.8 0.0194536594698
16.0833333333 -0.666666666667 0.0210797001636
16.0833333333 -0.533333333333 0.0209286691058
16.0833333333 -0.4 0.0194032041026
16.0833333333 -0.266666666667 0.0181503134287
16.0833333333 -0.133333333333 0.0180496207082
16.0833333333 0.0 0.0169513762938
16.0833333333 0.133333333333 0.0165472313919
16.0833333333 0.266666666667 0.0145260167841
16.0833333333 0.4 0.0133689730261
16.0833333333 0.533333333333 0.0123636207679
16.0833333333 0.666666666667 0.00879571865862
16.0833333333 0.8 0.00792335655575
16.0833333333 1.0 0.006468753312
19.25 -1.0 0.0182671051774
19.25 -0.8 0.0183942706506
19.25 -0.666666666667 0.0180509994462
19.25 -0.533333333333 0.0182087821353
19.25 -0.4 0.0166691551852
19.25 -0.266666666667 0.0169626762529
19.25 -0.133333333333 0.0167493951167
19.25 0.0 0.0154800172755
19.25 0.133333333333 0.0146246980725
19.25 0.266666666667 0.0136754194618
19.25 0.4 0.0111201986699
19.25 0.533333333333 0.010101962676
19.25 0.666666666667 0.00827406206477
19.25 0.8 0.00555821430701
19.25 1.0 0.0040456412497
22.4166666667 -1.0 0.0170293501771
22.4166666667 -0.8 0.0169285065991
22.4166666667 -0.666666666667 0.016654510764
22.4166666667 -0.533333333333 0.0162096873096
22.4166666667 -0.4 0.016184770436
22.4166666667 -0.266666666667 0.015549873078
22.4166666667 -0.133333333333 0.0135529950477
22.4166666667 0.0 0.0141235188931
22.4166666667 0.133333333333 0.0125776342433
22.4166666667 0.266666666667 0.0121551839096
22.4166666667 0.4 0.00982801404652
22.4166666667 0.533333333333 0.00761632599927
22.4166666667 0.666666666667 0.00695311898459
22.4166666667 0.8 0.00496091998084
22.4166666667 1.0 0.00252845768431
25.5833333333 -1.0 0.0124718187309
25.5833333333 -0.8 0.0131852093331
25.5833333333 -0.666666666667 0.0140484979784
25.5833333333 -0.533333333333 0.0129741810028
25.5833333333 -0.4 0.0128025867551
25.5833333333 -0.266666666667 0.01462948316
25.5833333333 -0.133333333333 0.0128960053065
25.5833333333 0.0 0.0124862619709
25.5833333333 0.133333333333 0.0114581220921
25.5833333333 0.266666666667 0.00982824377195
25.5833333333 0.4 0.00765136540309
25.5833333333 0.533333333333 0.00700748567627
25.5833333333 0.666666666667 0.00514664897494
25.5833333333 0.8 0.00380860038878
25.5833333333 1.0 0.00256680365879
28.75 -1.0 0.0108226427773
28.75 -0.8 0.0109399000195
28.75 -0.666666666667 0.0128070193877
28.75 -0.533333333333 0.0126767132242
28.75 -0.4 0.0122647048921
28.75 -0.266666666667 0.011686639144
28.75 -0.133333333333 0.0117504145132
28.75 0.0 0.0101933782276
28.75 0.133333333333 0.00900132463053
28.75 0.266666666667 0.00759471894321
28.75 0.4 0.00658621805831
28.75 0.533333333333 0.00515825293445
28.75 0.666666666667 0.00457722899723
28.75 0.8 0.0030334505399
28.75 1.0 0.0020729639894
31.9166666667 -1.0 0.00867416827021
31.9166666667 -0.8 0.0103552178834
31.9166666667 -0.666666666667 0.0105588992109
31.9166666667 -0.533333333333 0.010491411887
31.9166666667 -0.4 0.00961377831259
31.9166666667 -0.266666666667 0.00948177892931
31.9166666667 -0.133333333333 0.00984002099254
31.9166666667 0.0 0.00840375325683
31.9166666667 0.133333333333 0.00826760469387
31.9166666667 0.266666666667 0.00722015561772
31.9166666667 0.4 0.00627088282421
31.9166666667 0.533333333333 0.00450646266936
31.9166666667 0.666666666667 0.00324297959019
31.9166666667 0.8 0.00259841981214
31.9166666667 1.0 0.00120669535601
35.0833333333 -1.0 0.00647026202743
35.0833333333 -0.8 0.00770946700722
35.0833333333 -0.666666666667 0.00863541330517
35.0833333333 -0.533333333333 0.00912939598961
35.0833333333 -0.4 0.00901822501783
35.0833333333 -0.266666666667 0.00870399818269
35.0833333333 -0.133333333333 0.00742517256418
35.0833333333 0.0 0.00730460414846
35.0833333333 0.133333333333 0.006264029771
35.0833333333 0.266666666667 0.00573460395941
35.0833333333 0.4 0.00484021659994
35.0833333333 0.533333333333 0.00337470888007
35.0833333333 0.666666666667 0.00260097260551
35.0833333333 0.8 0.00166933570267
35.0833333333 1.0 0.00116463970062
38.25 -1.0 0.00557951290912
38.25 -0.8 0.00698611158139
38.25 -0.666666666667 0.00638064701874
38.25 -0.533333333333 0.00775162163838
38.25 -0.4 0.00787207413079
38.25 -0.266666666667 0.00761920842425
38.25 -0.133333333333 0.00661013953771
38.25 0.0 0.0059802288395
38.25 0.133333333333 0.00579025228457
38.25 0.266666666667 0.00492277295581
38.25 0.4 0.00417204376517
38.25 0.533333333333 0.00293271346246
38.25 0.666666666667 0.00246110870627
38.25 0.8 0.0014530033672
38.25 1.0 0.000545256673042
41.4166666667 -1.0 0.00441921105972
41.4166666667 -0.8 0.00573852259675
41.4166666667 -0.666666666667 0.00614203126414
41.4166666667 -0.533333333333 0.0066752351263
41.4166666667 -0.4 0.00611474242378
41.4166666667 -0.266666666667 0.00551144680741
41.4166666667 -0.133333333333 0.00622045822876
41.4166666667 0.0 0.00511037562769
41.4166666667 0.133333333333 0.00477465787569
41.4166666667 0.266666666667 0.00392794087289
41.4166666667 0.4 0.00343926958586
41.4166666667 0.533333333333 0.00223164000469
41.4166666667 0.666666666667 0.00162318221527
41.4166666667 0.8 0.000705369018514
41.4166666667 1.0 0.00034093123396
44.5833333333 -1.0 0.00345411209926
44.5833333333 -0.8 0.00488005762799
44.5833333333 -0.666666666667 0.00534793192806
44.5833333333 -0.533333333333 0.00586056489492
44.5833333333 -0.4 0.00487184539522
44.5833333333 -0.266666666667 0.00563336105828
44.5833333333 -0.133333333333 0.00498529125518
44.5833333333 0.0 0.0040497600955
44.5833333333 0.133333333333 0.00368616929043
44.5833333333 0.266666666667 0.0034572193418
44.5833333333 0.4 0.00243962729288
44.5833333333 0.533333333333 0.00237071752863
44.5833333333 0.666666666667 0.00104986337122
44.5833333333 0.8 0.000752044557818
44.5833333333 1.0 0.000459189247006
47.75 -1.0 0.00293717184927
47.75 -0.8 0.00339352299119
47.75 -0.666666666667 0.00446949557836
47.75 -0.533333333333 0.00455802378708
47.75 -0.4 0.00485634696139
47.75 -0.266666666667 0.00385322195957
47.75 -0.133333333333 0.00409909862674
47.75 0.0 0.00349933289006
47.75 0.133333333333 0.00341535579801
47.75 0.266666666667 0.00259950027016
47.75 0.4 0.00208864511295
47.75 0.533333333333 0.00159223328455
47.75 0.666666666667 0.00136713926403
47.75 0.8 0.000593565163775
47.75 1.0 0.000180835138879
50.9166666667 -1.0 0.0027546442797
50.9166666667 -0.8 0.0031472374794
50.9166666667 -0.666666666667 0.00345950192821
50.9166666667 -0.533333333333 0.00410515132248
50.9166666667 -0.4 0.00349936235574
50.9166666667 -0.266666666667 0.00342224123819
50.9166666667 -0.133333333333 0.00334944674014
50.9166666667 0.0 0.00285020701788
50.9166666667 0.133333333333 0.00302627395566
50.9166666667 0.266666666667 0.00178016980071
50.9166666667 0.4 0.00152680306051
50.9166666667 0.533333333333 0.00109463738739
50.9166666667 0.666666666667 0.000545103918001
50.9166666667 0.8 0.000318184316875
50.9166666667 1.0 0.00025150840501
54.0833333333 -1.0 0.00211758550997
54.0833333333 -0.8 0.00275954794128
54.0833333333 -0.666666666667 0.00293757713631
54.0833333333 -0.533333333333 0.00275812486447
54.0833333333 -0.4 0.00314736754904
54.0833333333 -0.266666666667 0.00321605420076
54.0833333333 -0.133333333333 0.00268555980993
54.0833333333 0.0 0.00241359691605
54.0833333333 0.133333333333 0.00228882021666
54.0833333333 0.266666666667 0.00173709182902
54.0833333333 0.4 0.00148670434063
54.0833333333 0.533333333333 0.00102401484068
54.0833333333 0.666666666667 0.000732826073014
54.0833333333 0.8 0.000342690817418
54.0833333333 1.0 0.000113944538407
57.25 -1.0 0.00171179214964
57.25 -0.8 0.00171469242037
57.25 -0.666666666667 0.00263642621492
57.25 -0.533333333333 0.00241041804815
57.25 -0.4 0.00314453550787
57.25 -0.266666666667 0.00280986992756
57.25 -0.133333333333 0.0023314941107
57.25 0.0 0.00216136516114
57.25 0.133333333333 0.00176907568123
57.25 0.266666666667 0.00146376923135
57.25 0.4 0.00111456459824
57.25 0.533333333333 0.000800280843389
57.25 0.666666666667 0.000548006177571
57.25 0.8 0.000205181505794
57.25 1.0 2.25392182397e-05
60.4166666667 -1.0 0.00143577813075
60.4166666667 -0.8 0.00159941055203
60.4166666667 -0.666666666667 0.00259577506205
60.4166666667 -0.533333333333 0.00237318032633
60.4166666667 -0.4 0.0022826362087
60.4166666667 -0.266666666667 0.00223298317687
60.4166666667 -0.133333333333 0.00234120561445
60.4166666667 0.0 0.00159638339637
60.4166666667 0.133333333333 0.00154840236015
60.4166666667 0.266666666667 0.000865515524203
60.4166666667 0.4 0.000886347997231
60.4166666667 0.533333333333 0.00077384486287
60.4166666667 0.666666666667 0.000454017791
60.4166666667 0.8 9.01870620713e-05
60.4166666667 1.0 6.78719844511e-05
63.5833333333 -1.0 0.000660412468561
63.5833333333 -0.8 0.00162215444301
63.5833333333 -0.666666666667 0.00167888804891
63.5833333333 -0.533333333333 0.00220901583299
63.5833333333 -0.4 0.00161666640063
63.5833333333 -0.266666666667 0.00225343560436
63.5833333333 -0.133333333333 0.00155691032709
63.5833333333 0.0 0.00129963199657
63.5833333333 0.133333333333 0.0012491493161
63.5833333333 0.266666666667 0.00114406394628
63.5833333333 0.4 0.00061519549566
63.5833333333 0.533333333333 0.000658130877251
63.5833333333 0.666666666667 0.0002045148885
63.5833333333 0.8 0.000114938022205
63.5833333333 1.0 2.25778937334e-05
66.75 -1.0 0.000798173488049
66.75 -0.8 0.0014635883902
66.75 -0.666666666667 0.00152827304583
66.75 -0.533333333333 0.00175534566145
66.75 -0.4 0.00127080331346
66.75 -0.266666666667 0.00145738180534
66.75 -0.133333333333 0.00148107995644
66.75 0.0 0.00125091915675
66.75 0.133333333333 0.00113738755009
66.75 0.266666666667 0.000840466879785
66.75 0.4 0.000519286069939
66.75 0.533333333333 0.000638745498127
66.75 0.666666666667 0.000249907346499
66.75 0.8 4.52940907177e-05
66.75 1.0 2.36700085212e-05
69.9166666667 -1.0 0.000572363654385
69.9166666667 -0.8 0.000958832614744
69.9166666667 -0.666666666667 0.00132072840987
69.9166666667 -0.533333333333 0.00125663309446
69.9166666667 -0.4 0.00136251241072
69.9166666667 -0.266666666667 0.0013934483182
69.9166666667 -0.133333333333 0.00111165553808
69.9166666667 0.0 0.00113753250275
69.9166666667 0.133333333333 0.000954141246536
69.9166666667 0.266666666667 0.00065730972339
69.9166666667 0.4 0.000477488431054
69.9166666667 0.533333333333 0.000226113158583
69.9166666667 0.666666666667 0.000114909255561
69.9166666667 0.8 4.61906622611e-05
69.9166666667 1.0 2.36063097043e-05
73.0833333333 -1.0 0.00031689034546
73.0833333333 -0.8 0.000568084581099
73.0833333333 -0.666666666667 0.00100867915103
73.0833333333 -0.533333333333 0.00104600163963
73.0833333333 -0.4 0.00132411650933
73.0833333333 -0.266666666667 0.00130455344269
73.0833333333 -0.133333333333 0.00087050839524
73.0833333333 0.0 0.00102452221834
73.0833333333 0.133333333333 0.000684987762881
73.0833333333 0.266666666667 0.000457725999167
73.0833333333 0.4 0.000295572334175
73.0833333333 0.533333333333 0.000339210077901
73.0833333333 0.666666666667 6.78719844511e-05
73.0833333333 0.8 0.000136351272733
73.0833333333 1.0 1e-05
76.25 -1.0 0.000704695528298
76.25 -0.8 0.000525692970139
76.25 -0.666666666667 0.00100003887923
76.25 -0.533333333333 0.00111947045713
76.25 -0.4 0.00120960888888
76.25 -0.266666666667 0.000858470194025
76.25 -0.133333333333 0.00100419058887
76.25 0.0 0.000548394827008
76.25 0.133333333333 0.000687140719837
76.25 0.266666666667 0.000363350831568
76.25 0.4 0.000410371969127
76.25 0.533333333333 0.000113605229805
76.25 0.666666666667 4.63625547762e-05
76.25 0.8 9.1347822272e-05
76.25 1.0 1e-05
79.4166666667 -1.0 0.000365231206032
79.4166666667 -0.8 0.000300259441104
79.4166666667 -0.666666666667 0.000570221381695
79.4166666667 -0.533333333333 0.000637839158913
79.4166666667 -0.4 0.000730306059536
79.4166666667 -0.266666666667 0.000681380468906
79.4166666667 -0.133333333333 0.000523420317525
79.4166666667 0.0 0.000522633160976
79.4166666667 0.133333333333 0.000481005628879
79.4166666667 0.266666666667 0.000387065702627
79.4166666667 0.4 0.000275355564517
79.4166666667 0.533333333333 0.000227294872542
79.4166666667 0.666666666667 0.000114350362123
79.4166666667 0.8 2.2692546255e-05
79.4166666667 1.0 1e-05
82.5833333333 -1.0 0.000159270760428
82.5833333333 -0.8 0.000366028765001
82.5833333333 -0.666666666667 0.00041107967452
82.5833333333 -0.533333333333 0.000935162207166
82.5833333333 -0.4 0.000617409286477
82.5833333333 -0.266666666667 0.00077573596461
82.5833333333 -0.133333333333 0.000593993149429
82.5833333333 0.0 0.000500567541358
82.5833333333 0.133333333333 0.000386966496924
82.5833333333 0.266666666667 0.000295932542217
82.5833333333 0.4 0.000183028118545
82.5833333333 0.533333333333 0.000138549154479
82.5833333333 0.666666666667 0.000135433975306
82.5833333333 0.8 2.24197373403e-05
82.5833333333 1.0 1e-05
85.75 -1.0 0.000182716634137
85.75 -0.8 0.000455717131425
85.75 -0.666666666667 0.000411003999809
85.75 -0.533333333333 0.000504501113776
85.75 -0.4 0.000364607879647
85.75 -0.266666666667 0.000524353636484
85.75 -0.133333333333 0.000452084495496
85.75 0.0 0.000249288878707
85.75 0.133333333333 0.000364202796211
85.75 0.266666666667 0.000229554816802
85.75 0.4 9.02905514171e-05
85.75 0.533333333333 9.09292205422e-05
85.75 0.666666666667 2.25778937334e-05
85.75 0.8 1e-05
85.75 1.0 1e-05
88.9166666667 -1.0 0.000136415229452
88.9166666667 -0.8 0.000296305736593
88.9166666667 -0.666666666667 0.000295894366476
88.9166666667 -0.533333333333 0.000294754574453
88.9166666667 -0.4 0.000706668182319
88.9166666667 -0.266666666667 0.000479205332774
88.9166666667 -0.133333333333 0.000365381090221
88.9166666667 0.0 0.000478193207851
88.9166666667 0.133333333333 0.000204737477349
88.9166666667 0.266666666667 0.00011256178912
88.9166666667 0.4 0.000137328992901
88.9166666667 0.533333333333 6.89640992389e-05
88.9166666667 0.666666666667 1e-05
88.9166666667 0.8 1e-05
88.9166666667 1.0 1e-05
92.0833333333 -1.0 0.000115265498166
92.0833333333 -0.8 0.000159924202566
92.0833333333 -0.666666666667 0.000162106795889
92.0833333333 -0.533333333333 0.000315894933585
92.0833333333 -0.4 0.000458437280088
92.0833333333 -0.266666666667 0.000454308627176
92.0833333333 -0.133333333333 0.000341986021971
92.0833333333 0.0 0.000388726060124
92.0833333333 0.133333333333 0.000272066762479
92.0833333333 0.266666666667 0.000161114824318
92.0833333333 0.4 0.000112670616447
92.0833333333 0.533333333333 0.000138642962899
92.0833333333 0.666666666667 1e-05
92.0833333333 0.8 1e-05
92.0833333333 1.0 1e-05
95.25 -1.0 9.14123099289e-05
95.25 -0.8 0.000248742645408
95.25 -0.666666666667 0.000386595181044
95.25 -0.533333333333 0.000318373129418
95.25 -0.4 0.000317323808248
95.25 -0.266666666667 0.00034155638109
95.25 -0.133333333333 0.000408771253493
95.25 0.0 0.000296224397569
95.25 0.133333333333 0.000136755192967
95.25 0.266666666667 9.04797240783e-05
95.25 0.4 4.6155730088e-05
95.25 0.533333333333 2.24857215668e-05
95.25 0.666666666667 4.51122835953e-05
95.25 0.8 1e-05
95.25 1.0 1e-05
100.0 -1.0 0.000139676207248
100.0 -0.8 0.000252131685652
100.0 -0.666666666667 0.000181843567932
100.0 -0.533333333333 0.000136766356143
100.0 -0.4 0.000340835318473
100.0 -0.266666666667 0.000204287213903
100.0 -0.133333333333 0.000135672813079
100.0 0.0 0.000158165197005
100.0 0.133333333333 9.11345329532e-05
100.0 0.266666666667 9.03602431789e-05
100.0 0.4 4.52281064912e-05
100.0 0.533333333333 1e-05
100.0 0.666666666667 2.25392182397e-05
100.0 0.8 1e-05
100.0 1.0 1e-05
