5.0 -1.0 0.0271375007496
5.0 -0.8 0.0218940538723
5.0 -0.666666666667 0.0219902709508
5.0 -0.533333333333 0.0221943885276
5.0 -0.4 0.0200252289624
5.0 -0.266666666667 0.0210228688689
5.0 -0.133333333333 0.0190331294838
5.0 0.0 0.0188659671032
5.0 0.133333333333 0.0182750467294
5.0 0.266666666667 0.0169306530323
5.0 0.4 0.0176614752988
5.0 0.533333333333 0.0167112988023
5.0 0.666666666667 0.01498893144
5.0 0.8 0.015197010832
5.0 1.0 0.0154062600627
9.75 -1.0 0.0254207526672
9.75 -0.8 0.0229228822072
9.75 -0.666666666667 0.0219369248114
9.75 -0.533333333333 0.0208066269049
9.75 -0.4 0.0203868828893
9.75 -0.266666666667 0.0201690893669
9.75 -0.133333333333 0.0185463595871
9.75 0.0 0.0185922339003
9.75 0.133333333333 0.0189228413978
9.75 0.266666666667 0.0176661338375
9.75 0.4 0.0160825734559
9.75 0.533333333333 0.0150387716344
9.75 0.666666666667 0.0141162054529
9.75 0.8 0.0127067038744
9.75 1.0 0.0130665391633
12.9166666667 -1.0 0.021799570376
12.9166666667 -0.8 0.0199639601482
12.9166666667 -0.666666666667 0.0201684152264
12.9166666667 -0.533333333333 0.0201209924736
12.9166666667 -0.4 0.020500009552
12.9166666667 -0.266666666667 0.0209391953438
12.9166666667 -0.133333333333 0.0190025077445
12.9166666667 0.0 0.0197636635616
12.9166666667 0.133333333333 0.0174622133696
12.9166666667 0.266666666667 0.0175427358505
12.9166666667 0.4 0.0171245107712
12.9166666667 0.533333333333 0.0147424352773
12.9166666667 0.666666666667 0.0126190823978
12.9166666667 0.8 0.0104676498468
12.9166666667 1.0 0.00903570156611
16.0833333333 -1.0 0.0194625482616
16.0833333333 -0.8 0.0192513086073
16.0833333333 -0.666666666667 0.0188384484184
16.0833333333 -0.533333333333 0.0190422357637
16.0833333333 -0.4 0.0194109632021
16.0833333333 -0.266666666667 0.0180965217259
16.0833333333 -0.133333333333 0.0175271395388
16.0833333333 0.0 0.017299254353
16.0833333333 0.133333333333 0.0160290019641
16.0833333333 0.266666666667 0.0146094443468
16.0833333333 0.4 0.0140920466747
16.0833333333 0.533333333333 0.0136017424618
16.0833333333 0.666666666667 0.0102662560815
16.0833333333 0.8 0.00935067136108
16.0833333333 1.0 0.00730717731722
19.25 -1.0 0.0155342723122
19.25 -0.8 0.0168492532709
19.25 -0.666666666667 0.0165928167669
19.25 -0.533333333333 0.0174834930207
19.25 -0.4 0.0167599843785
19.25 -0.266666666667 0.017184851211
19.25 -0.133333333333 0.0163398859502
19.25 0.0 0.0160970408604
19.25 0.133333333333 0.0141333390157
19.25 0.266666666667 0.0142859308864
19.25 0.4 0.0129493653953
19.25 0.533333333333 0.0107759586742
19.25 0.666666666667 0.00796681833926
19.25 0.8 0.0070876729252
19.25 1.0 0.00614191473459
22.4166666667 -1.0 0.0138480889874
22.4166666667 -0.8 0.0153930148068
22.4166666667 -0.666666666667 0.0150987353719
22.4166666667 -0.533333333333 0.015273006378
22.4166666667 -0.4 0.0149083135494
22.4166666667 -0.266666666667 0.0157983752226
22.4166666667 -0.133333333333 0.0139523888033
22.4166666667 0.0 0.0149034659237
22.4166666667 0.133333333333 0.0136023725532
22.4166666667 0.266666666667 0.0119065602489
22.4166666667 0.4 0.0104320374155
22.4166666667 0.533333333333 0.00952445318077
22.4166666667 0.666666666667 0.00762727504993
22.4166666667 0.8 0.0061485818398
22.4166666667 1.0 0.00443619782198
25.5833333333 -1.0 0.0113550928509
25.5833333333 -0.8 0.0121056475331
25.5833333333 -0.666666666667 0.0128368820125
25.5833333333 -0.533333333333 0.0133618904272
25.5833333333 -0.4 0.0126798298783
25.5833333333 -0.266666666667 0.0129477303953
25.5833333333 -0.133333333333 0.0131078810917
25.5833333333 0.0 0.0125916201991
25.5833333333 0.133333333333 0.0108064675433
25.5833333333 0.266666666667 0.0100993209307
25.5833333333 0.4 0.00898000800882
25.5833333333 0.533333333333 0.00776302554699
25.5833333333 0.666666666667 0.00625712590584
25.5833333333 0.8 0.00485780497328
25.5833333333 1.0 0.0032109869066
28.75 -1.0 0.00906103834863
28.75 -0.8 0.0101150927163
28.75 -0.666666666667 0.010967870162
28.75 -0.533333333333 0.0119098060692
28.75 -0.4 0.0119303699075
28.75 -0.266666666667 0.0111916886976
28.75 -0.133333333333 0.010957418708
28.75 0.0 0.0114549441925
28.75 0.133333333333 0.00946294502655
28.75 0.266666666667 0.00877119038548
28.75 0.4 0.007265581247
28.75 0.533333333333 0.00709227973259
28.75 0.666666666667 0.00521649191452
28.75 0.8 0.00341847262058
28.75 1.0 0.00235038055036
31.9166666667 -1.0 0.00768038965938
31.9166666667 -0.8 0.00823497485921
31.9166666667 -0.666666666667 0.0092204322299
31.9166666667 -0.533333333333 0.00970928374973
31.9166666667 -0.4 0.00992839977962
31.9166666667 -0.266666666667 0.00985243448696
31.9166666667 -0.133333333333 0.00961413636665
31.9166666667 0.0 0.00876792521569
31.9166666667 0.133333333333 0.00842793171814
31.9166666667 0.266666666667 0.0077217392537
31.9166666667 0.4 0.007214885313
31.9166666667 0.533333333333 0.00600257347229
31.9166666667 0.666666666667 0.00363744795932
31.9166666667 0.8 0.00293970605509
31.9166666667 1.0 0.00177996918763
35.0833333333 -1.0 0.00536880621838
35.0833333333 -0.8 0.00723637647251
35.0833333333 -0.666666666667 0.00750241957742
35.0833333333 -0.533333333333 0.00825448364541
35.0833333333 -0.4 0.00757113563402
35.0833333333 -0.266666666667 0.00820941681193
35.0833333333 -0.133333333333 0.00765353567043
35.0833333333 0.0 0.00764673341974
35.0833333333 0.133333333333 0.00679173203346
35.0833333333 0.266666666667 0.00676125181639
35.0833333333 0.4 0.00552882209395
35.0833333333 0.533333333333 0.00445203967035
35.0833333333 0.666666666667 0.00332582272571
35.0833333333 0.8 0.00239423118646
35.0833333333 1.0 0.00134823848564
38.25 -1.0 0.00452724466922
38.25 -0.8 0.00599791796964
38.25 -0.666666666667 0.00642190089972
38.25 -0.533333333333 0.00697402287603
38.25 -0.4 0.00683937492046
38.25 -0.266666666667 0.00694902547165
38.25 -0.133333333333 0.00698759923161
38.25 0.0 0.00685681262778
38.25 0.133333333333 0.00629885293857
38.25 0.266666666667 0.00558396087826
38.25 0.4 0.00464200739639
38.25 0.533333333333 0.00321189892032
38.25 0.666666666667 0.00259867587687
38.25 0.8 0.00198291934822
38.25 1.0 0.00118448126966
41.4166666667 -1.0 0.00310137571854
41.4166666667 -0.8 0.00465146688168
41.4166666667 -0.666666666667 0.00559120473337
41.4166666667 -0.533333333333 0.00583951787374
41.4166666667 -0.4 0.0062174933517
41.4166666667 -0.266666666667 0.00630254518308
41.4166666667 -0.133333333333 0.00617239367908
41.4166666667 0.0 0.00611196584211
41.4166666667 0.133333333333 0.00480287111619
41.4166666667 0.266666666667 0.00413404858786
41.4166666667 0.4 0.00326095575507
41.4166666667 0.533333333333 0.00294185587634
41.4166666667 0.666666666667 0.00209475304211
41.4166666667 0.8 0.00102348159713
41.4166666667 1.0 0.000729084703413
44.5833333333 -1.0 0.00356947503897
44.5833333333 -0.8 0.00359582462092
44.5833333333 -0.666666666667 0.00455791500425
44.5833333333 -0.533333333333 0.00524504903577
44.5833333333 -0.4 0.00546759143243
44.5833333333 -0.266666666667 0.00546096109224
44.5833333333 -0.133333333333 0.0052799547027
44.5833333333 0.0 0.00480693180749
44.5833333333 0.133333333333 0.00384183873856
44.5833333333 0.266666666667 0.00366629657205
44.5833333333 0.4 0.0025976665586
44.5833333333 0.533333333333 0.00229063062893
44.5833333333 0.666666666667 0.00141486687249
44.5833333333 0.8 0.000958863396683
44.5833333333 1.0 0.000543889482088
47.75 -1.0 0.00230962189025
47.75 -0.8 0.0029619543917
47.75 -0.666666666667 0.00397988304514
47.75 -0.533333333333 0.00390515069737
47.75 -0.4 0.00428631242407
47.75 -0.266666666667 0.00444012885247
47.75 -0.133333333333 0.00380208231882
47.75 0.0 0.00387603577706
47.75 0.133333333333 0.00344056045805
47.75 0.266666666667 0.00291651162254
47.75 0.4 0.00266955491172
47.75 0.533333333333 0.00206496202271
47.75 0.666666666667 0.00146298523485
47.75 0.8 0.000956312403489
47.75 1.0 0.000431432625775
50.9166666667 -1.0 0.00189195877137
50.9166666667 -0.8 0.00269619416721
50.9166666667 -0.666666666667 0.00337481602344
50.9166666667 -0.533333333333 0.0037866009457
50.9166666667 -0.4 0.00371663544974
50.9166666667 -0.266666666667 0.00310271385488
50.9166666667 -0.133333333333 0.00336684281113
50.9166666667 0.0 0.00328895647238
50.9166666667 0.133333333333 0.00250775348136
50.9166666667 0.266666666667 0.00234237801963
50.9166666667 0.4 0.00174876910572
50.9166666667 0.533333333333 0.00164204833294
50.9166666667 0.666666666667 0.000820474074206
50.9166666667 0.8 0.000571524882269
50.9166666667 1.0 0.000272806813932
54.0833333333 -1.0 0.00131961774048
54.0833333333 -0.8 0.0019582447122
54.0833333333 -0.666666666667 0.0025695329437
54.0833333333 -0.533333333333 0.00262360418969
54.0833333333 -0.4 0.00296218022099
54.0833333333 -0.266666666667 0.00303595483958
54.0833333333 -0.133333333333 0.00316790350042
54.0833333333 0.0 0.0029845968324
54.0833333333 0.133333333333 0.0026243713125
54.0833333333 0.266666666667 0.00200069295954
54.0833333333 0.4 0.00143630329431
54.0833333333 0.533333333333 0.00107450589337
54.0833333333 0.666666666667 0.00116345551424
54.0833333333 0.8 0.000544732733507
54.0833333333 1.0 0.00029580989673
57.25 -1.0 0.00104587986074
57.25 -0.8 0.00159361806165
57.25 -0.666666666667 0.00216125434829
57.25 -0.533333333333 0.00257391791962
57.25 -0.4 0.00303411092803
57.25 -0.266666666667 0.00277910968575
57.25 -0.133333333333 0.00212416859421
57.25 0.0 0.00216185377257
57.25 0.133333333333 0.00178048661358
57.25 0.266666666667 0.00194159952272
57.25 0.4 0.00134334694461
57.25 0.533333333333 0.00105112476628
57.25 0.666666666667 0.000684655177901
57.25 0.8 0.000362924357798
57.25 1.0 0.000205960242412
60.4166666667 -1.0 0.00109373383071
60.4166666667 -0.8 0.00127178040034
60.4166666667 -0.666666666667 0.00143955004877
60.4166666667 -0.533333333333 0.00229599476264
60.4166666667 -0.4 0.00246370036518
60.4166666667 -0.266666666667 0.00221769400628
60.4166666667 -0.133333333333 0.00229719790979
60.4166666667 0.0 0.00181652929062
60.4166666667 0.133333333333 0.00177681279975
60.4166666667 0.266666666667 0.00137580554429
60.4166666667 0.4 0.00118357886122
60.4166666667 0.533333333333 0.000935593843095
60.4166666667 0.666666666667 0.000566304094361
60.4166666667 0.8 0.00029527271628
60.4166666667 1.0 0.000113991576206
63.5833333333 -1.0 0.00091512961254
63.5833333333 -0.8 0.00128381907479
63.5833333333 -0.666666666667 0.00159857451969
63.5833333333 -0.533333333333 0.00183809783053
63.5833333333 -0.4 0.000980968026524
63.5833333333 -0.266666666667 0.00211805849115
63.5833333333 -0.133333333333 0.00163560080183
63.5833333333 0.0 0.00166094065381
63.5833333333 0.133333333333 0.00139186928596
63.5833333333 0.266666666667 0.00127618489576
63.5833333333 0.4 0.000862266581225
63.5833333333 0.533333333333 0.000592547395777
63.5833333333 0.666666666667 0.000412107950807
63.5833333333 0.8 0.00020303948569
63.5833333333 1.0 0.000136480955777
66.75 -1.0 0.000681024953889
66.75 -0.8 0.00070374565786
66.75 -0.666666666667 0.00131941042435
66.75 -0.533333333333 0.00123218623803
66.75 -0.4 0.0015278052517
66.75 -0.266666666667 0.00132395975043
66.75 -0.133333333333 0.00191389898823
66.75 0.0 0.0013200436011
66.75 0.133333333333 0.00136620196431
66.75 0.266666666667 0.000868440651824
66.75 0.4 0.000862670180098
66.75 0.533333333333 0.000634592465107
66.75 0.666666666667 0.000456512786569
66.75 0.8 0.00022702097857
66.75 1.0 2.28083691509e-05
69.9166666667 -1.0 0.000523388750011
69.9166666667 -0.8 0.000709309107463
69.9166666667 -0.666666666667 0.000887364039921
69.9166666667 -0.533333333333 0.00116729197562
69.9166666667 -0.4 0.00104527074705
69.9166666667 -0.266666666667 0.00127920276928
69.9166666667 -0.133333333333 0.00123046878112
69.9166666667 0.0 0.00102030252882
69.9166666667 0.133333333333 0.00100361981585
69.9166666667 0.266666666667 0.000863061522627
69.9166666667 0.4 0.000704247703131
69.9166666667 0.533333333333 0.000545207484946
69.9166666667 0.666666666667 0.0003838731592
69.9166666667 0.8 0.000183050945042
69.9166666667 1.0 6.78060002246e-05
73.0833333333 -1.0 0.000226741631322
73.0833333333 -0.8 0.000345127011806
73.0833333333 -0.666666666667 0.000660751113113
73.0833333333 -0.533333333333 0.00123254735996
73.0833333333 -0.4 0.00114772560075
73.0833333333 -0.266666666667 0.00100248470386
73.0833333333 -0.133333333333 0.000981216391327
73.0833333333 0.0 0.00115952894954
73.0833333333 0.133333333333 0.000981613113715
73.0833333333 0.266666666667 0.000683492859337
73.0833333333 0.4 0.000479178078407
73.0833333333 0.533333333333 0.000363639037295
73.0833333333 0.666666666667 9.06631616961e-05
73.0833333333 0.8 9.03667020023e-05
73.0833333333 1.0 1e-05
76.25 -1.0 0.000181319057864
76.25 -0.8 0.000570259384204
76.25 -0.666666666667 0.000820771240787
76.25 -0.533333333333 0.00100038868018
76.25 -0.4 0.00109782539656
76.25 -0.266666666667 0.000683575928925
76.25 -0.133333333333 0.00111345559089
76.25 0.0 0.000955647482386
76.25 0.133333333333 0.00070894772177
76.25 0.266666666667 0.000545416436939
76.25 0.4 0.000433483305697
76.25 0.533333333333 0.00025145533843
76.25 0.666666666667 0.000114080040838
76.25 0.8 0.000183696118154
76.25 1.0 2.24197373403e-05
79.4166666667 -1.0 0.000274296626174
79.4166666667 -0.8 0.000250112631424
79.4166666667 -0.666666666667 0.000452601834033
79.4166666667 -0.533333333333 0.000615852471726
79.4166666667 -0.4 0.000644568842542
79.4166666667 -0.266666666667 0.000707938015347
79.4166666667 -0.133333333333 0.000636221512066
79.4166666667 0.0 0.000639012764678
79.4166666667 0.133333333333 0.000480650999445
79.4166666667 0.266666666667 0.000366324581346
79.4166666667 0.4 0.000363208442742
79.4166666667 0.533333333333 0.000272475683282
79.4166666667 0.666666666667 6.80776387649e-05
79.4166666667 0.8 4.52940907177e-05
79.4166666667 1.0 2.24197373403e-05
82.5833333333 -1.0 4.6145527944e-05
82.5833333333 -0.8 0.000251734433584
82.5833333333 -0.666666666667 0.000476457811476
82.5833333333 -0.533333333333 0.000616655206391
82.5833333333 -0.4 0.000638936670458
82.5833333333 -0.266666666667 0.000730611059928
82.5833333333 -0.133333333333 0.000661524651776
82.5833333333 0.0 0.000543139219026
82.5833333333 0.133333333333 0.000343403575567
82.5833333333 0.266666666667 0.000574072314627
82.5833333333 0.4 0.000342096838197
82.5833333333 0.533333333333 9.23399335257e-05
82.5833333333 0.666666666667 0.000136404972942
82.5833333333 0.8 6.80551583602e-05
82.5833333333 1.0 1e-05
85.75 -1.0 9.02905514171e-05
85.75 -0.8 0.000227828778049
85.75 -0.666666666667 0.000364387058012
85.75 -0.533333333333 0.00047899635059
85.75 -0.4 0.000571638832818
85.75 -0.266666666667 0.000591932301915
85.75 -0.133333333333 0.000386396828811
85.75 0.0 0.000432991289299
85.75 0.133333333333 9.11882933348e-05
85.75 0.266666666667 0.000386083749792
85.75 0.4 0.000112840996685
85.75 0.533333333333 0.00011594624323
85.75 0.666666666667 4.51235707965e-05
85.75 0.8 2.25778937334e-05
85.75 1.0 2.36063097043e-05
88.9166666667 -1.0 0.000113988042278
88.9166666667 -0.8 0.000274948486375
88.9166666667 -0.666666666667 0.000363589114624
88.9166666667 -0.533333333333 0.000249587445369
88.9166666667 -0.4 0.000434635030519
88.9166666667 -0.266666666667 0.000497182472358
88.9166666667 -0.133333333333 0.000274285111609
88.9166666667 0.0 0.000526297619426
88.9166666667 0.133333333333 0.000433805760988
88.9166666667 0.266666666667 0.00024918104239
88.9166666667 0.4 4.49589555801e-05
88.9166666667 0.533333333333 6.88387136348e-05
88.9166666667 0.666666666667 1e-05
88.9166666667 0.8 4.51122835953e-05
88.9166666667 1.0 1e-05
92.0833333333 -1.0 2.24857215668e-05
92.0833333333 -0.8 0.00018179129595
92.0833333333 -0.666666666667 0.000391046308957
92.0833333333 -0.533333333333 0.000317122718603
92.0833333333 -0.4 0.00039036936153
92.0833333333 -0.266666666667 0.000317769349271
92.0833333333 -0.133333333333 0.000249337295251
92.0833333333 0.0 0.000342631571202
92.0833333333 0.133333333333 0.000390730992988
92.0833333333 0.266666666667 0.000137557837873
92.0833333333 0.4 0.000180136143503
92.0833333333 0.533333333333 2.24857215668e-05
92.0833333333 0.666666666667 0.000137680267446
92.0833333333 0.8 1e-05
92.0833333333 1.0 1e-05
95.25 -1.0 9.11169710776e-05
95.25 -0.8 0.000204166102508
95.25 -0.666666666667 0.000362358608345
95.25 -0.533333333333 0.000295373078561
95.25 -0.4 0.000296398044555
95.25 -0.266666666667 0.000274616206866
95.25 -0.133333333333 0.000273272414803
95.25 0.0 0.000317470801415
95.25 0.133333333333 0.000249449341925
95.25 0.266666666667 0.000181316520702
95.25 0.4 0.000114217347321
95.25 0.533333333333 9.02323204138e-05
95.25 0.666666666667 1e-05
95.25 0.8 1e-05
95.25 1.0 1e-05
100.0 -1.0 0.000113062906261
100.0 -0.8 0.000114260727118
100.0 -0.666666666667 0.000114874323388
100.0 -0.533333333333 0.000249008841446
100.0 -0.4 0.000273733853432
100.0 -0.266666666667 0.000181258535113
100.0 -0.133333333333 0.000136404972942
100.0 0.0 0.000183788548172
100.0 0.133333333333 0.000273322119939
100.0 0.266666666667 9.01570764942e-05
100.0 0.4 4.61842034377e-05
100.0 0.533333333333 1e-05
100.0 0.666666666667 2.25843525568e-05
100.0 0.8 1e-05
100.0 1.0 1e-05
