5.0 -1.0 0.0122332056167
5.0 -0.8 0.011710792892
5.0 -0.666666666667 0.0123799656595
5.0 -0.533333333333 0.012989319315
5.0 -0.4 0.0141925066574
5.0 -0.266666666667 0.0151926584631
5.0 -0.133333333333 0.0136016254377
5.0 0.0 0.0148592692103
5.0 0.133333333333 0.0153058916434
5.0 0.266666666667 0.0163193842318
5.0 0.4 0.016566120946
5.0 0.533333333333 0.0175644864614
5.0 0.666666666667 0.0184872018764
5.0 0.8 0.0198685522539
5.0 1.0 0.025136053247
9.75 -1.0 0.0104130154663
9.75 -0.8 0.0104800945325
9.75 -0.666666666667 0.0113494174568
9.75 -0.533333333333 0.0137527042492
9.75 -0.4 0.0141498486542
9.75 -0.266666666667 0.0132840155414
9.75 -0.133333333333 0.0140592497679
9.75 0.0 0.0164981598798
9.75 0.133333333333 0.0168115661027
9.75 0.266666666667 0.0178066935505
9.75 0.4 0.0191350497863
9.75 0.533333333333 0.0180913291259
9.75 0.666666666667 0.0192383597223
9.75 0.8 0.0210146259923
9.75 1.0 0.0229041326259
12.9166666667 -1.0 0.00793453783434
12.9166666667 -0.8 0.00848224619235
12.9166666667 -0.666666666667 0.0107087790196
12.9166666667 -0.533333333333 0.011323912646
12.9166666667 -0.4 0.0136774793647
12.9166666667 -0.266666666667 0.0145188713234
12.9166666667 -0.133333333333 0.0142349535392
12.9166666667 0.0 0.0158963747662
12.9166666667 0.133333333333 0.01591332546
12.9166666667 0.266666666667 0.0167488346828
12.9166666667 0.4 0.018484268778
12.9166666667 0.533333333333 0.0167331505709
12.9166666667 0.666666666667 0.0198849838508
12.9166666667 0.8 0.020551442818
12.9166666667 1.0 0.0223371789441
16.0833333333 -1.0 0.00622362254562
16.0833333333 -0.8 0.00829179328366
16.0833333333 -0.666666666667 0.00937046257603
16.0833333333 -0.533333333333 0.011440383332
16.0833333333 -0.4 0.0119004344437
16.0833333333 -0.266666666667 0.0141293779987
16.0833333333 -0.133333333333 0.0139601145552
16.0833333333 0.0 0.0146457984584
16.0833333333 0.133333333333 0.0152870243437
16.0833333333 0.266666666667 0.0161821968586
16.0833333333 0.4 0.0174787575365
16.0833333333 0.533333333333 0.0173001894316
16.0833333333 0.666666666667 0.0188632454172
16.0833333333 0.8 0.0193267204298
16.0833333333 1.0 0.0197803335139
19.25 -1.0 0.00535918103636
19.25 -0.8 0.00700902322719
19.25 -0.666666666667 0.00838574471686
19.25 -0.533333333333 0.0109068193048
19.25 -0.4 0.0103061430555
19.25 -0.266666666667 0.0125143494495
19.25 -0.133333333333 0.0136022227546
19.25 0.0 0.0136762996139
19.25 0.133333333333 0.0152322754166
19.25 0.266666666667 0.014713071032
19.25 0.4 0.0155805070051
19.25 0.533333333333 0.0162588233672
19.25 0.666666666667 0.0172135520586
19.25 0.8 0.0174674734748
19.25 1.0 0.0188892532949
22.4166666667 -1.0 0.00407816880158
22.4166666667 -0.8 0.00582068234974
22.4166666667 -0.666666666667 0.00727016962535
22.4166666667 -0.533333333333 0.00880100079047
22.4166666667 -0.4 0.00979612101203
22.4166666667 -0.266666666667 0.0105659118957
22.4166666667 -0.133333333333 0.0124105526357
22.4166666667 0.0 0.0124910466412
22.4166666667 0.133333333333 0.0124872493079
22.4166666667 0.266666666667 0.0155548336232
22.4166666667 0.4 0.0145848145783
22.4166666667 0.533333333333 0.0142277316263
22.4166666667 0.666666666667 0.0151771645365
22.4166666667 0.8 0.0150808323465
22.4166666667 1.0 0.0164289162666
25.5833333333 -1.0 0.00298404712968
25.5833333333 -0.8 0.00463218600912
25.5833333333 -0.666666666667 0.00597860871144
25.5833333333 -0.533333333333 0.00788455590324
25.5833333333 -0.4 0.00910342101484
25.5833333333 -0.266666666667 0.00881152063692
25.5833333333 -0.133333333333 0.0102092418618
25.5833333333 0.0 0.010644223173
25.5833333333 0.133333333333 0.0130736079144
25.5833333333 0.266666666667 0.0121093359404
25.5833333333 0.4 0.0129021536816
25.5833333333 0.533333333333 0.013997888187
25.5833333333 0.666666666667 0.0138547351507
25.5833333333 0.8 0.0128087335875
25.5833333333 1.0 0.0132370259079
28.75 -1.0 0.00235072365392
28.75 -0.8 0.0032556159678
28.75 -0.666666666667 0.00479861045107
28.75 -0.533333333333 0.00596141948387
28.75 -0.4 0.00711462848472
28.75 -0.266666666667 0.00805639290884
28.75 -0.133333333333 0.00946960132859
28.75 0.0 0.00966042033762
28.75 0.133333333333 0.010697821582
28.75 0.266666666667 0.0104670178065
28.75 0.4 0.0125417988135
28.75 0.533333333333 0.0122521224712
28.75 0.666666666667 0.0129886481807
28.75 0.8 0.0121803429288
28.75 1.0 0.0121748670421
31.9166666667 -1.0 0.00174219491053
31.9166666667 -0.8 0.00302342584836
31.9166666667 -0.666666666667 0.00439967892892
31.9166666667 -0.533333333333 0.00474348671208
31.9166666667 -0.4 0.00692824793691
31.9166666667 -0.266666666667 0.00782165227305
31.9166666667 -0.133333333333 0.00780630130913
31.9166666667 0.0 0.00834800980505
31.9166666667 0.133333333333 0.00888142671275
31.9166666667 0.266666666667 0.00974073454499
31.9166666667 0.4 0.0101073570226
31.9166666667 0.533333333333 0.0103339579854
31.9166666667 0.666666666667 0.0101585872431
31.9166666667 0.8 0.0101724831531
31.9166666667 1.0 0.00978445641594
35.0833333333 -1.0 0.00130376928545
35.0833333333 -0.8 0.00204912668292
35.0833333333 -0.666666666667 0.00335829400083
35.0833333333 -0.533333333333 0.00449843577447
35.0833333333 -0.4 0.00531542210741
35.0833333333 -0.266666666667 0.00591495651024
35.0833333333 -0.133333333333 0.00712830488569
35.0833333333 0.0 0.00740680590427
35.0833333333 0.133333333333 0.00812619859326
35.0833333333 0.266666666667 0.00842893218284
35.0833333333 0.4 0.00850360870196
35.0833333333 0.533333333333 0.00927132404757
35.0833333333 0.666666666667 0.00910694915256
35.0833333333 0.8 0.00825693530781
35.0833333333 1.0 0.00855953079361
38.25 -1.0 0.00132603910114
38.25 -0.8 0.00216422990086
38.25 -0.666666666667 0.00307569705324
38.25 -0.533333333333 0.00328421699932
38.25 -0.4 0.00414409917727
38.25 -0.266666666667 0.00500265410163
38.25 -0.133333333333 0.00646678951684
38.25 0.0 0.00647849219784
38.25 0.133333333333 0.00722099964534
38.25 0.266666666667 0.00819326174034
38.25 0.4 0.00692945369622
38.25 0.533333333333 0.00808151296812
38.25 0.666666666667 0.00756015212547
38.25 0.8 0.00760832630246
38.25 1.0 0.00651606404028
41.4166666667 -1.0 0.000955807957528
41.4166666667 -0.8 0.0014188721804
41.4166666667 -0.666666666667 0.00220927617334
41.4166666667 -0.533333333333 0.00347191575542
41.4166666667 -0.4 0.00360201663857
41.4166666667 -0.266666666667 0.00477476894989
41.4166666667 -0.133333333333 0.00593642206849
41.4166666667 0.0 0.00666239236495
41.4166666667 0.133333333333 0.00547076991983
41.4166666667 0.266666666667 0.00627896832286
41.4166666667 0.4 0.00677573061298
41.4166666667 0.533333333333 0.0068822439058
41.4166666667 0.666666666667 0.00688944046292
41.4166666667 0.8 0.00768408109487
41.4166666667 1.0 0.00637641348175
44.5833333333 -1.0 0.000349445046763
44.5833333333 -0.8 0.0012870532714
44.5833333333 -0.666666666667 0.0017185423444
44.5833333333 -0.533333333333 0.00251784112424
44.5833333333 -0.4 0.00339933651761
44.5833333333 -0.266666666667 0.00383719169829
44.5833333333 -0.133333333333 0.0045450399905
44.5833333333 0.0 0.00560480841726
44.5833333333 0.133333333333 0.00556821951404
44.5833333333 0.266666666667 0.00521454976264
44.5833333333 0.4 0.00607234776149
44.5833333333 0.533333333333 0.00639438084228
44.5833333333 0.666666666667 0.00619295602704
44.5833333333 0.8 0.00535486740835
44.5833333333 1.0 0.00465374587541
47.75 -1.0 0.000303873846532
47.75 -0.8 0.000954511188516
47.75 -0.666666666667 0.00123614736438
47.75 -0.533333333333 0.00237715102933
47.75 -0.4 0.00262808848478
47.75 -0.266666666667 0.00372302080204
47.75 -0.133333333333 0.00379621470555
47.75 0.0 0.00457697158256
47.75 0.133333333333 0.0045158942698
47.75 0.266666666667 0.00549748462745
47.75 0.4 0.0054436693915
47.75 0.533333333333 0.00594131385993
47.75 0.666666666667 0.00519002511384
47.75 0.8 0.00473172927459
47.75 1.0 0.00369801036979
50.9166666667 -1.0 0.000279049901326
50.9166666667 -0.8 0.00069939442349
50.9166666667 -0.666666666667 0.00114666665614
50.9166666667 -0.533333333333 0.00165644374236
50.9166666667 -0.4 0.00221410400885
50.9166666667 -0.266666666667 0.00300773811328
50.9166666667 -0.133333333333 0.00344424789703
50.9166666667 0.0 0.00391242812906
50.9166666667 0.133333333333 0.00414830081238
50.9166666667 0.266666666667 0.0047538708067
50.9166666667 0.4 0.00437919028878
50.9166666667 0.533333333333 0.00461151126834
50.9166666667 0.666666666667 0.00409630911821
50.9166666667 0.8 0.00477250841348
50.9166666667 1.0 0.00388161190038
54.0833333333 -1.0 0.000231702163162
54.0833333333 -0.8 0.000605441656239
54.0833333333 -0.666666666667 0.000930931470233
54.0833333333 -0.533333333333 0.0015585187742
54.0833333333 -0.4 0.00186458122893
54.0833333333 -0.266666666667 0.00270365969997
54.0833333333 -0.133333333333 0.00300292731323
54.0833333333 0.0 0.0033318660814
54.0833333333 0.133333333333 0.00395706678669
54.0833333333 0.266666666667 0.00358313087751
54.0833333333 0.4 0.00416806400251
54.0833333333 0.533333333333 0.00389019244825
54.0833333333 0.666666666667 0.00398434995342
54.0833333333 0.8 0.00354596398494
54.0833333333 1.0 0.00289269578579
57.25 -1.0 0.000233144798797
57.25 -0.8 0.000536358594391
57.25 -0.666666666667 0.000861841956203
57.25 -0.533333333333 0.00143892970203
57.25 -0.4 0.00179118291241
57.25 -0.266666666667 0.00198262728662
57.25 -0.133333333333 0.00258666205477
57.25 0.0 0.00346701089591
57.25 0.133333333333 0.00304940750827
57.25 0.266666666667 0.00332723687406
57.25 0.4 0.00405328308239
57.25 0.533333333333 0.0028921602453
57.25 0.666666666667 0.00314858447942
57.25 0.8 0.00274599077367
57.25 1.0 0.00267289214007
60.4166666667 -1.0 4.65903620071e-05
60.4166666667 -0.8 0.000419193864523
60.4166666667 -0.666666666667 0.000722069248747
60.4166666667 -0.533333333333 0.000911974382133
60.4166666667 -0.4 0.00134700328171
60.4166666667 -0.266666666667 0.00178793165518
60.4166666667 -0.133333333333 0.00237496894041
60.4166666667 0.0 0.00248712693219
60.4166666667 0.133333333333 0.00279282181488
60.4166666667 0.266666666667 0.00286770357384
60.4166666667 0.4 0.00261004021183
60.4166666667 0.533333333333 0.00326213923435
60.4166666667 0.666666666667 0.00286738090402
60.4166666667 0.8 0.00262854917516
60.4166666667 1.0 0.00224118142112
63.5833333333 -1.0 0.000138675140771
63.5833333333 -0.8 0.000278681679732
63.5833333333 -0.666666666667 0.000555996487727
63.5833333333 -0.533333333333 0.00114224863892
63.5833333333 -0.4 0.00140085001125
63.5833333333 -0.266666666667 0.00116353613266
63.5833333333 -0.133333333333 0.00174607001341
63.5833333333 0.0 0.00212258371383
63.5833333333 0.133333333333 0.00195747572699
63.5833333333 0.266666666667 0.0027453866963
63.5833333333 0.4 0.00260828125772
63.5833333333 0.533333333333 0.00297854618106
63.5833333333 0.666666666667 0.0025661865304
63.5833333333 0.8 0.00223165411293
63.5833333333 1.0 0.00183823545328
66.75 -1.0 0.000117089390466
66.75 -0.8 0.000210567991515
66.75 -0.666666666667 0.000444395880693
66.75 -0.533333333333 0.000604410132143
66.75 -0.4 0.000928659526026
66.75 -0.266666666667 0.00132693060509
66.75 -0.133333333333 0.00153894805149
66.75 0.0 0.00191499711707
66.75 0.133333333333 0.00195704081179
66.75 0.266666666667 0.00213420606204
66.75 0.4 0.00265969697608
66.75 0.533333333333 0.00174105658227
66.75 0.666666666667 0.00200210254889
66.75 0.8 0.00207281616288
66.75 1.0 0.00167498138342
69.9166666667 -1.0 0.000115031198229
69.9166666667 -0.8 0.000253981752911
69.9166666667 -0.666666666667 0.00032592567233
69.9166666667 -0.533333333333 0.000651707437369
69.9166666667 -0.4 0.000931010830542
69.9166666667 -0.266666666667 0.00105100019767
69.9166666667 -0.133333333333 0.00123510880842
69.9166666667 0.0 0.00168169994455
69.9166666667 0.133333333333 0.002124148943
69.9166666667 0.266666666667 0.00216179254842
69.9166666667 0.4 0.00214760288706
69.9166666667 0.533333333333 0.00205861276278
69.9166666667 0.666666666667 0.00155968232562
69.9166666667 0.8 0.00123271162104
69.9166666667 1.0 0.00109544823653
73.0833333333 -1.0 2.31948002412e-05
73.0833333333 -0.8 0.00021068796329
73.0833333333 -0.666666666667 0.00028061344074
73.0833333333 -0.533333333333 0.00044143876521
73.0833333333 -0.4 0.000811221081178
73.0833333333 -0.266666666667 0.00109128639881
73.0833333333 -0.133333333333 0.0011637232711
73.0833333333 0.0 0.00158861399071
73.0833333333 0.133333333333 0.00151021226436
73.0833333333 0.266666666667 0.00141730046227
73.0833333333 0.4 0.0016769439765
73.0833333333 0.533333333333 0.00153777996176
73.0833333333 0.666666666667 0.00169895532231
73.0833333333 0.8 0.00151485856979
73.0833333333 1.0 0.00114235132081
76.25 -1.0 4.6705490904e-05
76.25 -0.8 7.01309747954e-05
76.25 -0.666666666667 0.000418602874272
76.25 -0.533333333333 0.000444828964366
76.25 -0.4 0.000535450769822
76.25 -0.266666666667 0.000839837423288
76.25 -0.133333333333 0.00102235922066
76.25 0.0 0.00167747608379
76.25 0.133333333333 0.00149328263912
76.25 0.266666666667 0.00174915491867
76.25 0.4 0.00172260483206
76.25 0.533333333333 0.00188607059659
76.25 0.666666666667 0.00149327227256
76.25 0.8 0.00123748726251
76.25 1.0 0.000654899907139
79.4166666667 -1.0 1e-05
79.4166666667 -0.8 9.34336487807e-05
79.4166666667 -0.666666666667 0.000138479798848
79.4166666667 -0.533333333333 0.000558246135231
79.4166666667 -0.4 0.000464772800468
79.4166666667 -0.266666666667 0.00074404159613
79.4166666667 -0.133333333333 0.00088212698606
79.4166666667 0.0 0.00120896048619
79.4166666667 0.133333333333 0.00121298824036
79.4166666667 0.266666666667 0.00114179812746
79.4166666667 0.4 0.00142337971315
79.4166666667 0.533333333333 0.00137362936528
79.4166666667 0.666666666667 0.00116676369543
79.4166666667 0.8 0.00132693499797
79.4166666667 1.0 0.000717453421822
82.5833333333 -1.0 2.35406127883e-05
82.5833333333 -0.8 0.000116736084937
82.5833333333 -0.666666666667 0.000233197679876
82.5833333333 -0.533333333333 0.000255024008879
82.5833333333 -0.4 0.000372050824383
82.5833333333 -0.266666666667 0.000675275428289
82.5833333333 -0.133333333333 0.00070024107471
82.5833333333 0.0 0.0009073671491
82.5833333333 0.133333333333 0.00126083898531
82.5833333333 0.266666666667 0.00123586316132
82.5833333333 0.4 0.0013931874959
82.5833333333 0.533333333333 0.00127553793746
82.5833333333 0.666666666667 0.00106773333682
82.5833333333 0.8 0.000928574821053
82.5833333333 1.0 0.000487947848621
85.75 -1.0 1e-05
85.75 -0.8 7.04942824304e-05
85.75 -0.666666666667 0.000163498188094
85.75 -0.533333333333 0.00032560690636
85.75 -0.4 0.000304461008336
85.75 -0.266666666667 0.000534668492607
85.75 -0.133333333333 0.000793241699077
85.75 0.0 0.000788021625356
85.75 0.133333333333 0.000882417561816
85.75 0.266666666667 0.00125455287877
85.75 0.4 0.000861804133682
85.75 0.533333333333 0.00100243900424
85.75 0.666666666667 0.000721323924414
85.75 0.8 0.000696714993172
85.75 1.0 0.000467041700448
88.9166666667 -1.0 2.31993442319e-05
88.9166666667 -0.8 0.000115016652132
88.9166666667 -0.666666666667 0.000163675927871
88.9166666667 -0.533333333333 0.000161495519331
88.9166666667 -0.4 0.000254234867205
88.9166666667 -0.266666666667 0.000537236835048
88.9166666667 -0.133333333333 0.000444263990476
88.9166666667 0.0 0.000695869567941
88.9166666667 0.133333333333 0.000906356349553
88.9166666667 0.266666666667 0.000765470382066
88.9166666667 0.4 0.000954195778558
88.9166666667 0.533333333333 0.000770884399837
88.9166666667 0.666666666667 0.000860348561747
88.9166666667 0.8 0.000536734738483
88.9166666667 1.0 0.00037516523816
92.0833333333 -1.0 1e-05
92.0833333333 -0.8 2.34218854097e-05
92.0833333333 -0.666666666667 7.00072193803e-05
92.0833333333 -0.533333333333 0.000231872409957
92.0833333333 -0.4 0.000257411299885
92.0833333333 -0.266666666667 0.000348319445467
92.0833333333 -0.133333333333 0.000485624624462
92.0833333333 0.0 0.000465177432894
92.0833333333 0.133333333333 0.000863939341533
92.0833333333 0.266666666667 0.0010024487334
92.0833333333 0.4 0.000748080332265
92.0833333333 0.533333333333 0.000791425736386
92.0833333333 0.666666666667 0.000700320033132
92.0833333333 0.8 0.000442537117892
92.0833333333 1.0 0.000278610238572
95.25 -1.0 2.23794864654e-05
95.25 -0.8 1e-05
95.25 -0.666666666667 6.99302132708e-05
95.25 -0.533333333333 0.000208932335927
95.25 -0.4 0.000281485778686
95.25 -0.266666666667 0.000256910636247
95.25 -0.133333333333 0.000418594836372
95.25 0.0 0.00041869808315
95.25 0.133333333333 0.000725812184726
95.25 0.266666666667 0.000745673775236
95.25 0.4 0.00046682728369
95.25 0.533333333333 0.000560668316088
95.25 0.666666666667 0.000811062774186
95.25 0.8 0.000466390739523
95.25 1.0 0.000232871288109
100.0 -1.0 1e-05
100.0 -0.8 1e-05
100.0 -0.666666666667 2.31993442319e-05
100.0 -0.533333333333 0.000139656983798
100.0 -0.4 0.000208434181413
100.0 -0.266666666667 0.00030417686116
100.0 -0.133333333333 0.000419645178053
100.0 0.0 0.000418190350576
100.0 0.133333333333 0.000374553836262
100.0 0.266666666667 0.000536794090966
100.0 0.4 0.000695981745347
100.0 0.533333333333 0.000556470070497
100.0 0.666666666667 0.000440746301665
100.0 0.8 0.000488639349173
100.0 1.0 0.000281520066662
