5.0 -1.0 0.0146956412789
5.0 -0.8 0.0150978797913
5.0 -0.666666666667 0.0147687209612
5.0 -0.533333333333 0.0142422768903
5.0 -0.4 0.0145610729955
5.0 -0.266666666667 0.0144331392213
5.0 -0.133333333333 0.0142962008979
5.0 0.0 0.014220348285
5.0 0.133333333333 0.0145592601774
5.0 0.266666666667 0.0147409226788
5.0 0.4 0.0148558072125
5.0 0.533333333333 0.0150525009626
5.0 0.666666666667 0.0150106416514
5.0 0.8 0.0153946798189
5.0 1.0 0.0154760176269
9.75 -1.0 0.0136091328539
9.75 -0.8 0.0145806984026
9.75 -0.666666666667 0.0148492902333
9.75 -0.533333333333 0.0150020326298
9.75 -0.4 0.0148942878528
9.75 -0.266666666667 0.0151613672915
9.75 -0.133333333333 0.0150224641782
9.75 0.0 0.0148167322484
9.75 0.133333333333 0.0151656837309
9.75 0.266666666667 0.0150262285606
9.75 0.4 0.0151332643917
9.75 0.533333333333 0.015347689191
9.75 0.666666666667 0.0147429147261
9.75 0.8 0.0152811318633
9.75 1.0 0.0145350318877
12.9166666667 -1.0 0.0127444905491
12.9166666667 -0.8 0.0133538601714
12.9166666667 -0.666666666667 0.0145233909237
12.9166666667 -0.533333333333 0.0145494192241
12.9166666667 -0.4 0.0151257179593
12.9166666667 -0.266666666667 0.0150904213082
12.9166666667 -0.133333333333 0.0151750727825
12.9166666667 0.0 0.0148137244745
12.9166666667 0.133333333333 0.0153403091269
12.9166666667 0.266666666667 0.0149321336032
12.9166666667 0.4 0.0147885567557
12.9166666667 0.533333333333 0.0152584889183
12.9166666667 0.666666666667 0.0146180724368
12.9166666667 0.8 0.0143442101739
12.9166666667 1.0 0.0132624611579
16.0833333333 -1.0 0.0116715425349
16.0833333333 -0.8 0.0125479219115
16.0833333333 -0.666666666667 0.0133209927817
16.0833333333 -0.533333333333 0.0139654194121
16.0833333333 -0.4 0.014273086619
16.0833333333 -0.266666666667 0.0146261481125
16.0833333333 -0.133333333333 0.0148067278414
16.0833333333 0.0 0.0148737706157
16.0833333333 0.133333333333 0.0150645705743
16.0833333333 0.266666666667 0.0147788463874
16.0833333333 0.4 0.014631280197
16.0833333333 0.533333333333 0.0144619594063
16.0833333333 0.666666666667 0.0134133531064
16.0833333333 0.8 0.0129643432139
16.0833333333 1.0 0.0120990206422
19.25 -1.0 0.00977161360089
19.25 -0.8 0.0112202262483
19.25 -0.666666666667 0.0123375837802
19.25 -0.533333333333 0.0130204387438
19.25 -0.4 0.0132782039662
19.25 -0.266666666667 0.013835673548
19.25 -0.133333333333 0.0143953931047
19.25 0.0 0.0141605290633
19.25 0.133333333333 0.0138712964434
19.25 0.266666666667 0.0134652577092
19.25 0.4 0.0133936638291
19.25 0.533333333333 0.0132947929704
19.25 0.666666666667 0.0124282456942
19.25 0.8 0.0115868146928
19.25 1.0 0.01037224551
22.4166666667 -1.0 0.00813960594989
22.4166666667 -0.8 0.00970118919678
22.4166666667 -0.666666666667 0.0107951215325
22.4166666667 -0.533333333333 0.0118767072609
22.4166666667 -0.4 0.0124087122716
22.4166666667 -0.266666666667 0.0123588869871
22.4166666667 -0.133333333333 0.0127366554238
22.4166666667 0.0 0.0129386496771
22.4166666667 0.133333333333 0.0126639410567
22.4166666667 0.266666666667 0.0125031270082
22.4166666667 0.4 0.0124891681198
22.4166666667 0.533333333333 0.0117402777948
22.4166666667 0.666666666667 0.0113125783562
22.4166666667 0.8 0.0100276809817
22.4166666667 1.0 0.00857438224422
25.5833333333 -1.0 0.00678552445486
25.5833333333 -0.8 0.00822021792341
25.5833333333 -0.666666666667 0.00980056249968
25.5833333333 -0.533333333333 0.010551119323
25.5833333333 -0.4 0.0111874023525
25.5833333333 -0.266666666667 0.0114973189693
25.5833333333 -0.133333333333 0.0114452441087
25.5833333333 0.0 0.0116997162674
25.5833333333 0.133333333333 0.0117115611336
25.5833333333 0.266666666667 0.0113645111877
25.5833333333 0.4 0.0109886447535
25.5833333333 0.533333333333 0.0104267392355
25.5833333333 0.666666666667 0.00997779981527
25.5833333333 0.8 0.00866622589843
25.5833333333 1.0 0.00749923693784
28.75 -1.0 0.0058668923453
28.75 -0.8 0.00697691501893
28.75 -0.666666666667 0.00826199020805
28.75 -0.533333333333 0.00911478618704
28.75 -0.4 0.00970812762906
28.75 -0.266666666667 0.0100225579419
28.75 -0.133333333333 0.0102986224921
28.75 0.0 0.010712691654
28.75 0.133333333333 0.0101695460421
28.75 0.266666666667 0.0102282866143
28.75 0.4 0.00959912227869
28.75 0.533333333333 0.00946708711156
28.75 0.666666666667 0.00867833969129
28.75 0.8 0.00750702162958
28.75 1.0 0.00620167309206
31.9166666667 -1.0 0.00478688125963
31.9166666667 -0.8 0.0061032768691
31.9166666667 -0.666666666667 0.00695873623599
31.9166666667 -0.533333333333 0.00816278322002
31.9166666667 -0.4 0.00873069963142
31.9166666667 -0.266666666667 0.00909371840663
31.9166666667 -0.133333333333 0.00915082207156
31.9166666667 0.0 0.00915499201775
31.9166666667 0.133333333333 0.00916000736433
31.9166666667 0.266666666667 0.00922609340631
31.9166666667 0.4 0.00875591861501
31.9166666667 0.533333333333 0.00834705353795
31.9166666667 0.666666666667 0.00751797372838
31.9166666667 0.8 0.00674314300446
31.9166666667 1.0 0.00515292927932
35.0833333333 -1.0 0.00391025980865
35.0833333333 -0.8 0.00521223124647
35.0833333333 -0.666666666667 0.00604843843428
35.0833333333 -0.533333333333 0.00684216052807
35.0833333333 -0.4 0.0072538139193
35.0833333333 -0.266666666667 0.00794897421932
35.0833333333 -0.133333333333 0.0081302750056
35.0833333333 0.0 0.00839920818742
35.0833333333 0.133333333333 0.00832898814393
35.0833333333 0.266666666667 0.00793350893124
35.0833333333 0.4 0.00765323635953
35.0833333333 0.533333333333 0.0071588873578
35.0833333333 0.666666666667 0.00635810402302
35.0833333333 0.8 0.00547664993541
35.0833333333 1.0 0.00429043722856
38.25 -1.0 0.00314491277175
38.25 -0.8 0.00453162173464
38.25 -0.666666666667 0.00538727202404
38.25 -0.533333333333 0.00625438556533
38.25 -0.4 0.00669395053653
38.25 -0.266666666667 0.00694632130708
38.25 -0.133333333333 0.00703837040594
38.25 0.0 0.00722282407637
38.25 0.133333333333 0.00748028795165
38.25 0.266666666667 0.00713946808372
38.25 0.4 0.00689700488254
38.25 0.533333333333 0.00641712415175
38.25 0.666666666667 0.00566080578281
38.25 0.8 0.00457178614673
38.25 1.0 0.00357443859338
41.4166666667 -1.0 0.00261296754792
41.4166666667 -0.8 0.00369044584891
41.4166666667 -0.666666666667 0.00456248530088
41.4166666667 -0.533333333333 0.00537505018894
41.4166666667 -0.4 0.00569396998226
41.4166666667 -0.266666666667 0.00618979329991
41.4166666667 -0.133333333333 0.00656811142164
41.4166666667 0.0 0.00646239605837
41.4166666667 0.133333333333 0.00670086112124
41.4166666667 0.266666666667 0.00643804285519
41.4166666667 0.4 0.00612167299983
41.4166666667 0.533333333333 0.00538456956082
41.4166666667 0.666666666667 0.00463082416769
41.4166666667 0.8 0.00393629874512
41.4166666667 1.0 0.00275972039165
44.5833333333 -1.0 0.00226355252855
44.5833333333 -0.8 0.0029629388552
44.5833333333 -0.666666666667 0.00387691635676
44.5833333333 -0.533333333333 0.00472066570368
44.5833333333 -0.4 0.0050489324864
44.5833333333 -0.266666666667 0.00545561440107
44.5833333333 -0.133333333333 0.00600386883676
44.5833333333 0.0 0.00572234189447
44.5833333333 0.133333333333 0.00584757359321
44.5833333333 0.266666666667 0.00560616836236
44.5833333333 0.4 0.00522392833741
44.5833333333 0.533333333333 0.00484401352856
44.5833333333 0.666666666667 0.00413704272056
44.5833333333 0.8 0.00356060040063
44.5833333333 1.0 0.00238394233035
47.75 -1.0 0.00182134552216
47.75 -0.8 0.00245939712378
47.75 -0.666666666667 0.00342319428298
47.75 -0.533333333333 0.0038983797003
47.75 -0.4 0.00457200538537
47.75 -0.266666666667 0.00489306965861
47.75 -0.133333333333 0.00500417791253
47.75 0.0 0.0050299616191
47.75 0.133333333333 0.00516231972068
47.75 0.266666666667 0.00471620745689
47.75 0.4 0.00471847676102
47.75 0.533333333333 0.00404487714064
47.75 0.666666666667 0.00354930875586
47.75 0.8 0.00283314664755
47.75 1.0 0.00203188902218
50.9166666667 -1.0 0.00147418710116
50.9166666667 -0.8 0.00223734969563
50.9166666667 -0.666666666667 0.00291570429094
50.9166666667 -0.533333333333 0.00345428192281
50.9166666667 -0.4 0.00379195189541
50.9166666667 -0.266666666667 0.00414175052521
50.9166666667 -0.133333333333 0.00456722540989
50.9166666667 0.0 0.00470462512999
50.9166666667 0.133333333333 0.00452666596338
50.9166666667 0.266666666667 0.00431681048022
50.9166666667 0.4 0.00421278052437
50.9166666667 0.533333333333 0.00361453202846
50.9166666667 0.666666666667 0.00290377127507
50.9166666667 0.8 0.00257537961642
50.9166666667 1.0 0.00164673540538
54.0833333333 -1.0 0.00117195969015
54.0833333333 -0.8 0.00205305609362
54.0833333333 -0.666666666667 0.00234411432606
54.0833333333 -0.533333333333 0.00308806387853
54.0833333333 -0.4 0.00338577757387
54.0833333333 -0.266666666667 0.00371902075286
54.0833333333 -0.133333333333 0.00400716752857
54.0833333333 0.0 0.00391503047594
54.0833333333 0.133333333333 0.00398585775248
54.0833333333 0.266666666667 0.00372124554331
54.0833333333 0.4 0.00352959049049
54.0833333333 0.533333333333 0.00314001487214
54.0833333333 0.666666666667 0.00274767685211
54.0833333333 0.8 0.0020909756613
54.0833333333 1.0 0.00141514735965
57.25 -1.0 0.00096885599128
57.25 -0.8 0.00153344364494
57.25 -0.666666666667 0.00214293570705
57.25 -0.533333333333 0.00266510526599
57.25 -0.4 0.00303841732038
57.25 -0.266666666667 0.00328666183243
57.25 -0.133333333333 0.00328404766523
57.25 0.0 0.00352986182459
57.25 0.133333333333 0.00338089597056
57.25 0.266666666667 0.00328649938172
57.25 0.4 0.00302181371168
57.25 0.533333333333 0.00258444211224
57.25 0.666666666667 0.00222351073969
57.25 0.8 0.00165621001624
57.25 1.0 0.0011672052925
60.4166666667 -1.0 0.000810373392001
60.4166666667 -0.8 0.00127836261129
60.4166666667 -0.666666666667 0.00185701613877
60.4166666667 -0.533333333333 0.002263351806
60.4166666667 -0.4 0.00254695644124
60.4166666667 -0.266666666667 0.00283028899242
60.4166666667 -0.133333333333 0.0028725961745
60.4166666667 0.0 0.00303122636908
60.4166666667 0.133333333333 0.00296285857819
60.4166666667 0.266666666667 0.00304829972316
60.4166666667 0.4 0.00261297775262
60.4166666667 0.533333333333 0.00234389497009
60.4166666667 0.666666666667 0.00195650688493
60.4166666667 0.8 0.00136799583425
60.4166666667 1.0 0.000888398025726
63.5833333333 -1.0 0.000611868122799
63.5833333333 -0.8 0.00117167994977
63.5833333333 -0.666666666667 0.00161121427451
63.5833333333 -0.533333333333 0.001932645387
63.5833333333 -0.4 0.00229156718319
63.5833333333 -0.266666666667 0.00249977315021
63.5833333333 -0.133333333333 0.00258046433299
63.5833333333 0.0 0.00261786718815
63.5833333333 0.133333333333 0.00272651964553
63.5833333333 0.266666666667 0.00246667260359
63.5833333333 0.4 0.00234387676204
63.5833333333 0.533333333333 0.00210283050433
63.5833333333 0.666666666667 0.00166112405908
63.5833333333 0.8 0.00124520172927
63.5833333333 1.0 0.000753707459588
66.75 -1.0 0.000583670800012
66.75 -0.8 0.00092391226708
66.75 -0.666666666667 0.00141276287742
66.75 -0.533333333333 0.00168224627138
66.75 -0.4 0.00196790438173
66.75 -0.266666666667 0.00221136321417
66.75 -0.133333333333 0.00233401907237
66.75 0.0 0.00244044978003
66.75 0.133333333333 0.00234350050685
66.75 0.266666666667 0.002270704749
66.75 0.4 0.00223775011204
66.75 0.533333333333 0.00187830610035
66.75 0.666666666667 0.00144817616695
66.75 0.8 0.00102297726087
66.75 1.0 0.000588203481947
69.9166666667 -1.0 0.000481868213769
69.9166666667 -0.8 0.000789067327143
69.9166666667 -0.666666666667 0.00112918214389
69.9166666667 -0.533333333333 0.00142237357429
69.9166666667 -0.4 0.00172000941308
69.9166666667 -0.266666666667 0.00191621976744
69.9166666667 -0.133333333333 0.00210042340657
69.9166666667 0.0 0.00197048054649
69.9166666667 0.133333333333 0.00201073022392
69.9166666667 0.266666666667 0.0019255152647
69.9166666667 0.4 0.00190917247738
69.9166666667 0.533333333333 0.00161163288541
69.9166666667 0.666666666667 0.00114809117603
69.9166666667 0.8 0.000888457617966
69.9166666667 1.0 0.000477214693099
73.0833333333 -1.0 0.000370955933469
73.0833333333 -0.8 0.000659113623016
73.0833333333 -0.666666666667 0.00102529300886
73.0833333333 -0.533333333333 0.00118603513216
73.0833333333 -0.4 0.00149079443688
73.0833333333 -0.266666666667 0.00171766860674
73.0833333333 -0.133333333333 0.00181704941105
73.0833333333 0.0 0.00190196883541
73.0833333333 0.133333333333 0.00176727429712
73.0833333333 0.266666666667 0.00170102944537
73.0833333333 0.4 0.00157811735925
73.0833333333 0.533333333333 0.00128999251157
73.0833333333 0.666666666667 0.00104435545789
73.0833333333 0.8 0.000793916465077
73.0833333333 1.0 0.00043231523442
76.25 -1.0 0.000311933793567
76.25 -0.8 0.000536367433605
76.25 -0.666666666667 0.000836535559932
76.25 -0.533333333333 0.0010963804581
76.25 -0.4 0.00134217704969
76.25 -0.266666666667 0.00149559886849
76.25 -0.133333333333 0.00157835582419
76.25 0.0 0.00165617532097
76.25 0.133333333333 0.00162097519101
76.25 0.266666666667 0.00152882242325
76.25 0.4 0.00147413917471
76.25 0.533333333333 0.00114823450856
76.25 0.666666666667 0.000912079391817
76.25 0.8 0.000680603024599
76.25 1.0 0.000394647382987
79.4166666667 -1.0 0.000231454845169
79.4166666667 -0.8 0.000503257473186
79.4166666667 -0.666666666667 0.000763359816162
79.4166666667 -0.533333333333 0.000916703295417
79.4166666667 -0.4 0.00109160863417
79.4166666667 -0.266666666667 0.00138941739739
79.4166666667 -0.133333333333 0.00148377841477
79.4166666667 0.0 0.0013632889289
79.4166666667 0.133333333333 0.00139394268687
79.4166666667 0.266666666667 0.00130644407969
79.4166666667 0.4 0.00115071740112
79.4166666667 0.533333333333 0.00093341451618
79.4166666667 0.666666666667 0.000767657070899
79.4166666667 0.8 0.000500933428687
79.4166666667 1.0 0.00032601515134
82.5833333333 -1.0 0.000200775870813
82.5833333333 -0.8 0.000392275489469
82.5833333333 -0.666666666667 0.000638133412273
82.5833333333 -0.533333333333 0.000843358621462
82.5833333333 -0.4 0.000928359257386
82.5833333333 -0.266666666667 0.00114590277682
82.5833333333 -0.133333333333 0.00106090570299
82.5833333333 0.0 0.00116950225631
82.5833333333 0.133333333333 0.00120731566391
82.5833333333 0.266666666667 0.00116489396055
82.5833333333 0.4 0.00116002682828
82.5833333333 0.533333333333 0.000871808957953
82.5833333333 0.666666666667 0.00070638204407
82.5833333333 0.8 0.000458246750459
82.5833333333 1.0 0.000257464396001
85.75 -1.0 0.000191395107226
85.75 -0.8 0.00032855319477
85.75 -0.666666666667 0.000562242720481
85.75 -0.533333333333 0.000788956823253
85.75 -0.4 0.000770194115273
85.75 -0.266666666667 0.000971163911376
85.75 -0.133333333333 0.00101813651383
85.75 0.0 0.00100420230064
85.75 0.133333333333 0.00103019144074
85.75 0.266666666667 0.00102766848267
85.75 0.4 0.000900154640536
85.75 0.533333333333 0.000765616615798
85.75 0.666666666667 0.000522169966407
85.75 0.8 0.000387470424247
85.75 1.0 0.00020786163882
88.9166666667 -1.0 0.000146505855231
88.9166666667 -0.8 0.000401611060313
88.9166666667 -0.666666666667 0.00044423171953
88.9166666667 -0.533333333333 0.000637931450781
88.9166666667 -0.4 0.000725291824478
88.9166666667 -0.266666666667 0.000812707940944
88.9166666667 -0.133333333333 0.000878853134984
88.9166666667 0.0 0.000919017392078
88.9166666667 0.133333333333 0.000871959589678
88.9166666667 0.266666666667 0.000916738428519
88.9166666667 0.4 0.000824552397144
88.9166666667 0.533333333333 0.000623726069999
88.9166666667 0.666666666667 0.000538666523583
88.9166666667 0.8 0.000396966277666
88.9166666667 1.0 0.000139378755409
92.0833333333 -1.0 9.20842975058e-05
92.0833333333 -0.8 0.00020076954306
92.0833333333 -0.666666666667 0.000396958364016
92.0833333333 -0.533333333333 0.00054347243159
92.0833333333 -0.4 0.000628531417241
92.0833333333 -0.266666666667 0.00067566805084
92.0833333333 -0.133333333333 0.000883687757185
92.0833333333 0.0 0.000824609634321
92.0833333333 0.133333333333 0.00074651538123
92.0833333333 0.266666666667 0.000760732243834
92.0833333333 0.4 0.000661620236698
92.0833333333 0.533333333333 0.000564570157738
92.0833333333 0.666666666667 0.000474853419642
92.0833333333 0.8 0.00032136119038
92.0833333333 1.0 0.00010631214573
95.25 -1.0 0.000103916353171
95.25 -0.8 0.000215098291651
95.25 -0.666666666667 0.000311897623578
95.25 -0.533333333333 0.000432480032331
95.25 -0.4 0.000581264993342
95.25 -0.266666666667 0.000656878651967
95.25 -0.133333333333 0.000678107037619
95.25 0.0 0.000682835691801
95.25 0.133333333333 0.000670969440763
95.25 0.266666666667 0.000652109882298
95.25 0.4 0.00056465226468
95.25 0.533333333333 0.000512623672807
95.25 0.666666666667 0.000344921228617
95.25 0.8 0.00026222686897
95.25 1.0 0.000101578139499
100.0 -1.0 4.48991061313e-05
100.0 -0.8 0.000151279718754
100.0 -0.666666666667 0.000248069651044
100.0 -0.533333333333 0.000401524765476
100.0 -0.4 0.000477290896814
100.0 -0.266666666667 0.000519690729181
100.0 -0.133333333333 0.000576471624037
100.0 0.0 0.000640194872454
100.0 0.133333333333 0.000619071636007
100.0 0.266666666667 0.000557461367955
100.0 0.4 0.00051276231708
100.0 0.533333333333 0.000437111703672
100.0 0.666666666667 0.000318957360717
100.0 0.8 0.000196141799976
100.0 1.0 7.32301150012e-05
