5.0 -1.0 0.0192388604647
5.0 -0.8 0.0180506503135
5.0 -0.666666666667 0.0169663956955
5.0 -0.533333333333 0.0162646889476
5.0 -0.4 0.0151423129176
5.0 -0.266666666667 0.0152205670746
5.0 -0.133333333333 0.0148142006802
5.0 0.0 0.0144565543213
5.0 0.133333333333 0.0144994557339
5.0 0.266666666667 0.0140415189738
5.0 0.4 0.013691673091
5.0 0.533333333333 0.0129549270779
5.0 0.666666666667 0.012463168828
5.0 0.8 0.0120630571454
5.0 1.0 0.0115370791848
9.75 -1.0 0.0187455487566
9.75 -0.8 0.0178973248173
9.75 -0.666666666667 0.0173089910487
9.75 -0.533333333333 0.0167110172274
9.75 -0.4 0.0162610741319
9.75 -0.266666666667 0.0159084622281
9.75 -0.133333333333 0.0151780182349
9.75 0.0 0.0151185567262
9.75 0.133333333333 0.0150975375207
9.75 0.266666666667 0.0142656718371
9.75 0.4 0.0134241902573
9.75 0.533333333333 0.0132944759145
9.75 0.666666666667 0.0122557135502
9.75 0.8 0.0112723687654
9.75 1.0 0.0104289990254
12.9166666667 -1.0 0.0179112743232
12.9166666667 -0.8 0.0179356221049
12.9166666667 -0.666666666667 0.0172452463263
12.9166666667 -0.533333333333 0.0168857071415
12.9166666667 -0.4 0.0165482054431
12.9166666667 -0.266666666667 0.0157378844594
12.9166666667 -0.133333333333 0.0153262417972
12.9166666667 0.0 0.0150722091788
12.9166666667 0.133333333333 0.0147741748222
12.9166666667 0.266666666667 0.014052931338
12.9166666667 0.4 0.0132854186685
12.9166666667 0.533333333333 0.0126880326746
12.9166666667 0.666666666667 0.0116428375293
12.9166666667 0.8 0.0102304751088
12.9166666667 1.0 0.00858406864958
16.0833333333 -1.0 0.016954958964
16.0833333333 -0.8 0.0169899264753
16.0833333333 -0.666666666667 0.0167038792794
16.0833333333 -0.533333333333 0.0163566733657
16.0833333333 -0.4 0.0157192544512
16.0833333333 -0.266666666667 0.0154738892111
16.0833333333 -0.133333333333 0.0154405108275
16.0833333333 0.0 0.0145371203518
16.0833333333 0.133333333333 0.0143606234528
16.0833333333 0.266666666667 0.0136792504237
16.0833333333 0.4 0.0124636860429
16.0833333333 0.533333333333 0.0119576520154
16.0833333333 0.666666666667 0.0105727357518
16.0833333333 0.8 0.00903947200577
16.0833333333 1.0 0.00724935073797
19.25 -1.0 0.0153454619212
19.25 -0.8 0.0153483226317
19.25 -0.666666666667 0.015654957044
19.25 -0.533333333333 0.0153720202864
19.25 -0.4 0.0150163663098
19.25 -0.266666666667 0.014452916334
19.25 -0.133333333333 0.0144755919215
19.25 0.0 0.0138829583392
19.25 0.133333333333 0.0133728337979
19.25 0.266666666667 0.0122197385656
19.25 0.4 0.0115015860444
19.25 0.533333333333 0.0104713458139
19.25 0.666666666667 0.00932099270211
19.25 0.8 0.00786283648247
19.25 1.0 0.00613405071044
22.4166666667 -1.0 0.0135620625079
22.4166666667 -0.8 0.0140269236777
22.4166666667 -0.666666666667 0.0137535376686
22.4166666667 -0.533333333333 0.0136090278373
22.4166666667 -0.4 0.0132878583771
22.4166666667 -0.266666666667 0.0135331389779
22.4166666667 -0.133333333333 0.0128808225226
22.4166666667 0.0 0.0128599385289
22.4166666667 0.133333333333 0.0120264081834
22.4166666667 0.266666666667 0.0112677325627
22.4166666667 0.4 0.0104714402098
22.4166666667 0.533333333333 0.00920931884855
22.4166666667 0.666666666667 0.00811811874869
22.4166666667 0.8 0.00674118839996
22.4166666667 1.0 0.00491916681025
25.5833333333 -1.0 0.0117801727833
25.5833333333 -0.8 0.0121371775422
25.5833333333 -0.666666666667 0.0123779468747
25.5833333333 -0.533333333333 0.0123506019973
25.5833333333 -0.4 0.0127795313623
25.5833333333 -0.266666666667 0.0122951442488
25.5833333333 -0.133333333333 0.011860856775
25.5833333333 0.0 0.0112551981137
25.5833333333 0.133333333333 0.0108402671878
25.5833333333 0.266666666667 0.0103672752984
25.5833333333 0.4 0.00927423512178
25.5833333333 0.533333333333 0.0080989828192
25.5833333333 0.666666666667 0.00685409687877
25.5833333333 0.8 0.00555252613517
25.5833333333 1.0 0.00399781172234
28.75 -1.0 0.00984742604756
28.75 -0.8 0.0107688069864
28.75 -0.666666666667 0.0108617623505
28.75 -0.533333333333 0.0113549870638
28.75 -0.4 0.0110429027281
28.75 -0.266666666667 0.0107085480384
28.75 -0.133333333333 0.0105852796674
28.75 0.0 0.010216222997
28.75 0.133333333333 0.00961832821117
28.75 0.266666666667 0.00897334586097
28.75 0.4 0.00789116120797
28.75 0.533333333333 0.00699320905511
28.75 0.666666666667 0.00609787952655
28.75 0.8 0.00473481292302
28.75 1.0 0.00311898727185
31.9166666667 -1.0 0.00827934236093
31.9166666667 -0.8 0.00927309600034
31.9166666667 -0.666666666667 0.00978565416461
31.9166666667 -0.533333333333 0.00985950930591
31.9166666667 -0.4 0.00988095144284
31.9166666667 -0.266666666667 0.0098545888448
31.9166666667 -0.133333333333 0.00976286284854
31.9166666667 0.0 0.00902051984558
31.9166666667 0.133333333333 0.00865447860466
31.9166666667 0.266666666667 0.00793395418152
31.9166666667 0.4 0.00703151440602
31.9166666667 0.533333333333 0.00638437215204
31.9166666667 0.666666666667 0.00484785322723
31.9166666667 0.8 0.0038655623257
31.9166666667 1.0 0.00261076893715
35.0833333333 -1.0 0.00718993023648
35.0833333333 -0.8 0.00802172527164
35.0833333333 -0.666666666667 0.00851840929878
35.0833333333 -0.533333333333 0.00865860400737
35.0833333333 -0.4 0.00871564876414
35.0833333333 -0.266666666667 0.00857917828019
35.0833333333 -0.133333333333 0.00839938800767
35.0833333333 0.0 0.00774051601971
35.0833333333 0.133333333333 0.00759402151249
35.0833333333 0.266666666667 0.0067454261113
35.0833333333 0.4 0.0059963606628
35.0833333333 0.533333333333 0.00519089105523
35.0833333333 0.666666666667 0.00430251171694
35.0833333333 0.8 0.003163742157
35.0833333333 1.0 0.00212882022687
38.25 -1.0 0.00645999716136
38.25 -0.8 0.00698387114228
38.25 -0.666666666667 0.00737138296857
38.25 -0.533333333333 0.00763370349085
38.25 -0.4 0.00775955828781
38.25 -0.266666666667 0.0077243014712
38.25 -0.133333333333 0.00735694513752
38.25 0.0 0.00711440247329
38.25 0.133333333333 0.00666070624931
38.25 0.266666666667 0.00611940448742
38.25 0.4 0.00525898542394
38.25 0.533333333333 0.00449859412196
38.25 0.666666666667 0.00363603539163
38.25 0.8 0.00277368446448
38.25 1.0 0.00160900174265
41.4166666667 -1.0 0.00537260944348
41.4166666667 -0.8 0.00621826936795
41.4166666667 -0.666666666667 0.00647854102965
41.4166666667 -0.533333333333 0.00672905237513
41.4166666667 -0.4 0.00664826423656
41.4166666667 -0.266666666667 0.00668671450628
41.4166666667 -0.133333333333 0.00672885834433
41.4166666667 0.0 0.00626825820278
41.4166666667 0.133333333333 0.00576254646081
41.4166666667 0.266666666667 0.00527559395067
41.4166666667 0.4 0.00466405115459
41.4166666667 0.533333333333 0.00385558345209
41.4166666667 0.666666666667 0.00302674504313
41.4166666667 0.8 0.00219999735755
41.4166666667 1.0 0.00121212456537
44.5833333333 -1.0 0.00429997268345
44.5833333333 -0.8 0.00513449756125
44.5833333333 -0.666666666667 0.00545992698048
44.5833333333 -0.533333333333 0.00590224284484
44.5833333333 -0.4 0.00628987048698
44.5833333333 -0.266666666667 0.0061547079242
44.5833333333 -0.133333333333 0.00589731391781
44.5833333333 0.0 0.00576044820666
44.5833333333 0.133333333333 0.00505567487907
44.5833333333 0.266666666667 0.0046847578375
44.5833333333 0.4 0.00413469394221
44.5833333333 0.533333333333 0.00323907202594
44.5833333333 0.666666666667 0.00264645170129
44.5833333333 0.8 0.00185010814013
44.5833333333 1.0 0.00114836120415
47.75 -1.0 0.00361965169661
47.75 -0.8 0.00446049760122
47.75 -0.666666666667 0.00492600880531
47.75 -0.533333333333 0.00519796675735
47.75 -0.4 0.00508446394862
47.75 -0.266666666667 0.00533492789848
47.75 -0.133333333333 0.00516935519761
47.75 0.0 0.00493372592596
47.75 0.133333333333 0.00441599756642
47.75 0.266666666667 0.00416554233721
47.75 0.4 0.00340708806641
47.75 0.533333333333 0.0029060222807
47.75 0.666666666667 0.00220440998593
47.75 0.8 0.00150973368112
47.75 1.0 0.000822364960714
50.9166666667 -1.0 0.0030006752596
50.9166666667 -0.8 0.00376606738567
50.9166666667 -0.666666666667 0.00442514810612
50.9166666667 -0.533333333333 0.0046899008966
50.9166666667 -0.4 0.00486020153171
50.9166666667 -0.266666666667 0.00453437831509
50.9166666667 -0.133333333333 0.00465437397162
50.9166666667 0.0 0.00434715292685
50.9166666667 0.133333333333 0.00411374522228
50.9166666667 0.266666666667 0.0035724282593
50.9166666667 0.4 0.00300760455177
50.9166666667 0.533333333333 0.00239562987981
50.9166666667 0.666666666667 0.00179791124744
50.9166666667 0.8 0.00122630644604
50.9166666667 1.0 0.000692227264452
54.0833333333 -1.0 0.00267249685525
54.0833333333 -0.8 0.00337875076705
54.0833333333 -0.666666666667 0.00373298061857
54.0833333333 -0.533333333333 0.00408507292049
54.0833333333 -0.4 0.00403522503037
54.0833333333 -0.266666666667 0.00430002584777
54.0833333333 -0.133333333333 0.00422909357455
54.0833333333 0.0 0.00381359862381
54.0833333333 0.133333333333 0.00341438733072
54.0833333333 0.266666666667 0.00299827365643
54.0833333333 0.4 0.00244535574223
54.0833333333 0.533333333333 0.00214299573037
54.0833333333 0.666666666667 0.00151189761796
54.0833333333 0.8 0.00102541989296
54.0833333333 1.0 0.000529124642542
57.25 -1.0 0.00223030084479
57.25 -0.8 0.00283054808289
57.25 -0.666666666667 0.00328434370967
57.25 -0.533333333333 0.00354408515231
57.25 -0.4 0.00367387264194
57.25 -0.266666666667 0.0036715079678
57.25 -0.133333333333 0.00333149053919
57.25 0.0 0.00322733221738
57.25 0.133333333333 0.00288463035663
57.25 0.266666666667 0.00255629208887
57.25 0.4 0.002225789101
57.25 0.533333333333 0.00172471204544
57.25 0.666666666667 0.00136798333476
57.25 0.8 0.000796420679273
57.25 1.0 0.000420597714573
60.4166666667 -1.0 0.00183566027069
60.4166666667 -0.8 0.00244987068882
60.4166666667 -0.666666666667 0.00266053122586
60.4166666667 -0.533333333333 0.00311625805655
60.4166666667 -0.4 0.00322513304103
60.4166666667 -0.266666666667 0.00312122986204
60.4166666667 -0.133333333333 0.00308542964187
60.4166666667 0.0 0.00288942464571
60.4166666667 0.133333333333 0.00264122368985
60.4166666667 0.266666666667 0.00215283924702
60.4166666667 0.4 0.00190915057319
60.4166666667 0.533333333333 0.00150046131323
60.4166666667 0.666666666667 0.00110083941805
60.4166666667 0.8 0.000654542824511
60.4166666667 1.0 0.000328509195827
63.5833333333 -1.0 0.00158752337006
63.5833333333 -0.8 0.00217610364109
63.5833333333 -0.666666666667 0.00232455802432
63.5833333333 -0.533333333333 0.0027949503826
63.5833333333 -0.4 0.00281141053196
63.5833333333 -0.266666666667 0.00275273504558
63.5833333333 -0.133333333333 0.00262012666009
63.5833333333 0.0 0.00260406394404
63.5833333333 0.133333333333 0.00229906235776
63.5833333333 0.266666666667 0.00193965665054
63.5833333333 0.4 0.00162088223547
63.5833333333 0.533333333333 0.00124504942565
63.5833333333 0.666666666667 0.000935877261706
63.5833333333 0.8 0.000628501575943
63.5833333333 1.0 0.000276511245214
66.75 -1.0 0.00140350809705
66.75 -0.8 0.00185711686245
66.75 -0.666666666667 0.002187659824
66.75 -0.533333333333 0.00234618938454
66.75 -0.4 0.00254209827231
66.75 -0.266666666667 0.00247812700039
66.75 -0.133333333333 0.00260339484899
66.75 0.0 0.00224221176341
66.75 0.133333333333 0.00202704806583
66.75 0.266666666667 0.00177190131094
66.75 0.4 0.00139402214555
66.75 0.533333333333 0.00107261277019
66.75 0.666666666667 0.0008009767946
66.75 0.8 0.000408796504616
66.75 1.0 0.000210283397318
69.9166666667 -1.0 0.00106082828844
69.9166666667 -0.8 0.00154285490185
69.9166666667 -0.666666666667 0.00185479482376
69.9166666667 -0.533333333333 0.00210280578095
69.9166666667 -0.4 0.00217838479257
69.9166666667 -0.266666666667 0.00205058495958
69.9166666667 -0.133333333333 0.0021359223457
69.9166666667 0.0 0.00210036310557
69.9166666667 0.133333333333 0.00166335591786
69.9166666667 0.266666666667 0.00151690034408
69.9166666667 0.4 0.00118129435941
69.9166666667 0.533333333333 0.00090014186811
69.9166666667 0.666666666667 0.000701866729954
69.9166666667 0.8 0.000349700684564
69.9166666667 1.0 0.000160639828785
73.0833333333 -1.0 0.000893066355068
73.0833333333 -0.8 0.00143428397754
73.0833333333 -0.666666666667 0.00156149329162
73.0833333333 -0.533333333333 0.00186430509236
73.0833333333 -0.4 0.00182896140098
73.0833333333 -0.266666666667 0.00191143677605
73.0833333333 -0.133333333333 0.00188299521713
73.0833333333 0.0 0.00168439789088
73.0833333333 0.133333333333 0.00149548338894
73.0833333333 0.266666666667 0.00132527134895
73.0833333333 0.4 0.00102548504315
73.0833333333 0.533333333333 0.000878848532675
73.0833333333 0.666666666667 0.000557565714128
73.0833333333 0.8 0.000307109470109
73.0833333333 1.0 0.000125176258693
76.25 -1.0 0.000819911557015
76.25 -0.8 0.00119819074931
76.25 -0.666666666667 0.00142931254578
76.25 -0.533333333333 0.00153808756818
76.25 -0.4 0.00164454547195
76.25 -0.266666666667 0.00171783970751
76.25 -0.133333333333 0.0016564699071
76.25 0.0 0.00153335839619
76.25 0.133333333333 0.00135850353644
76.25 0.266666666667 0.00118145306176
76.25 0.4 0.000952075593046
76.25 0.533333333333 0.000737360517264
76.25 0.666666666667 0.000418177887204
76.25 0.8 0.000316713494406
76.25 1.0 0.000111025412312
79.4166666667 -1.0 0.000682753599494
79.4166666667 -0.8 0.00104929980569
79.4166666667 -0.666666666667 0.00121446505815
79.4166666667 -0.533333333333 0.00128764896843
79.4166666667 -0.4 0.00148141693591
79.4166666667 -0.266666666667 0.00154773439011
79.4166666667 -0.133333333333 0.0014176787148
79.4166666667 0.0 0.00131105243348
79.4166666667 0.133333333333 0.00116717470419
79.4166666667 0.266666666667 0.000888420778863
79.4166666667 0.4 0.000737218306242
79.4166666667 0.533333333333 0.000621344067397
79.4166666667 0.666666666667 0.000418133729797
79.4166666667 0.8 0.000229170873186
79.4166666667 1.0 6.84807742043e-05
82.5833333333 -1.0 0.000510423051698
82.5833333333 -0.8 0.000869397564337
82.5833333333 -0.666666666667 0.00106318633207
82.5833333333 -0.533333333333 0.00116012948032
82.5833333333 -0.4 0.00123095541913
82.5833333333 -0.266666666667 0.00127822893142
82.5833333333 -0.133333333333 0.00123566153506
82.5833333333 0.0 0.00113403910737
82.5833333333 0.133333333333 0.00103726388383
82.5833333333 0.266666666667 0.00089771442251
82.5833333333 0.4 0.000715804716896
82.5833333333 0.533333333333 0.000519774816617
82.5833333333 0.666666666667 0.0002976730469
82.5833333333 0.8 0.00019134067124
82.5833333333 1.0 6.37590093474e-05
85.75 -1.0 0.000408784190168
85.75 -0.8 0.000763151613463
85.75 -0.666666666667 0.000824644215255
85.75 -0.533333333333 0.0010490421817
85.75 -0.4 0.0011553192128
85.75 -0.266666666667 0.00108445390319
85.75 -0.133333333333 0.00105367329229
85.75 0.0 0.000975755161464
85.75 0.133333333333 0.000831609418178
85.75 0.266666666667 0.000772540418485
85.75 0.4 0.000633100581843
85.75 0.533333333333 0.000439571769315
85.75 0.666666666667 0.000269277921541
85.75 0.8 0.000153616441789
85.75 1.0 6.14375745853e-05
88.9166666667 -1.0 0.000448828182794
88.9166666667 -0.8 0.000593080412077
88.9166666667 -0.666666666667 0.000744145499809
88.9166666667 -0.533333333333 0.00103497994464
88.9166666667 -0.4 0.000935586961461
88.9166666667 -0.266666666667 0.000933204845114
88.9166666667 -0.133333333333 0.000994829575328
88.9166666667 0.0 0.000881350761613
88.9166666667 0.133333333333 0.000791452417685
88.9166666667 0.266666666667 0.000670830423119
88.9166666667 0.4 0.000552935304758
88.9166666667 0.533333333333 0.000321294213284
88.9166666667 0.666666666667 0.000226768821344
88.9166666667 0.8 0.000108707019027
88.9166666667 1.0 4.01440382852e-05
92.0833333333 -1.0 0.000271564275674
92.0833333333 -0.8 0.000578985654181
92.0833333333 -0.666666666667 0.000666177800811
92.0833333333 -0.533333333333 0.000777295284481
92.0833333333 -0.4 0.000826909153676
92.0833333333 -0.266666666667 0.000843508509951
92.0833333333 -0.133333333333 0.000862317037396
92.0833333333 0.0 0.000782020690688
92.0833333333 0.133333333333 0.000663839852684
92.0833333333 0.266666666667 0.000550498821971
92.0833333333 0.4 0.000385187014718
92.0833333333 0.533333333333 0.000352061637605
92.0833333333 0.666666666667 0.000205548471638
92.0833333333 0.8 0.000106363159897
92.0833333333 1.0 9.46890564093e-06
95.25 -1.0 0.000309610914316
95.25 -0.8 0.000484381010204
95.25 -0.666666666667 0.000633191501771
95.25 -0.533333333333 0.000644985823152
95.25 -0.4 0.000722910872252
95.25 -0.266666666667 0.000756296394026
95.25 -0.133333333333 0.000675786315544
95.25 0.0 0.000694656920504
95.25 0.133333333333 0.000564542337585
95.25 0.266666666667 0.000467717409823
95.25 0.4 0.000375557246522
95.25 0.533333333333 0.000217426312463
95.25 0.666666666667 0.000139420794869
95.25 0.8 7.32862627171e-05
95.25 1.0 1.17900573478e-05
100.0 -1.0 0.000224442394362
100.0 -0.8 0.000439487158835
100.0 -0.666666666667 0.000486647561227
100.0 -0.533333333333 0.000545577027304
100.0 -0.4 0.00064251909082
100.0 -0.266666666667 0.000652105374757
100.0 -0.133333333333 0.000635695956073
100.0 0.0 0.000536341613045
100.0 0.133333333333 0.000474915018574
100.0 0.266666666667 0.000413462696669
100.0 0.4 0.000297665745614
100.0 0.533333333333 0.000236317024888
100.0 0.666666666667 0.00014409612192
100.0 0.8 3.78009302801e-05
100.0 1.0 7.08394993191e-06
