5.0 -1.0 0.0528213241655
5.0 -0.8 0.0466008818885
5.0 -0.666666666667 0.0418228099492
5.0 -0.533333333333 0.0425615555268
5.0 -0.4 0.0410763161179
5.0 -0.266666666667 0.0398569395013
5.0 -0.133333333333 0.035884750551
5.0 0.0 0.0373381897902
5.0 0.133333333333 0.0317308300136
5.0 0.266666666667 0.0309159491434
5.0 0.4 0.0258007277391
5.0 0.533333333333 0.0244235795024
5.0 0.666666666667 0.0206860939177
5.0 0.8 0.0163222315482
5.0 1.0 0.0141951589446
9.75 -1.0 0.0421241385303
9.75 -0.8 0.0391626307603
9.75 -0.666666666667 0.0371023602636
9.75 -0.533333333333 0.0398313299084
9.75 -0.4 0.0366828225268
9.75 -0.266666666667 0.0356568143557
9.75 -0.133333333333 0.0317736216006
9.75 0.0 0.0305222583574
9.75 0.133333333333 0.0287430242471
9.75 0.266666666667 0.0249796225835
9.75 0.4 0.0227662815536
9.75 0.533333333333 0.0187502723036
9.75 0.666666666667 0.0153419786672
9.75 0.8 0.0114652558865
9.75 1.0 0.00827088664387
12.9166666667 -1.0 0.0339279821131
12.9166666667 -0.8 0.0353559791165
12.9166666667 -0.666666666667 0.0327384293974
12.9166666667 -0.533333333333 0.0325034157987
12.9166666667 -0.4 0.0329254872475
12.9166666667 -0.266666666667 0.0313102003317
12.9166666667 -0.133333333333 0.0282991833735
12.9166666667 0.0 0.0273448130248
12.9166666667 0.133333333333 0.0244438514913
12.9166666667 0.266666666667 0.019211539076
12.9166666667 0.4 0.0167408465374
12.9166666667 0.533333333333 0.0136119270824
12.9166666667 0.666666666667 0.0101367965876
12.9166666667 0.8 0.00814986241031
12.9166666667 1.0 0.00460042800408
16.0833333333 -1.0 0.0268755789702
16.0833333333 -0.8 0.0270845480438
16.0833333333 -0.666666666667 0.0268058760311
16.0833333333 -0.533333333333 0.0294391563235
16.0833333333 -0.4 0.0273183604404
16.0833333333 -0.266666666667 0.0257569661371
16.0833333333 -0.133333333333 0.024165233716
16.0833333333 0.0 0.021364428403
16.0833333333 0.133333333333 0.0187295889757
16.0833333333 0.266666666667 0.0158301264342
16.0833333333 0.4 0.0129327294604
16.0833333333 0.533333333333 0.00945500085265
16.0833333333 0.666666666667 0.00693560743228
16.0833333333 0.8 0.00518210769294
16.0833333333 1.0 0.00289432518483
19.25 -1.0 0.0188663347186
19.25 -0.8 0.0217870104338
19.25 -0.666666666667 0.0206625013541
19.25 -0.533333333333 0.0211993448871
19.25 -0.4 0.0207318357994
19.25 -0.266666666667 0.0213161439435
19.25 -0.133333333333 0.0189375910272
19.25 0.0 0.0171603257396
19.25 0.133333333333 0.0148722176406
19.25 0.266666666667 0.0123328547718
19.25 0.4 0.00969488008832
19.25 0.533333333333 0.00716888482438
19.25 0.666666666667 0.00579372436227
19.25 0.8 0.00308009042363
19.25 1.0 0.00177580893152
22.4166666667 -1.0 0.0136871513811
22.4166666667 -0.8 0.0164582366002
22.4166666667 -0.666666666667 0.0165996875703
22.4166666667 -0.533333333333 0.0182584101096
22.4166666667 -0.4 0.0173041680945
22.4166666667 -0.266666666667 0.0169298308059
22.4166666667 -0.133333333333 0.0150147185798
22.4166666667 0.0 0.0141953707367
22.4166666667 0.133333333333 0.0119353888167
22.4166666667 0.266666666667 0.00831264575041
22.4166666667 0.4 0.00691111284325
22.4166666667 0.533333333333 0.00469252920096
22.4166666667 0.666666666667 0.00350099235596
22.4166666667 0.8 0.00170502152349
22.4166666667 1.0 0.000747621116695
25.5833333333 -1.0 0.00915199678228
25.5833333333 -0.8 0.0109910744743
25.5833333333 -0.666666666667 0.0123056739642
25.5833333333 -0.533333333333 0.0140759879827
25.5833333333 -0.4 0.0132159046699
25.5833333333 -0.266666666667 0.0132858970791
25.5833333333 -0.133333333333 0.011624562801
25.5833333333 0.0 0.0091335720609
25.5833333333 0.133333333333 0.00793872662853
25.5833333333 0.266666666667 0.00639737612263
25.5833333333 0.4 0.00553346019199
25.5833333333 0.533333333333 0.00343214031707
25.5833333333 0.666666666667 0.00224080832644
25.5833333333 0.8 0.00130792182152
25.5833333333 1.0 0.000420645266378
28.75 -1.0 0.00599842059352
28.75 -0.8 0.00875500649136
28.75 -0.666666666667 0.0100630139495
28.75 -0.533333333333 0.00882862748791
28.75 -0.4 0.00971365785599
28.75 -0.266666666667 0.00945752187014
28.75 -0.133333333333 0.00826359043869
28.75 0.0 0.00843157806595
28.75 0.133333333333 0.00513991672788
28.75 0.266666666667 0.00536986067597
28.75 0.4 0.00310560491424
28.75 0.533333333333 0.00210203700025
28.75 0.666666666667 0.00151654219131
28.75 0.8 0.000442977599759
28.75 1.0 0.000233075611405
31.9166666667 -1.0 0.00448322086198
31.9166666667 -0.8 0.00562898685486
31.9166666667 -0.666666666667 0.00707514766969
31.9166666667 -0.533333333333 0.00770799596057
31.9166666667 -0.4 0.00721418314654
31.9166666667 -0.266666666667 0.00754367546062
31.9166666667 -0.133333333333 0.00625864516505
31.9166666667 0.0 0.00537084593481
31.9166666667 0.133333333333 0.00399202951944
31.9166666667 0.266666666667 0.00312984879835
31.9166666667 0.4 0.00226464674334
31.9166666667 0.533333333333 0.00179875434121
31.9166666667 0.666666666667 0.000794209403269
31.9166666667 0.8 0.000467157584925
31.9166666667 1.0 0.000139345406841
35.0833333333 -1.0 0.00329238000719
35.0833333333 -0.8 0.00471492769306
35.0833333333 -0.666666666667 0.00492826047991
35.0833333333 -0.533333333333 0.0052291318349
35.0833333333 -0.4 0.00611676170118
35.0833333333 -0.266666666667 0.00560284957054
35.0833333333 -0.133333333333 0.00443777168244
35.0833333333 0.0 0.00453195876888
35.0833333333 0.133333333333 0.00254510760323
35.0833333333 0.266666666667 0.00277907763993
35.0833333333 0.4 0.00133295921912
35.0833333333 0.533333333333 0.000981402094626
35.0833333333 0.666666666667 0.000443298869573
35.0833333333 0.8 0.000186475525508
35.0833333333 1.0 4.68023169482e-05
38.25 -1.0 0.00193729063751
38.25 -0.8 0.0027786136439
38.25 -0.666666666667 0.00378300000653
38.25 -0.533333333333 0.00389764044423
38.25 -0.4 0.00422278818699
38.25 -0.266666666667 0.0037809367383
38.25 -0.133333333333 0.00364221706918
38.25 0.0 0.00242857333298
38.25 0.133333333333 0.00219610933296
38.25 0.266666666667 0.00189256580477
38.25 0.4 0.000934871750519
38.25 0.533333333333 0.000816381307207
38.25 0.666666666667 0.000443957238538
38.25 0.8 0.000163005890757
38.25 1.0 2.34033700853e-05
41.4166666667 -1.0 0.001541967622
41.4166666667 -0.8 0.00228665146485
41.4166666667 -0.666666666667 0.0024042945371
41.4166666667 -0.533333333333 0.00268346898887
41.4166666667 -0.4 0.00319772857934
41.4166666667 -0.266666666667 0.0027539752921
41.4166666667 -0.133333333333 0.0021935252659
41.4166666667 0.0 0.00212398495535
41.4166666667 0.133333333333 0.00170526561183
41.4166666667 0.266666666667 0.0010278736597
41.4166666667 0.4 0.000886172984219
41.4166666667 0.533333333333 0.000420649512034
41.4166666667 0.666666666667 0.000233151269367
41.4166666667 0.8 1e-05
41.4166666667 1.0 1e-05
44.5833333333 -1.0 0.000864077017057
44.5833333333 -0.8 0.00158733555726
44.5833333333 -0.666666666667 0.00215107634941
44.5833333333 -0.533333333333 0.00189064845602
44.5833333333 -0.4 0.00256927559707
44.5833333333 -0.266666666667 0.00177493066897
44.5833333333 -0.133333333333 0.00191598665239
44.5833333333 0.0 0.00142474859991
44.5833333333 0.133333333333 0.00128425433629
44.5833333333 0.266666666667 0.000559825274756
44.5833333333 0.4 0.000373257953956
44.5833333333 0.533333333333 0.000396525450155
44.5833333333 0.666666666667 0.000116787629213
44.5833333333 0.8 9.33671042288e-05
44.5833333333 1.0 1e-05
47.75 -1.0 0.000419730154988
47.75 -0.8 0.000910347698216
47.75 -0.666666666667 0.00130728340326
47.75 -0.533333333333 0.0014479404247
47.75 -0.4 0.00139930858831
47.75 -0.266666666667 0.00123831362058
47.75 -0.133333333333 0.00107443716697
47.75 0.0 0.00121464517243
47.75 0.133333333333 0.000676950318905
47.75 0.266666666667 0.000443245884892
47.75 0.4 0.00021057196707
47.75 0.533333333333 0.000210419096882
47.75 0.666666666667 2.32243680391e-05
47.75 0.8 2.33250054425e-05
47.75 1.0 1e-05
50.9166666667 -1.0 0.000303058407496
50.9166666667 -0.8 0.00102790633332
50.9166666667 -0.666666666667 0.001073553489
50.9166666667 -0.533333333333 0.00114438162623
50.9166666667 -0.4 0.00112139810748
50.9166666667 -0.266666666667 0.000981259564709
50.9166666667 -0.133333333333 0.00107392768071
50.9166666667 0.0 0.000863724419928
50.9166666667 0.133333333333 0.000537411672675
50.9166666667 0.266666666667 0.000419256380128
50.9166666667 0.4 0.000256529759715
50.9166666667 0.533333333333 0.000140243428255
50.9166666667 0.666666666667 2.33456979067e-05
50.9166666667 0.8 2.32243680391e-05
50.9166666667 1.0 1e-05
54.0833333333 -1.0 0.000210639063279
54.0833333333 -0.8 0.000490310842265
54.0833333333 -0.666666666667 0.000559409097811
54.0833333333 -0.533333333333 0.000724246594636
54.0833333333 -0.4 0.000701211286724
54.0833333333 -0.266666666667 0.000793655555684
54.0833333333 -0.133333333333 0.00072436356951
54.0833333333 0.0 0.000443218398688
54.0833333333 0.133333333333 0.000210295949524
54.0833333333 0.266666666667 0.000233907340582
54.0833333333 0.4 0.000186547827739
54.0833333333 0.533333333333 2.31426720015e-05
54.0833333333 0.666666666667 1e-05
54.0833333333 0.8 1e-05
54.0833333333 1.0 1e-05
57.25 -1.0 0.000187174829688
57.25 -0.8 0.000303676247764
57.25 -0.666666666667 0.000537844934593
57.25 -0.533333333333 0.000373057842598
57.25 -0.4 0.000583733164413
57.25 -0.266666666667 0.000560607317536
57.25 -0.133333333333 0.000700001227454
57.25 0.0 0.000326918453646
57.25 0.133333333333 0.000233649733068
57.25 0.266666666667 9.3561533824e-05
57.25 0.4 6.99494121721e-05
57.25 0.533333333333 4.68067401706e-05
57.25 0.666666666667 1e-05
57.25 0.8 1e-05
57.25 1.0 1e-05
60.4166666667 -1.0 9.31693569888e-05
60.4166666667 -0.8 0.000304006529703
60.4166666667 -0.666666666667 0.00032657550062
60.4166666667 -0.533333333333 0.000443164038343
60.4166666667 -0.4 0.000467038216149
60.4166666667 -0.266666666667 0.000327493852303
60.4166666667 -0.133333333333 0.000350185125659
60.4166666667 0.0 0.000163982122996
60.4166666667 0.133333333333 0.000140255612569
60.4166666667 0.266666666667 0.000117026886965
60.4166666667 0.4 0.000140193582826
60.4166666667 0.533333333333 2.34729539408e-05
60.4166666667 0.666666666667 1e-05
60.4166666667 0.8 1e-05
60.4166666667 1.0 1e-05
63.5833333333 -1.0 2.33526035558e-05
63.5833333333 -0.8 0.00011665954318
63.5833333333 -0.666666666667 0.000163412024698
63.5833333333 -0.533333333333 0.000303798031167
63.5833333333 -0.4 0.000420287727344
63.5833333333 -0.266666666667 0.000117075790562
63.5833333333 -0.133333333333 0.000327296918587
63.5833333333 0.0 0.000139969876662
63.5833333333 0.133333333333 7.02338981662e-05
63.5833333333 0.266666666667 9.36717353252e-05
63.5833333333 0.4 4.66277381244e-05
63.5833333333 0.533333333333 1e-05
63.5833333333 0.666666666667 1e-05
63.5833333333 0.8 1e-05
63.5833333333 1.0 1e-05
66.75 -1.0 2.34497133924e-05
66.75 -0.8 9.32794603311e-05
66.75 -0.666666666667 0.000163784303624
66.75 -0.533333333333 0.00011682720466
66.75 -0.4 0.000303106483666
66.75 -0.266666666667 0.000186681952734
66.75 -0.133333333333 9.33792885432e-05
66.75 0.0 6.99803416803e-05
66.75 0.133333333333 0.000139865825733
66.75 0.266666666667 9.35746254886e-05
66.75 0.4 2.34033700853e-05
66.75 0.533333333333 1e-05
66.75 0.666666666667 1e-05
66.75 0.8 1e-05
66.75 1.0 1e-05
69.9166666667 -1.0 1e-05
69.9166666667 -0.8 0.000163285416166
69.9166666667 -0.666666666667 0.000116521058414
69.9166666667 -0.533333333333 0.000116870134442
69.9166666667 -0.4 0.000116658563698
69.9166666667 -0.266666666667 0.000139878714685
69.9166666667 -0.133333333333 2.33456979067e-05
69.9166666667 0.0 4.66983014625e-05
69.9166666667 0.133333333333 2.34729539408e-05
69.9166666667 0.266666666667 1e-05
69.9166666667 0.4 1e-05
69.9166666667 0.533333333333 1e-05
69.9166666667 0.666666666667 1e-05
69.9166666667 0.8 1e-05
69.9166666667 1.0 1e-05
73.0833333333 -1.0 1e-05
73.0833333333 -0.8 7.00396063608e-05
73.0833333333 -0.666666666667 4.64952755573e-05
73.0833333333 -0.533333333333 0.000140171434105
73.0833333333 -0.4 4.66638343888e-05
73.0833333333 -0.266666666667 7.02683652399e-05
73.0833333333 -0.133333333333 9.31383807932e-05
73.0833333333 0.0 4.669732198e-05
73.0833333333 0.133333333333 2.34497133924e-05
73.0833333333 0.266666666667 2.34033700853e-05
73.0833333333 0.4 1e-05
73.0833333333 0.533333333333 1e-05
73.0833333333 0.666666666667 1e-05
73.0833333333 0.8 1e-05
73.0833333333 1.0 1e-05
76.25 -1.0 1e-05
76.25 -0.8 1e-05
76.25 -0.666666666667 4.669732198e-05
76.25 -0.533333333333 6.98399939815e-05
76.25 -0.4 4.65460420868e-05
76.25 -0.266666666667 2.34033700853e-05
76.25 -0.133333333333 4.67559736411e-05
76.25 0.0 1e-05
76.25 0.133333333333 1e-05
76.25 0.266666666667 1e-05
76.25 0.4 1e-05
76.25 0.533333333333 1e-05
76.25 0.666666666667 1e-05
76.25 0.8 1e-05
76.25 1.0 1e-05
79.4166666667 -1.0 1e-05
79.4166666667 -0.8 1e-05
79.4166666667 -0.666666666667 4.68530834777e-05
79.4166666667 -0.533333333333 1e-05
79.4166666667 -0.4 2.32243680391e-05
79.4166666667 -0.266666666667 1e-05
79.4166666667 -0.133333333333 4.68530834777e-05
79.4166666667 0.0 1e-05
79.4166666667 0.133333333333 1e-05
79.4166666667 0.266666666667 1e-05
79.4166666667 0.4 1e-05
79.4166666667 0.533333333333 1e-05
79.4166666667 0.666666666667 1e-05
79.4166666667 0.8 1e-05
79.4166666667 1.0 1e-05
82.5833333333 -1.0 1e-05
82.5833333333 -0.8 1e-05
82.5833333333 -0.666666666667 1e-05
82.5833333333 -0.533333333333 1e-05
82.5833333333 -0.4 1e-05
82.5833333333 -0.266666666667 1e-05
82.5833333333 -0.133333333333 1e-05
82.5833333333 0.0 1e-05
82.5833333333 0.133333333333 1e-05
82.5833333333 0.266666666667 1e-05
82.5833333333 0.4 1e-05
82.5833333333 0.533333333333 1e-05
82.5833333333 0.666666666667 1e-05
82.5833333333 0.8 1e-05
82.5833333333 1.0 1e-05
85.75 -1.0 1e-05
85.75 -0.8 1e-05
85.75 -0.666666666667 1e-05
85.75 -0.533333333333 1e-05
85.75 -0.4 1e-05
85.75 -0.266666666667 1e-05
85.75 -0.133333333333 1e-05
85.75 0.0 1e-05
85.75 0.133333333333 1e-05
85.75 0.266666666667 1e-05
85.75 0.4 1e-05
85.75 0.533333333333 1e-05
85.75 0.666666666667 1e-05
85.75 0.8 1e-05
85.75 1.0 1e-05
88.9166666667 -1.0 1e-05
88.9166666667 -0.8 1e-05
88.9166666667 -0.666666666667 1e-05
88.9166666667 -0.533333333333 1e-05
88.9166666667 -0.4 1e-05
88.9166666667 -0.266666666667 1e-05
88.9166666667 -0.133333333333 1e-05
88.9166666667 0.0 1e-05
88.9166666667 0.133333333333 1e-05
88.9166666667 0.266666666667 1e-05
88.9166666667 0.4 1e-05
88.9166666667 0.533333333333 1e-05
88.9166666667 0.666666666667 1e-05
88.9166666667 0.8 1e-05
88.9166666667 1.0 1e-05
92.0833333333 -1.0 1e-05
92.0833333333 -0.8 1e-05
92.0833333333 -0.666666666667 1e-05
92.0833333333 -0.533333333333 1e-05
92.0833333333 -0.4 1e-05
92.0833333333 -0.266666666667 1e-05
92.0833333333 -0.133333333333 1e-05
92.0833333333 0.0 1e-05
92.0833333333 0.133333333333 1e-05
92.0833333333 0.266666666667 1e-05
92.0833333333 0.4 1e-05
92.0833333333 0.533333333333 1e-05
92.0833333333 0.666666666667 1e-05
92.0833333333 0.8 1e-05
92.0833333333 1.0 1e-05
95.25 -1.0 1e-05
95.25 -0.8 1e-05
95.25 -0.666666666667 1e-05
95.25 -0.533333333333 1e-05
95.25 -0.4 1e-05
95.25 -0.266666666667 1e-05
95.25 -0.133333333333 1e-05
95.25 0.0 1e-05
95.25 0.133333333333 1e-05
95.25 0.266666666667 1e-05
95.25 0.4 1e-05
95.25 0.533333333333 1e-05
95.25 0.666666666667 1e-05
95.25 0.8 1e-05
95.25 1.0 1e-05
100.0 -1.0 1e-05
100.0 -0.8 1e-05
100.0 -0.666666666667 1e-05
100.0 -0.533333333333 1e-05
100.0 -0.4 1e-05
100.0 -0.266666666667 1e-05
100.0 -0.133333333333 1e-05
100.0 0.0 1e-05
100.0 0.133333333333 1e-05
100.0 0.266666666667 1e-05
100.0 0.4 1e-05
100.0 0.533333333333 1e-05
100.0 0.666666666667 1e-05
100.0 0.8 1e-05
100.0 1.0 1e-05
