5.0 -1.0 0.0219330576631
5.0 -0.8 0.017341588776
5.0 -0.666666666667 0.0182800704503
5.0 -0.533333333333 0.0169236437993
5.0 -0.4 0.0167608282089
5.0 -0.266666666667 0.0168954862965
5.0 -0.133333333333 0.0161154464347
5.0 0.0 0.015506408875
5.0 0.133333333333 0.0143897558113
5.0 0.266666666667 0.0145492338758
5.0 0.4 0.0142052917328
5.0 0.533333333333 0.0140734129716
5.0 0.666666666667 0.0126650878037
5.0 0.8 0.0131733560559
5.0 1.0 0.0135943651568
9.75 -1.0 0.021887142155
9.75 -0.8 0.0192655384062
9.75 -0.666666666667 0.0179292537873
9.75 -0.533333333333 0.017661497814
9.75 -0.4 0.0177681090999
9.75 -0.266666666667 0.0179187331013
9.75 -0.133333333333 0.0165782055911
9.75 0.0 0.0162927779041
9.75 0.133333333333 0.0149607219463
9.75 0.266666666667 0.0145656291334
9.75 0.4 0.0136861367348
9.75 0.533333333333 0.0145136954489
9.75 0.666666666667 0.0122798107661
9.75 0.8 0.0120698631202
9.75 1.0 0.0116111474454
12.9166666667 -1.0 0.0205055059103
12.9166666667 -0.8 0.0185872735089
12.9166666667 -0.666666666667 0.0184708226598
12.9166666667 -0.533333333333 0.0179697684687
12.9166666667 -0.4 0.0166833590194
12.9166666667 -0.266666666667 0.0168817325968
12.9166666667 -0.133333333333 0.0155170220155
12.9166666667 0.0 0.0160275604531
12.9166666667 0.133333333333 0.015711198234
12.9166666667 0.266666666667 0.0142270986349
12.9166666667 0.4 0.0141904257713
12.9166666667 0.533333333333 0.0120318468984
12.9166666667 0.666666666667 0.010454539216
12.9166666667 0.8 0.0111142748924
12.9166666667 1.0 0.00905791151126
16.0833333333 -1.0 0.0175633936772
16.0833333333 -0.8 0.0168168270565
16.0833333333 -0.666666666667 0.0174727537754
16.0833333333 -0.533333333333 0.0159082663029
16.0833333333 -0.4 0.0170081166599
16.0833333333 -0.266666666667 0.0164735536604
16.0833333333 -0.133333333333 0.0161410627063
16.0833333333 0.0 0.0157123186501
16.0833333333 0.133333333333 0.0144690852859
16.0833333333 0.266666666667 0.0142376017364
16.0833333333 0.4 0.0131649461789
16.0833333333 0.533333333333 0.0120188263861
16.0833333333 0.666666666667 0.0106521801978
16.0833333333 0.8 0.00852169119161
16.0833333333 1.0 0.00801983125914
19.25 -1.0 0.0166149700924
19.25 -0.8 0.0157486809153
19.25 -0.666666666667 0.0162331079447
19.25 -0.533333333333 0.0159465429739
19.25 -0.4 0.0158006968521
19.25 -0.266666666667 0.0151166797993
19.25 -0.133333333333 0.0151017182892
19.25 0.0 0.0135518059901
19.25 0.133333333333 0.0128834651438
19.25 0.266666666667 0.0138475596944
19.25 0.4 0.0116217514836
19.25 0.533333333333 0.0106248273352
19.25 0.666666666667 0.00932996230684
19.25 0.8 0.00785098533648
19.25 1.0 0.00684198465074
22.4166666667 -1.0 0.0134551293747
22.4166666667 -0.8 0.0140541920141
22.4166666667 -0.666666666667 0.0131995709099
22.4166666667 -0.533333333333 0.0141736550992
22.4166666667 -0.4 0.0150019580131
22.4166666667 -0.266666666667 0.0132276649627
22.4166666667 -0.133333333333 0.0143774386232
22.4166666667 0.0 0.0127640760444
22.4166666667 0.133333333333 0.0128829526941
22.4166666667 0.266666666667 0.0119166784637
22.4166666667 0.4 0.0100829265495
22.4166666667 0.533333333333 0.00955074838104
22.4166666667 0.666666666667 0.00809650027052
22.4166666667 0.8 0.00677286224783
22.4166666667 1.0 0.00521884238906
25.5833333333 -1.0 0.0114913186377
25.5833333333 -0.8 0.0112723977087
25.5833333333 -0.666666666667 0.0127664053648
25.5833333333 -0.533333333333 0.0125122889324
25.5833333333 -0.4 0.0121386832576
25.5833333333 -0.266666666667 0.0132004937748
25.5833333333 -0.133333333333 0.0124597940531
25.5833333333 0.0 0.0115297403247
25.5833333333 0.133333333333 0.0106240847487
25.5833333333 0.266666666667 0.0102241267942
25.5833333333 0.4 0.00896250490021
25.5833333333 0.533333333333 0.00860463764878
25.5833333333 0.666666666667 0.00685540233112
25.5833333333 0.8 0.00540641983054
25.5833333333 1.0 0.00418298650247
28.75 -1.0 0.0100122429422
28.75 -0.8 0.010341067001
28.75 -0.666666666667 0.0110605775712
28.75 -0.533333333333 0.0116318096815
28.75 -0.4 0.011269800271
28.75 -0.266666666667 0.0113655195502
28.75 -0.133333333333 0.0104671457795
28.75 0.0 0.00982026205841
28.75 0.133333333333 0.00998108249817
28.75 0.266666666667 0.00912136024494
28.75 0.4 0.00843392554294
28.75 0.533333333333 0.00726562604326
28.75 0.666666666667 0.00593728189528
28.75 0.8 0.00428136224265
28.75 1.0 0.00298096811885
31.9166666667 -1.0 0.00887843237626
31.9166666667 -0.8 0.00831625072901
31.9166666667 -0.666666666667 0.00962189252903
31.9166666667 -0.533333333333 0.00969182282646
31.9166666667 -0.4 0.0101015884458
31.9166666667 -0.266666666667 0.0097391656949
31.9166666667 -0.133333333333 0.00868068199308
31.9166666667 0.0 0.00862737456419
31.9166666667 0.133333333333 0.00864270947926
31.9166666667 0.266666666667 0.00775686415673
31.9166666667 0.4 0.00705781018726
31.9166666667 0.533333333333 0.00633949951241
31.9166666667 0.666666666667 0.00462857274779
31.9166666667 0.8 0.00358231381896
31.9166666667 1.0 0.00232702174089
35.0833333333 -1.0 0.0069638330381
35.0833333333 -0.8 0.00728175114306
35.0833333333 -0.666666666667 0.00782370509358
35.0833333333 -0.533333333333 0.00927626473401
35.0833333333 -0.4 0.00836688827944
35.0833333333 -0.266666666667 0.00859377908025
35.0833333333 -0.133333333333 0.00813712430786
35.0833333333 0.0 0.00796148288463
35.0833333333 0.133333333333 0.00675799008977
35.0833333333 0.266666666667 0.00622251960592
35.0833333333 0.4 0.006083085275
35.0833333333 0.533333333333 0.0052573544401
35.0833333333 0.666666666667 0.00367768076095
35.0833333333 0.8 0.00280013925566
35.0833333333 1.0 0.00202499594258
38.25 -1.0 0.00532346191661
38.25 -0.8 0.00627830323388
38.25 -0.666666666667 0.00723576275218
38.25 -0.533333333333 0.00760981797418
38.25 -0.4 0.00723390402511
38.25 -0.266666666667 0.00799294542822
38.25 -0.133333333333 0.00740165341392
38.25 0.0 0.00670553909629
38.25 0.133333333333 0.00670130464706
38.25 0.266666666667 0.00526348047981
38.25 0.4 0.00451868898387
38.25 0.533333333333 0.00442497546255
38.25 0.666666666667 0.00347097535025
38.25 0.8 0.00228621635917
38.25 1.0 0.00160495944325
41.4166666667 -1.0 0.00539632086729
41.4166666667 -0.8 0.00579514814367
41.4166666667 -0.666666666667 0.0068615648938
41.4166666667 -0.533333333333 0.00679149549474
41.4166666667 -0.4 0.00618882185919
41.4166666667 -0.266666666667 0.00711901992081
41.4166666667 -0.133333333333 0.00704132248761
41.4166666667 0.0 0.0061395946068
41.4166666667 0.133333333333 0.00512609450885
41.4166666667 0.266666666667 0.0046448903033
41.4166666667 0.4 0.00457159537764
41.4166666667 0.533333333333 0.00387390886644
41.4166666667 0.666666666667 0.00277365016104
41.4166666667 0.8 0.0019062349749
41.4166666667 1.0 0.00115945742352
44.5833333333 -1.0 0.00384108818994
44.5833333333 -0.8 0.00461449952151
44.5833333333 -0.666666666667 0.00480248617023
44.5833333333 -0.533333333333 0.00546376511491
44.5833333333 -0.4 0.00645174042092
44.5833333333 -0.266666666667 0.00594323508447
44.5833333333 -0.133333333333 0.00524139062336
44.5833333333 0.0 0.0054289231944
44.5833333333 0.133333333333 0.00415078000167
44.5833333333 0.266666666667 0.00448293052356
44.5833333333 0.4 0.00395369325823
44.5833333333 0.533333333333 0.00328372044454
44.5833333333 0.666666666667 0.00221196318819
44.5833333333 0.8 0.00162931955739
44.5833333333 1.0 0.00121079030841
47.75 -1.0 0.00332459825662
47.75 -0.8 0.00442031744527
47.75 -0.666666666667 0.00470215027623
47.75 -0.533333333333 0.00486662022656
47.75 -0.4 0.00530372175677
47.75 -0.266666666667 0.00509559474928
47.75 -0.133333333333 0.00468167315124
47.75 0.0 0.00460902285209
47.75 0.133333333333 0.00465811416237
47.75 0.266666666667 0.00321403097619
47.75 0.4 0.00333435060363
47.75 0.533333333333 0.00253685146395
47.75 0.666666666667 0.00186380162672
47.75 0.8 0.00139635482686
47.75 1.0 0.000606903536818
50.9166666667 -1.0 0.00279538851997
50.9166666667 -0.8 0.00370798845579
50.9166666667 -0.666666666667 0.00398568575649
50.9166666667 -0.533333333333 0.00448875299805
50.9166666667 -0.4 0.00431220124536
50.9166666667 -0.266666666667 0.00458505967395
50.9166666667 -0.133333333333 0.00442252662852
50.9166666667 0.0 0.00391319757439
50.9166666667 0.133333333333 0.00375200943651
50.9166666667 0.266666666667 0.00286079100561
50.9166666667 0.4 0.00260759657563
50.9166666667 0.533333333333 0.00252020511455
50.9166666667 0.666666666667 0.00167739018106
50.9166666667 0.8 0.000977196151567
50.9166666667 1.0 0.000397386162333
54.0833333333 -1.0 0.00247249997536
54.0833333333 -0.8 0.00293652746175
54.0833333333 -0.666666666667 0.00312189587685
54.0833333333 -0.533333333333 0.00400177901901
54.0833333333 -0.4 0.00347505479163
54.0833333333 -0.266666666667 0.00391854867915
54.0833333333 -0.133333333333 0.0034689799878
54.0833333333 0.0 0.00397884887034
54.0833333333 0.133333333333 0.00338485492985
54.0833333333 0.266666666667 0.00304402921914
54.0833333333 0.4 0.00235795857942
54.0833333333 0.533333333333 0.00174212515524
54.0833333333 0.666666666667 0.0013260161441
54.0833333333 0.8 0.000650473128069
54.0833333333 1.0 0.000371500408792
57.25 -1.0 0.00179539442993
57.25 -0.8 0.00262425765712
57.25 -0.666666666667 0.00282097202058
57.25 -0.533333333333 0.00295988413907
57.25 -0.4 0.00324081711838
57.25 -0.266666666667 0.00346195256111
57.25 -0.133333333333 0.00330903710188
57.25 0.0 0.00258673913187
57.25 0.133333333333 0.0031170748725
57.25 0.266666666667 0.00246890436826
57.25 0.4 0.0023075923718
57.25 0.533333333333 0.00169570292623
57.25 0.666666666667 0.00111526698679
57.25 0.8 0.000841225122473
57.25 1.0 0.000442492496316
60.4166666667 -1.0 0.00165518481395
60.4166666667 -0.8 0.00214531382143
60.4166666667 -0.666666666667 0.00272681517205
60.4166666667 -0.533333333333 0.00293563869623
60.4166666667 -0.4 0.00286341501608
60.4166666667 -0.266666666667 0.00284350615759
60.4166666667 -0.133333333333 0.00254069300795
60.4166666667 0.0 0.00253723503061
60.4166666667 0.133333333333 0.00229990002705
60.4166666667 0.266666666667 0.00193708798657
60.4166666667 0.4 0.00165518347587
60.4166666667 0.533333333333 0.00157859545848
60.4166666667 0.666666666667 0.000672209172032
60.4166666667 0.8 0.000719125662896
60.4166666667 1.0 0.000256771503303
63.5833333333 -1.0 0.00118412926223
63.5833333333 -0.8 0.00192826448535
63.5833333333 -0.666666666667 0.00242096395327
63.5833333333 -0.533333333333 0.00184110300689
63.5833333333 -0.4 0.00267893881466
63.5833333333 -0.266666666667 0.00332565904087
63.5833333333 -0.133333333333 0.00192732945047
63.5833333333 0.0 0.00212191953785
63.5833333333 0.133333333333 0.0021938612966
63.5833333333 0.266666666667 0.0020073006053
63.5833333333 0.4 0.00144375404731
63.5833333333 0.533333333333 0.00116679235754
63.5833333333 0.666666666667 0.000700299688439
63.5833333333 0.8 0.000419148561025
63.5833333333 1.0 0.000114943669177
66.75 -1.0 0.00120971274724
66.75 -0.8 0.00134843884563
66.75 -0.666666666667 0.00203010548183
66.75 -0.533333333333 0.00193705381181
66.75 -0.4 0.00246569862953
66.75 -0.266666666667 0.00227433253455
66.75 -0.133333333333 0.00188250418922
66.75 0.0 0.00230927594362
66.75 0.133333333333 0.00156209972262
66.75 0.266666666667 0.00130602285444
66.75 0.4 0.00111759191309
66.75 0.533333333333 0.000699985269351
66.75 0.666666666667 0.000600922371083
66.75 0.8 0.000421770870637
66.75 1.0 0.000162384037197
69.9166666667 -1.0 0.000885756989514
69.9166666667 -0.8 0.00151449829286
69.9166666667 -0.666666666667 0.00123510574165
69.9166666667 -0.533333333333 0.00156448528354
69.9166666667 -0.4 0.00223455317439
69.9166666667 -0.266666666667 0.00224049487584
69.9166666667 -0.133333333333 0.00151680510654
69.9166666667 0.0 0.00190901777472
69.9166666667 0.133333333333 0.00151444914497
69.9166666667 0.266666666667 0.00149211737957
69.9166666667 0.4 0.000839028586579
69.9166666667 0.533333333333 0.000699552360769
69.9166666667 0.666666666667 0.000560269441085
69.9166666667 0.8 0.00025694697725
69.9166666667 1.0 0.000162384037197
73.0833333333 -1.0 0.000605068869057
73.0833333333 -0.8 0.00109769310271
73.0833333333 -0.666666666667 0.00167668301415
73.0833333333 -0.533333333333 0.00146516118571
73.0833333333 -0.4 0.00162966039645
73.0833333333 -0.266666666667 0.00186180470593
73.0833333333 -0.133333333333 0.00151436804708
73.0833333333 0.0 0.00155903568071
73.0833333333 0.133333333333 0.00104763725942
73.0833333333 0.266666666667 0.00104791966401
73.0833333333 0.4 0.00104472939191
73.0833333333 0.533333333333 0.000721616544755
73.0833333333 0.666666666667 0.000349985633537
73.0833333333 0.8 0.000302143184104
73.0833333333 1.0 0.000185674909552
76.25 -1.0 0.000607447054891
76.25 -0.8 0.00114436801185
76.25 -0.666666666667 0.00142079230614
76.25 -0.533333333333 0.00132688703798
76.25 -0.4 0.00151677534611
76.25 -0.266666666667 0.00170110008353
76.25 -0.133333333333 0.00176830857607
76.25 0.0 0.00139814411403
76.25 0.133333333333 0.00149314425661
76.25 0.266666666667 0.00121234221697
76.25 0.4 0.000699446160014
76.25 0.533333333333 0.000374677584006
76.25 0.666666666667 0.000303135891771
76.25 0.8 0.000232207725506
76.25 1.0 9.33878650806e-05
79.4166666667 -1.0 0.000421615428813
79.4166666667 -0.8 0.000905195505941
79.4166666667 -0.666666666667 0.00137386135439
79.4166666667 -0.533333333333 0.00125786706891
79.4166666667 -0.4 0.00160572394092
79.4166666667 -0.266666666667 0.00123647273684
79.4166666667 -0.133333333333 0.00104723768694
79.4166666667 0.0 0.00114176061767
79.4166666667 0.133333333333 0.00099948890424
79.4166666667 0.266666666667 0.000741050914617
79.4166666667 0.4 0.000771725600565
79.4166666667 0.533333333333 0.000511148564033
79.4166666667 0.666666666667 0.000208886552227
79.4166666667 0.8 0.000207678956061
79.4166666667 1.0 2.32951810036e-05
82.5833333333 -1.0 0.000463761400299
82.5833333333 -0.8 0.000673516621267
82.5833333333 -0.666666666667 0.000925171361393
82.5833333333 -0.533333333333 0.00109392258562
82.5833333333 -0.4 0.00121181969194
82.5833333333 -0.266666666667 0.00158607915796
82.5833333333 -0.133333333333 0.00116413934168
82.5833333333 0.0 0.000930844525798
82.5833333333 0.133333333333 0.000975134607457
82.5833333333 0.266666666667 0.000627154195084
82.5833333333 0.4 0.000397347668219
82.5833333333 0.533333333333 0.000418996886966
82.5833333333 0.666666666667 0.00030147283339
82.5833333333 0.8 0.000163755572376
82.5833333333 1.0 1e-05
85.75 -1.0 0.000280871157215
85.75 -0.8 0.000514133154251
85.75 -0.666666666667 0.000629195057354
85.75 -0.533333333333 0.000857050196747
85.75 -0.4 0.00102632705787
85.75 -0.266666666667 0.000859019738954
85.75 -0.133333333333 0.000950831259783
85.75 0.0 0.000885737168658
85.75 0.133333333333 0.000767587208087
85.75 0.266666666667 0.000648629913751
85.75 0.4 0.000652899347302
85.75 0.533333333333 0.000467701539018
85.75 0.666666666667 0.000185640701362
85.75 0.8 9.39508600768e-05
85.75 1.0 4.67120383768e-05
88.9166666667 -1.0 0.000303912961886
88.9166666667 -0.8 0.000351100016073
88.9166666667 -0.666666666667 0.000536500046931
88.9166666667 -0.533333333333 0.00100541472491
88.9166666667 -0.4 0.000791545554591
88.9166666667 -0.266666666667 0.000651968314464
88.9166666667 -0.133333333333 0.000789642780046
88.9166666667 0.0 0.000722222175783
88.9166666667 0.133333333333 0.000622574241617
88.9166666667 0.266666666667 0.000649247948545
88.9166666667 0.4 0.000467037972068
88.9166666667 0.533333333333 0.000324983632552
88.9166666667 0.666666666667 0.000162732764444
88.9166666667 0.8 0.000116168949899
88.9166666667 1.0 6.90960688328e-05
92.0833333333 -1.0 0.00018710787626
92.0833333333 -0.8 0.000419195403635
92.0833333333 -0.666666666667 0.000628902412314
92.0833333333 -0.533333333333 0.00069847104927
92.0833333333 -0.4 0.000746955420115
92.0833333333 -0.266666666667 0.000650750351316
92.0833333333 -0.133333333333 0.000653041894545
92.0833333333 0.0 0.000652871165638
92.0833333333 0.133333333333 0.000791973692317
92.0833333333 0.266666666667 0.000419027547577
92.0833333333 0.4 0.000184216758399
92.0833333333 0.533333333333 0.000396082490268
92.0833333333 0.666666666667 0.000233637290784
92.0833333333 0.8 4.6962498198e-05
92.0833333333 1.0 1e-05
95.25 -1.0 0.000255188791588
95.25 -0.8 0.000303228123042
95.25 -0.666666666667 0.000605620276712
95.25 -0.533333333333 0.000603641607997
95.25 -0.4 0.000677581303851
95.25 -0.266666666667 0.000605045692957
95.25 -0.133333333333 0.000489196173119
95.25 0.0 0.000653369118803
95.25 0.133333333333 0.000373959796108
95.25 0.266666666667 0.00028091719884
95.25 0.4 0.000420449119217
95.25 0.533333333333 0.000257545427375
95.25 0.666666666667 0.000160495102067
95.25 0.8 1e-05
95.25 1.0 1e-05
100.0 -1.0 0.000140651322944
100.0 -0.8 0.000231610870381
100.0 -0.666666666667 0.00058236754432
100.0 -0.533333333333 0.000418492792325
100.0 -0.4 0.000698763095342
100.0 -0.266666666667 0.00053415184061
100.0 -0.133333333333 0.000652104134529
100.0 0.0 0.00027951922413
100.0 0.133333333333 0.000420695609912
100.0 0.266666666667 0.00027695608219
100.0 0.4 0.000234726412977
100.0 0.533333333333 0.000208904886076
100.0 0.666666666667 6.99885395856e-05
100.0 0.8 0.000139076004483
100.0 1.0 1e-05
