10.0 0.001599884
20.0 0.006004643
30.0 0.009116923
40.0 0.01047558
50.0 0.009886624
60.0 0.00788206
70.0 0.006586595
80.0 0.005864585
90.0 0.005313449
100.0 0.004806041
110.0 0.00426909
120.0 0.003849577
130.0 0.003489217
140.0 0.003171968
150.0 0.002897144
160.0 0.002654571
170.0 0.002438571
180.0 0.002248181
190.0 0.002075673
200.0 0.001922402
210.0 0.0017835
220.0 0.001657722
230.0 0.00154552
240.0 0.001440977
250.0 0.001347571
260.0 0.001262263
270.0 0.001183242
280.0 0.001111909
290.0 0.00104644
300.0 0.0009852779
310.0 0.0009296068
320.0 0.0008787718
330.0 0.0008306738
340.0 0.0007863779
350.0 0.0007456747
360.0 0.0007081513
370.0 0.0006723756
380.0 0.0006393235
390.0 0.0006087161
400.0 0.0005803201
410.0 0.0005533666
420.0 0.0005280561
430.0 0.000504473
440.0 0.0004824652
450.0 0.000461893
460.0 0.0004421562
470.0 0.000423581
480.0 0.0004061614
490.0 0.0003898054
500.0 0.0003744239
510.0 0.0003598027
520.0 0.000345803
530.0 0.0003326051
540.0 0.0003201491
550.0 0.0003083808
560.0 0.0002972494
570.0 0.000286643
580.0 0.0002764156
590.0 0.0002667204
600.0 0.000257524
610.0 0.0002487926
620.0 0.0002404941
630.0 0.000232602
640.0 0.000225019
650.0 0.0002176968
660.0 0.0002107217
670.0 0.0002040721
680.0 0.0001977285
690.0 0.0001916712
700.0 0.000185885
710.0 0.0001803534
720.0 0.0001749807
730.0 0.0001698081
740.0 0.0001648564
750.0 0.0001601141
760.0 0.0001555695
770.0 0.0001512118
780.0 0.0001470311
790.0 0.0001430178
800.0 0.0001391584
810.0 0.0001353761
820.0 0.0001317422
830.0 0.0001282491
840.0 0.000124889
850.0 0.0001216562
860.0 0.000118544
870.0 0.000115547
880.0 0.0001126589
890.0 0.0001098752
900.0 0.0001071688
910.0 0.0001045231
920.0 0.0001019708
930.0 9.950832e-05
940.0 9.713071e-05
950.0 9.483492e-05
960.0 9.261689e-05
970.0 9.047316e-05
980.0 8.840085e-05
990.0 8.639663e-05
1000.0 8.445772e-05
1010.0 8.256007e-05
1020.0 8.070199e-05
1030.0 7.890349e-05
1040.0 7.716245e-05
1050.0 7.547615e-05
1060.0 7.384255e-05
1070.0 7.22592e-05
1080.0 7.072433e-05
1090.0 6.92363e-05
1100.0 6.779256e-05
1110.0 6.639222e-05
1120.0 6.503289e-05
1130.0 6.370428e-05
1140.0 6.239282e-05
1150.0 6.111973e-05
1160.0 5.988345e-05
1170.0 5.86827e-05
1180.0 5.751619e-05
1190.0 5.638257e-05
1200.0 5.528054e-05
1210.0 5.420919e-05
1220.0 5.316727e-05
1230.0 5.215386e-05
1240.0 5.116797e-05
1250.0 5.02083e-05
1260.0 4.927447e-05
1270.0 4.835102e-05
1280.0 4.744303e-05
1290.0 4.655909e-05
1300.0 4.569847e-05
1310.0 4.486027e-05
1320.0 4.404357e-05
1330.0 4.324819e-05
1340.0 4.247275e-05
1350.0 4.171712e-05
1360.0 4.098051e-05
1370.0 4.026207e-05
1380.0 3.956154e-05
1390.0 3.887825e-05
1400.0 3.821151e-05
1410.0 3.756104e-05
1420.0 3.692181e-05
1430.0 3.62856e-05
1440.0 3.566479e-05
1450.0 3.505869e-05
1460.0 3.446719e-05
1470.0 3.388948e-05
1480.0 3.332559e-05
1490.0 3.277471e-05
1500.0 3.223672e-05
1510.0 3.171103e-05
1520.0 3.119727e-05
1530.0 3.069529e-05
1540.0 3.020459e-05
1550.0 2.972496e-05
1560.0 2.925605e-05
1570.0 2.879744e-05
1580.0 2.834892e-05
1590.0 2.791002e-05
1600.0 2.746935e-05
1610.0 2.70382e-05
1620.0 2.661657e-05
1630.0 2.620409e-05
1640.0 2.58006e-05
1650.0 2.540572e-05
1660.0 2.501908e-05
1670.0 2.464082e-05
1680.0 2.427051e-05
1690.0 2.390791e-05
1700.0 2.355286e-05
1710.0 2.320522e-05
1720.0 2.286466e-05
1730.0 2.253111e-05
1740.0 2.220431e-05
1750.0 2.188415e-05
1760.0 2.157046e-05
1770.0 2.126297e-05
1780.0 2.096162e-05
1790.0 2.066102e-05
1800.0 2.036381e-05
1810.0 2.007262e-05
1820.0 1.978705e-05
1830.0 1.950719e-05
1840.0 1.923287e-05
1850.0 1.89638e-05
1860.0 1.870002e-05
1870.0 1.844123e-05
1880.0 1.818747e-05
1890.0 1.793855e-05
1900.0 1.769426e-05
1910.0 1.745465e-05
1920.0 1.721955e-05
1930.0 1.698874e-05
1940.0 1.676237e-05
1950.0 1.654006e-05
1960.0 1.63219e-05
1970.0 1.61077e-05
1980.0 1.589741e-05
1990.0 1.569093e-05
2000.0 1.548812e-05
2010.0 1.528406e-05
2020.0 1.508353e-05
2030.0 1.488658e-05
2040.0 1.469322e-05
2050.0 1.450326e-05
2060.0 1.431669e-05
2070.0 1.413347e-05
2080.0 1.395349e-05
2090.0 1.37766e-05
2100.0 1.360284e-05
2110.0 1.34321e-05
2120.0 1.326428e-05
2130.0 1.309939e-05
2140.0 1.293729e-05
2150.0 1.277798e-05
2160.0 1.262135e-05
2170.0 1.246742e-05
2180.0 1.231598e-05
2190.0 1.216712e-05
2200.0 1.202076e-05
2210.0 1.187679e-05
2220.0 1.173525e-05
2230.0 1.1596e-05
2240.0 1.1459e-05
2250.0 1.132205e-05
2260.0 1.118607e-05
2270.0 1.105235e-05
2280.0 1.092077e-05
2290.0 1.079135e-05
2300.0 1.066407e-05
2310.0 1.053875e-05
2320.0 1.041552e-05
2330.0 1.029429e-05
2340.0 1.017493e-05
2350.0 1.005749e-05
2360.0 9.941858e-06
2370.0 9.828119e-06
2380.0 9.71609e-06
2390.0 9.605858e-06
2400.0 9.497322e-06
2410.0 9.39047e-06
2420.0 9.285284e-06
2430.0 9.181685e-06
2440.0 9.079684e-06
2450.0 8.979209e-06
2460.0 8.880288e-06
2470.0 8.782874e-06
2480.0 8.686875e-06
2490.0 8.592317e-06
2500.0 8.499222e-06
2510.0 8.40745e-06
2520.0 8.316384e-06
2530.0 8.225198e-06
2540.0 8.135391e-06
2550.0 8.046857e-06
2560.0 7.959686e-06
2570.0 7.873795e-06
2580.0 7.789144e-06
2590.0 7.70575e-06
2600.0 7.623566e-06
2610.0 7.542582e-06
2620.0 7.462744e-06
2630.0 7.384103e-06
2640.0 7.306561e-06
2650.0 7.230106e-06
2660.0 7.154775e-06
2670.0 7.08051e-06
2680.0 7.007302e-06
2690.0 6.935097e-06
2700.0 6.863927e-06
2710.0 6.793754e-06
2720.0 6.724545e-06
2730.0 6.656291e-06
2740.0 6.588997e-06
2750.0 6.52262e-06
2760.0 6.457157e-06
2770.0 6.392592e-06
2780.0 6.328919e-06
2790.0 6.266082e-06
2800.0 6.204124e-06
2810.0 6.142988e-06
2820.0 6.082664e-06
2830.0 6.022269e-06
2840.0 5.962232e-06
2850.0 5.90299e-06
2860.0 5.844578e-06
2870.0 5.786905e-06
2880.0 5.730038e-06
2890.0 5.673907e-06
2900.0 5.618547e-06
2910.0 5.563889e-06
2920.0 5.509975e-06
2930.0 5.456763e-06
2940.0 5.404232e-06
2950.0 5.352411e-06
2960.0 5.301245e-06
2970.0 5.250753e-06
2980.0 5.200901e-06
2990.0 5.151704e-06
3000.0 5.103136e-06
3010.0 5.055174e-06
3020.0 5.007831e-06
3030.0 4.961104e-06
3040.0 4.914941e-06
3050.0 4.869388e-06
3060.0 4.824387e-06
3070.0 4.779954e-06
3080.0 4.736084e-06
3090.0 4.692762e-06
3100.0 4.649958e-06
3110.0 4.607718e-06
3120.0 4.565974e-06
3130.0 4.524743e-06
3140.0 4.484013e-06
3150.0 4.443796e-06
3160.0 4.404048e-06
3170.0 4.364559e-06
3180.0 4.324865e-06
3190.0 4.28567e-06
3200.0 4.246942e-06
3210.0 4.208713e-06
3220.0 4.17091e-06
3230.0 4.133583e-06
3240.0 4.096719e-06
3250.0 4.060274e-06
3260.0 4.024278e-06
3270.0 3.988728e-06
3280.0 3.953575e-06
3290.0 3.918859e-06
3300.0 3.884547e-06
3310.0 3.850632e-06
3320.0 3.817133e-06
3330.0 3.784021e-06
3340.0 3.751285e-06
3350.0 3.718946e-06
3360.0 3.68697e-06
3370.0 3.655379e-06
3380.0 3.624135e-06
3390.0 3.593267e-06
3400.0 3.562747e-06
3410.0 3.532586e-06
3420.0 3.502756e-06
3430.0 3.473281e-06
3440.0 3.444131e-06
3450.0 3.415309e-06
3460.0 3.386817e-06
3470.0 3.358635e-06
3480.0 3.330785e-06
3490.0 3.303238e-06
3500.0 3.275995e-06
3510.0 3.249063e-06
3520.0 3.22243e-06
3530.0 3.196088e-06
3540.0 3.170031e-06
3550.0 3.144273e-06
3560.0 3.118409e-06
3570.0 3.092666e-06
3580.0 3.067206e-06
3590.0 3.042032e-06
3600.0 3.017131e-06
3610.0 2.992502e-06
3620.0 2.968139e-06
3630.0 2.944055e-06
3640.0 2.92023e-06
3650.0 2.896654e-06
3660.0 2.873342e-06
3670.0 2.850275e-06
3680.0 2.827472e-06
3690.0 2.804903e-06
3700.0 2.782576e-06
3710.0 2.760481e-06
3720.0 2.738632e-06
3730.0 2.717015e-06
3740.0 2.695623e-06
3750.0 2.674456e-06
3760.0 2.653517e-06
3770.0 2.632793e-06
3780.0 2.612284e-06
3790.0 2.591995e-06
3800.0 2.571918e-06
3810.0 2.552044e-06
3820.0 2.532389e-06
3830.0 2.512935e-06
3840.0 2.493673e-06
3850.0 2.474609e-06
3860.0 2.455742e-06
3870.0 2.437071e-06
3880.0 2.418592e-06
3890.0 2.400294e-06
3900.0 2.382184e-06
3910.0 2.364263e-06
3920.0 2.346521e-06
3930.0 2.328954e-06
3940.0 2.311561e-06
3950.0 2.294358e-06
3960.0 2.277317e-06
3970.0 2.260449e-06
3980.0 2.243745e-06
3990.0 2.227073e-06
4000.0 2.210361e-06
