0.001 6.87645590999e-42 4.90233044038e-40
0.00102336061835 6.87677096022e-42 4.90242521213e-40
0.0010472669552 6.87630032789e-42 4.9025190158e-40
0.00107173175885 6.87659172487e-42 4.90261100779e-40
0.00109676807545 6.87694507985e-42 4.90270446437e-40
0.00112238925588 6.87640271211e-42 4.90279738695e-40
0.00114860896294 6.87679130967e-42 4.90289102174e-40
0.00117544117856 6.87618987241e-42 4.90298318211e-40
0.00120290021133 6.87656880848e-42 4.90307526596e-40
0.00123100070408 6.87686771224e-42 4.90316987169e-40
0.00125975764173 6.87635293708e-42 4.90326244426e-40
0.00128918635921 6.87666246105e-42 4.90335420833e-40
0.00131930254974 6.87613869738e-42 4.90344790676e-40
0.0013501222731 6.87647962411e-42 4.90354173171e-40
0.00138166196425 6.87678467154e-42 4.90363328955e-40
0.00141393844209 6.87626713858e-42 4.90372605808e-40
0.00144696891841 6.87658220876e-42 4.90381994154e-40
0.00148077100709 6.87689007947e-42 4.90391251593e-40
0.00151536273346 6.87634014578e-42 4.90400493719e-40
0.00155076254394 6.87667990285e-42 4.90409741452e-40
0.00158698931589 6.87611500365e-42 4.90419121616e-40
0.00162406236763 6.876467133e-42 4.90428378212e-40
0.00166200146878 6.87674303307e-42 4.90437523718e-40
0.0017008268508 6.87621545091e-42 4.90446920686e-40
0.00174055921775 6.87652885714e-42 4.90456285465e-40
0.00178121975736 6.87682768618e-42 4.90465386731e-40
0.00182283015231 6.87629216754e-42 4.90474695869e-40
0.00186541259183 6.8765798726e-42 4.90484071044e-40
0.00190898978346 6.87690180975e-42 4.90493210019e-40
0.00195358496523 6.87634495522e-42 4.9050250549e-40
0.00199922191803 6.87666020698e-42 4.90511781935e-40
0.00204592497826 6.87607664863e-42 4.90521088568e-40
0.00209371905086 6.8764139698e-42 4.90530282447e-40
0.00214262962255 6.87669320335e-42 4.90539527574e-40
0.00219268277543 6.87612949273e-42 4.90548847507e-40
0.00224390520092 6.87645615563e-42 4.90558082469e-40
0.00229632421395 6.876695959e-42 4.90567215959e-40
0.00234996776752 6.87619841385e-42 4.90576584769e-40
0.00240486446769 6.87641019214e-42 4.90585844592e-40
0.00246104358871 6.87676221846e-42 4.90594939574e-40
0.00251853508874 6.87616911898e-42 4.90604301111e-40
0.00257736962576 6.87648483433e-42 4.9061353795e-40
0.00263757857395 6.87672750101e-42 4.90622707596e-40
0.00269919404039 6.87621387125e-42 4.9063191946e-40
0.00276224888223 6.87644806202e-42 4.90641220149e-40
0.00282677672417 6.87673760506e-42 4.90650423921e-40
0.0028928119764 6.87620000723e-42 4.90659583019e-40
0.00296038985295 6.87645136666e-42 4.90668854473e-40
0.00302954639048 6.87672292594e-42 4.90678148082e-40
0.0031003184675 6.87616717537e-42 4.90687189468e-40
0.003172743824 6.87643840107e-42 4.90696474969e-40
0.0032468610816 6.87669733749e-42 4.90705758418e-40
0.00332270976418 6.87613526228e-42 4.907148152e-40
0.00340033031888 6.87639112357e-42 4.90724076746e-40
0.00347976413774 6.87666100997e-42 4.90733274027e-40
0.00356105357973 6.87609729555e-42 4.90742450849e-40
0.00364424199334 6.87633827135e-42 4.90751599447e-40
0.00372937373974 6.87660987884e-42 4.90760838559e-40
0.00381649421638 6.87603309049e-42 4.90770034435e-40
0.00390564988122 6.87630311395e-42 4.90779086791e-40
0.00399688827752 6.87653715003e-42 4.90788360732e-40
0.00409025805917 6.87679466737e-42 4.90797492321e-40
0.00418580901667 6.87621888327e-42 4.90806601292e-40
0.00428359210361 6.87646293744e-42 4.90815845367e-40
0.00438365946393 6.87672721738e-42 4.90824974311e-40
0.00448606445966 6.87612816516e-42 4.90834042139e-40
0.00459086169941 6.87639944876e-42 4.90843219603e-40
0.00469810706749 6.87661090917e-42 4.9085239782e-40
0.00480785775368 6.8760544241e-42 4.90861463353e-40
0.00492017228377 6.87627660998e-42 4.9087056593e-40
0.00503511055073 6.87651018926e-42 4.90879828892e-40
0.00515273384668 6.87676277956e-42 4.90888740894e-40
0.00527310489555 6.87616132538e-42 4.90897925664e-40
0.00539628788656 6.87640563575e-42 4.9090706087e-40
0.00552234850841 6.87662574835e-42 4.90916110883e-40
0.00565135398433 6.8760549109e-42 4.90925217355e-40
0.00578337310794 6.87627206928e-42 4.90934338501e-40
0.00591847627992 6.8764841391e-42 4.90943328925e-40
0.00605673554553 6.87672846056e-42 4.9095239841e-40
0.00619822463309 6.87611429925e-42 4.90961534802e-40
0.00634301899322 6.87636871666e-42 4.90970516517e-40
0.00649119583913 6.87653566606e-42 4.90979525821e-40
0.00664283418779 6.87599971748e-42 4.90988724681e-40
0.00679801490205 6.87617507409e-42 4.90997588286e-40
0.00695682073374 6.87642158017e-42 4.91006705693e-40
0.00711933636786 6.87658200725e-42 4.91015709273e-40
0.00728564846769 6.87602496481e-42 4.91024665529e-40
0.007455845721 6.87620045707e-42 4.91033654588e-40
0.0076300188874 6.87643016156e-42 4.91042749342e-40
0.00780826084667 6.87660839254e-42 4.91051619802e-40
0.00799066664832 6.87602823775e-42 4.91060611512e-40
0.00817733356229 6.8762269712e-42 4.91069655531e-40
0.00836836113079 6.87643445115e-42 4.91078480212e-40
0.00856385122142 6.87659025932e-42 4.91087520332e-40
0.00876390808145 6.87603466612e-42 4.91096419779e-40
0.00896863839343 6.87620061265e-42 4.91105322411e-40
0.0091781513321 6.87640507485e-42 4.91114219016e-40
0.00939255862257 6.87656927996e-42 4.91123186888e-40
0.00961197459992 6.87600677908e-42 4.91131979098e-40
0.00983651627018 6.87615639437e-42 4.91140937196e-40
0.0100663033727 6.87635501489e-42 4.91149719572e-40
0.010301458444 6.8765148351e-42 4.91158586471e-40
0.0105421068832 6.87593290023e-42 4.91167507153e-40
0.0107883770188 6.8761007493e-42 4.91176266453e-40
0.011040400177 6.87628290303e-42 4.91185149576e-40
0.011298310752 6.87643347471e-42 4.91193957847e-40
0.0115622462775 6.87583656154e-42 4.91202731378e-40
0.0118323475001 6.8760078464e-42 4.91211480929e-40
0.0121087584543 6.87616492995e-42 4.91220341498e-40
0.0123916265393 6.87633795678e-42 4.91228945622e-40
0.0126811025977 6.87572051217e-42 4.91237827648e-40
0.0129773409958 6.87590098585e-42 4.91246455334e-40
0.0132804997061 6.87603439233e-42 4.91255208535e-40
0.0135907403912 6.87620661602e-42 4.91263880731e-40
0.0139082284907 6.87634585195e-42 4.91272554141e-40
0.0142331333084 6.87574583409e-42 4.91281194201e-40
0.0145656281036 6.87588230062e-42 4.91289906802e-40
0.0149058901829 6.87602552028e-42 4.91298446882e-40
0.0152541009946 6.8762003202e-42 4.91307130482e-40
0.0156104462263 6.87630213467e-42 4.91315691463e-40
0.015975115903 6.87572074775e-42 4.91324277093e-40
0.0163483044887 6.87584521555e-42 4.9133283183e-40
0.0167302109906 6.87597171984e-42 4.91341383845e-40
0.0171210390646 6.87614271882e-42 4.91349839101e-40
0.017520997124 6.87623029942e-42 4.91358457152e-40
0.017930298451 6.87562848225e-42 4.91366787447e-40
0.0183491613101 6.87576284473e-42 4.91375328814e-40
0.0187778090646 6.87586884134e-42 4.91383723982e-40
0.0192164702957 6.87601808973e-42 4.91392153147e-40
0.0196653789244 6.87612924234e-42 4.91400564525e-40
0.0201247743362 6.87550387659e-42 4.91408933726e-40
0.0205949015089 6.8756224712e-42 4.91417226323e-40
0.0210760111431 6.8757428574e-42 4.91425638229e-40
0.0215683597959 6.87585066238e-42 4.91433821833e-40
0.0220722100176 6.87596699349e-42 4.91442188619e-40
0.0225878304921 6.87607880476e-42 4.91450340843e-40
0.0231154961797 6.87544397939e-42 4.914586279e-40
0.023655488464 6.8755431056e-42 4.91466802247e-40
0.024208095302 6.87565108429e-42 4.91474922452e-40
0.0247736113774 6.87575919407e-42 4.91483099261e-40
0.0253523382581 6.87584598253e-42 4.91491179772e-40
0.0259445845565 6.87595044766e-42 4.91499273245e-40
0.0265506660947 6.87531050379e-42 4.91507283661e-40
0.0271709060724 6.87540145452e-42 4.91515357078e-40
0.0278056352395 6.87549538781e-42 4.91523308468e-40
0.0284551920724 6.87557424002e-42 4.91531269818e-40
0.0291199229546 6.87566112201e-42 4.91539175431e-40
0.0298001823613 6.87574280271e-42 4.91547079254e-40
0.0304963330483 6.8751129653e-42 4.91554888396e-40
0.0312087462458 6.87516156867e-42 4.91562754079e-40
0.0319378018562 6.87523770192e-42 4.9157047696e-40
0.0326838886565 6.87535097491e-42 4.91578250203e-40
0.0334474045057 6.87538236134e-42 4.91585954186e-40
0.0342287565573 6.87546699339e-42 4.915935483e-40
0.035028361476 6.87554926973e-42 4.91601272288e-40
0.03584664566 6.87557791518e-42 4.91608787363e-40
0.0366840454685 6.8749443268e-42 4.91616349794e-40
0.0375410074544 6.87499072118e-42 4.91623814689e-40
0.0384179886022 6.87505679224e-42 4.91631290334e-40
0.0393154565719 6.87510799632e-42 4.91638714793e-40
0.0402338899483 6.87516352589e-42 4.91646028552e-40
0.0411737784963 6.87520481241e-42 4.91653420381e-40
0.042135623422 6.87526322932e-42 4.91660608344e-40
0.0431199376398 6.87529682202e-42 4.91667867949e-40
0.0441272460465 6.87460903267e-42 4.91675063675e-40
0.0451580858004 6.87468747757e-42 4.91682176266e-40
0.0462130066084 6.87469470521e-42 4.91689160944e-40
0.0472925710188 6.87472728083e-42 4.91696103744e-40
0.0483973547214 6.87477279683e-42 4.91703092045e-40
0.0495279468544 6.87479639599e-42 4.91709989066e-40
0.0506849503187 6.87482281575e-42 4.91716790874e-40
0.0518689820994 6.87484050917e-42 4.91723621834e-40
0.0530806735947 6.87484718325e-42 4.91730319694e-40
0.0543206709525 6.87488816363e-42 4.91736913994e-40
0.0555896354154 6.87488771555e-42 4.91743578215e-40
0.0568882436728 6.87418658122e-42 4.91750052653e-40
0.0582171882221 6.87422943158e-42 4.91756528597e-40
0.0595771777378 6.87420189113e-42 4.91762885578e-40
0.0609689374496 6.8742217589e-42 4.91769176395e-40
0.0623932095288 6.87420851749e-42 4.91775512505e-40
0.0638507534845 6.87422203486e-42 4.91781622938e-40
0.0653423465683 6.8742104313e-42 4.91787712384e-40
0.0668687841889 6.87418875398e-42 4.9179374474e-40
0.0684308803361 6.87419737299e-42 4.91799682888e-40
0.0700294680153 6.87416554762e-42 4.91805509387e-40
0.0716653996912 6.87414649206e-42 4.9181129397e-40
0.0733395477426 6.87412407948e-42 4.91816933978e-40
0.0750528049277 6.87411264006e-42 4.91822618502e-40
0.07680608486 6.8740464116e-42 4.91828113467e-40
0.0786003224957 6.87403901111e-42 4.91833505932e-40
0.0804364746321 6.87332615584e-42 4.91838844474e-40
0.0823155204178 6.87325799332e-42 4.91844080229e-40
0.0842384618749 6.87322131915e-42 4.91849196152e-40
0.0862063244335 6.87320031612e-42 4.91854264704e-40
0.0882201574783 6.87313329155e-42 4.91859172064e-40
0.0902810349083 6.87309010375e-42 4.91863971846e-40
0.0923900557095 6.87302821418e-42 4.91868730766e-40
0.0945483445406 6.87295959853e-42 4.91873361618e-40
0.0967570523335 6.87290710404e-42 4.91877835038e-40
0.0990173569062 6.87284901945e-42 4.91882218066e-40
0.101330463591 6.87276394042e-42 4.91886489268e-40
0.103697605879 6.87268812455e-42 4.91890601865e-40
0.106120046074 6.87261444412e-42 4.91894632754e-40
0.10859907597 6.87252786499e-42 4.91898573549e-40
0.111136017538 6.87244572026e-42 4.91902306279e-40
0.113732223629 6.87234507232e-42 4.91905912059e-40
0.1163890787 6.87225713404e-42 4.91909444576e-40
0.119107999548 6.87216925132e-42 4.91912759891e-40
0.121890436068 6.87205039551e-42 4.91915965292e-40
0.124737872026 6.87194319266e-42 4.91919053381e-40
0.127651825849 6.87184146209e-42 4.91922029202e-40
0.130633851435 6.87174230075e-42 4.91924751075e-40
0.133685538982 6.87158325463e-42 4.91927348056e-40
0.136808515838 6.87147605977e-42 4.91929796668e-40
0.140004447364 6.87133895145e-42 4.91932083987e-40
0.143275037827 6.87122204277e-42 4.91934178075e-40
0.146622031305 6.87108619837e-42 4.91936121564e-40
0.150047212621 6.87092871447e-42 4.9193792976e-40
0.15355240829 6.87076820331e-42 4.91939516183e-40
0.157139487497 6.87063819933e-42 4.91940909415e-40
0.160810363093 6.87048529959e-42 4.91942133439e-40
0.164566992613 6.87030947995e-42 4.91943194521e-40
0.168411379321 6.87013013617e-42 4.91943972863e-40
0.17234557328 6.8706348642e-42 4.9194457367e-40
0.176371672442 6.87043839362e-42 4.91944978304e-40
0.180491823771 6.87024772188e-42 4.9194521027e-40
0.184708224382 6.87006524859e-42 4.91945174172e-40
0.189023122719 6.86987813231e-42 4.91944922342e-40
0.193438819749 6.86967965111e-42 4.91944425417e-40
0.197957670192 6.86945356321e-42 4.9194371843e-40
0.202582083776 6.86925891189e-42 4.91942782673e-40
0.20731452652 6.86905184695e-42 4.91941568275e-40
0.212157522053 6.86882284874e-42 4.91940128071e-40
0.217113652957 6.86857811822e-42 4.91938399994e-40
0.222185562143 6.86834459329e-42 4.91936453132e-40
0.227375954264 6.86810374781e-42 4.91934237825e-40
0.232687597155 6.86787113873e-42 4.91931703218e-40
0.238123323308 6.86760447601e-42 4.9192888227e-40
0.243686031385 6.86799920293e-42 4.91925768056e-40
0.249378687762 6.86771140735e-42 4.91922368685e-40
0.255204328113 6.86742436985e-42 4.91918697429e-40
0.261166059024 6.86715717272e-42 4.91914664335e-40
0.267267059656 6.86687858737e-42 4.91910325103e-40
0.273510583436 6.86657907648e-42 4.91905659586e-40
0.279899959791 6.8662748862e-42 4.91900630323e-40
0.286438595929 6.86595864391e-42 4.91895276993e-40
0.293129978651 6.86564298839e-42 4.9188959723e-40
0.29997767621 6.86594694293e-42 4.91883528885e-40
0.306985340219 6.86561415223e-42 4.91877072619e-40
0.314156707592 6.86527874271e-42 4.91870310108e-40
0.321495602542 6.8649314129e-42 4.91863082643e-40
0.329005938616 6.86457157969e-42 4.91855450359e-40
0.336691720784 6.86419022881e-42 4.91847462103e-40
0.344557047576 6.86384620958e-42 4.91839022283e-40
0.352606113266 6.8634520302e-42 4.91830145752e-40
0.360843210107 6.86366479789e-42 4.91820853671e-40
0.369272730624 6.86325902175e-42 4.91811074381e-40
0.377899169953 6.86285954893e-42 4.91800819041e-40
0.386727128239 6.86244966967e-42 4.91790111187e-40
0.395761313089 6.86203870277e-42 4.91778915656e-40
0.405006542084 6.86159354272e-42 4.91767245997e-40
0.414467745344 6.86174342683e-42 4.91755019693e-40
0.424149968163 6.86127752218e-42 4.91742321359e-40
0.434058373695 6.86082306633e-42 4.91729071618e-40
0.444198245706 6.86034028504e-42 4.91715243854e-40
0.454574991398 6.85986126386e-42 4.9170084274e-40
0.465194144285 6.85995483022e-42 4.91685890225e-40
0.476061367151 6.85946080542e-42 4.91670318921e-40
0.487182455062 6.85893676333e-42 4.91654177259e-40
0.498563338463 6.85840470548e-42 4.91637381036e-40
0.510210086339 6.85786927747e-42 4.91619933236e-40
0.522128909446 6.85730819845e-42 4.91601827706e-40
0.534326163632 6.85732600366e-42 4.91583069383e-40
0.546808353217 6.85674984238e-42 4.9156359881e-40
0.55958213447 6.8561574799e-42 4.91543457265e-40
0.572654319151 6.85556917746e-42 4.91522521252e-40
0.586031878149 6.85552624172e-42 4.91500877551e-40
0.599721945198 6.85489576817e-42 4.91478485364e-40
0.613731820679 6.85424998516e-42 4.91455279303e-40
0.628068975514 6.85359308671e-42 4.91431267049e-40
0.642741055151 6.85349430333e-42 4.91406418204e-40
0.657755883641 6.85281359307e-42 4.91380745292e-40
0.673121467809 6.85210642001e-42 4.91354197135e-40
0.688846001525 6.85139683512e-42 4.91326725872e-40
0.704937870071 6.85067233191e-42 4.91298335916e-40
0.721405654618 6.85050147509e-42 4.91269057068e-40
0.738258136794 6.84975045655e-42 4.91238761609e-40
0.755504303375 6.84898417468e-42 4.91207479305e-40
0.773153351071 6.84873791871e-42 4.91175197742e-40
0.791214691435 6.84791447785e-42 4.91141851886e-40
0.809697955878 6.84709140227e-42 4.91107421262e-40
0.828613000807 6.84624705184e-42 4.91071906877e-40
0.847969912882 6.84594707611e-42 4.91035270417e-40
0.867779014393 6.84507182498e-42 4.90997436198e-40
0.888050868764 6.84417298709e-42 4.90958443983e-40
0.908796286189 6.84380720402e-42 4.90918192006e-40
0.930026329393 6.84286683052e-42 4.90876690381e-40
0.951752319533 6.84190760881e-42 4.90833937453e-40
0.973985842237 6.84093263344e-42 4.90789803541e-40
0.996738753781 6.84048172395e-42 4.90744271351e-40
1.02002318741 6.83946974561e-42 4.90697410751e-40
1.0438515598 6.83842607114e-42 4.90649081405e-40
1.06823657771 6.83790278737e-42 4.90599268091e-40
1.09319124471 6.83682700507e-42 4.90547946093e-40
1.11872886817 6.8357227406e-42 4.9049503698e-40
1.1448630663 6.83512864264e-42 4.90440509489e-40
1.17160777546 6.83396841697e-42 4.90384366858e-40
1.19897725756 6.83279623193e-42 4.90326496802e-40
1.22698610769 6.83211606727e-42 4.90266880279e-40
1.25564926188 6.83089499482e-42 4.9020544702e-40
1.28498200507 6.83016276142e-42 4.90142198119e-40
1.31499997929 6.82888865375e-42 4.90077024604e-40
1.34571919194 6.82758636302e-42 4.90009910429e-40
1.37715602439 6.82676391525e-42 4.89940764446e-40
1.40932724069 6.82541350696e-42 4.89869555755e-40
1.4422499965 6.82402111763e-42 4.89796237239e-40
1.47594184824 6.82311400218e-42 4.89720714415e-40
1.51042076247 6.8216670623e-42 4.8964297254e-40
1.54570512546 6.82069108552e-42 4.89562876646e-40
1.58181375298 6.81918331063e-42 4.89480415004e-40
1.61876590037 6.81764776422e-42 4.89395470452e-40
1.65658127278 6.81655742543e-42 4.89307998646e-40
1.69528003566 6.81494323902e-42 4.89217933785e-40
1.73488282558 6.8137973557e-42 4.89125160326e-40
1.77541076116 6.81212470787e-42 4.89029661022e-40
1.81688545437 6.81089114921e-42 4.8893130587e-40
1.85932902206 6.80915045971e-42 4.88830008867e-40
1.90276409774 6.80737129868e-42 4.88725698996e-40
1.94721384365 6.80603690268e-42 4.88618317561e-40
1.9927019631 6.80418531711e-42 4.88507690804e-40
2.03925271316 6.80275624769e-42 4.88393779904e-40
2.08689091752 6.80082246973e-42 4.88276477744e-40
2.13564197979 6.79930424149e-42 4.88155680162e-40
2.18553189702 6.79728899753e-42 4.88031231863e-40
2.23658727357 6.79568564243e-42 4.87903043686e-40
2.28883533528 6.79358263261e-42 4.87771031113e-40
2.34230394403 6.79188294191e-42 4.87635071735e-40
2.39702161253 6.78968828322e-42 4.87495004479e-40
2.45301751961 6.78787976878e-42 4.87350741523e-40
2.5103215257 6.78559740815e-42 4.87202121097e-40
2.56896418881 6.78369233811e-42 4.8704902393e-40
2.62897678079 6.78130907748e-42 4.86891286492e-40
2.69039130403 6.77930263819e-42 4.86728775208e-40
2.75324050851 6.77681935782e-42 4.86561335669e-40
2.81755790927 6.77469207568e-42 4.86388792983e-40
2.88337780428 6.77209995141e-42 4.86211017039e-40
2.95073529273 6.7698646511e-42 4.86027795774e-40
3.01966629377 6.76716197901e-42 4.85838974912e-40
3.09020756562 6.76481784202e-42 4.85644386306e-40
3.16239672519 6.76199740092e-42 4.85443813838e-40
3.23627226818 6.75951588827e-42 4.85237046256e-40
3.31187358952 6.75656965433e-42 4.85023924256e-40
3.38924100449 6.75396099042e-42 4.84804205196e-40
3.4684157701 6.75127208135e-42 4.84577676985e-40
3.5494401072 6.74813732622e-42 4.84344099577e-40
3.63235722292 6.74530763012e-42 4.84103244922e-40
3.71721133373 6.74203208806e-42 4.83854846134e-40
3.80404768904 6.7390721509e-42 4.83598710897e-40
3.89291259531 6.73603171158e-42 4.83334506172e-40
3.98385344073 6.7325371498e-42 4.83061986315e-40
4.07691872054 6.72933048439e-42 4.82780869397e-40
4.17215806283 6.72570329382e-42 4.8249084714e-40
4.26962225505 6.72234346399e-42 4.82191627728e-40
4.36936327107 6.71888661344e-42 4.81882875661e-40
4.4714342989 6.71501471079e-42 4.81564255121e-40
4.57588976905 6.71139135164e-42 4.81235455443e-40
4.68278538358 6.70767626777e-42 4.80896086674e-40
4.79217814576 6.70355021393e-42 4.80545793418e-40
4.90412639051 6.6996575003e-42 4.80184200122e-40
5.01868981548 6.69564728469e-42 4.79810882702e-40
5.1359295129 6.69125428077e-42 4.79425451532e-40
5.25590800214 6.68706057184e-42 4.79027485626e-40
5.37868926309 6.68277711264e-42 4.78616506439e-40
5.50433877021 6.67809575967e-42 4.78192071477e-40
5.63292352751 6.67357807166e-42 4.77753717472e-40
5.76451210426 6.66895365884e-42 4.77300919463e-40
5.89917467153 6.66396345184e-42 4.76833189219e-40
6.03698303963 6.65913259439e-42 4.76349973779e-40
6.17801069644 6.65417948348e-42 4.75850718841e-40
6.3223328465 6.64910496236e-42 4.75334860244e-40
6.47002645124 6.64366826936e-42 4.74801797767e-40
6.62117026991 6.6383517938e-42 4.74250940628e-40
6.77584490165 6.63290579408e-42 4.73681603704e-40
6.93413282842 6.62733240321e-42 4.73093153332e-40
7.09611845905 6.62141633201e-42 4.7248490143e-40
7.26188817416 6.61558906167e-42 4.71856163904e-40
7.43153037233 6.60961022363e-42 4.7120617631e-40
7.60513551715 6.60349983385e-42 4.7053417799e-40
7.7827961855 6.59704901371e-42 4.69839428474e-40
7.96460711692 6.5906462343e-42 4.69121087499e-40
8.15066526412 6.58410359759e-42 4.6837831426e-40
8.34106984469 6.57739487445e-42 4.6761028369e-40
8.535922394 6.57051721971e-42 4.66816052803e-40
8.73532681935 6.5633689581e-42 4.659947558e-40
8.93938945538 6.55618739135e-42 4.65145441595e-40
9.14821912076 6.54883256871e-42 4.64267107481e-40
9.36192717627 6.54131731104e-42 4.63358794431e-40
9.58062758409 6.53363603222e-42 4.62419422736e-40
9.80443696868 6.52577278429e-42 4.61447996033e-40
10.0334746789 6.51763556381e-42 4.60443383914e-40
10.2678628516 6.50941497524e-42 4.59404516115e-40
10.507726477 6.50099802729e-42 4.58330222165e-40
10.753193465 6.49240086195e-42 4.57219367534e-40
11.0043947136 6.48359548553e-42 4.56070723162e-40
11.2614641788 6.47459497651e-42 4.54883110492e-40
11.5245389456 6.46538948764e-42 4.5365526431e-40
11.7937593016 6.45597197575e-42 4.5238595585e-40
12.0692688116 6.44635311422e-42 4.5107385006e-40
12.3512143941 6.43650258517e-42 4.49717725459e-40
12.6397463998 6.42647669999e-42 4.48316157485e-40
12.9350186915 6.41623570437e-42 4.4686790705e-40
13.2371887266 6.40579055383e-42 4.45371538754e-40
13.5464176405 6.39515053358e-42 4.43825704543e-40
13.8628703331 6.38428046638e-42 4.42229072816e-40
14.1867155562 6.37320680238e-42 4.40580170285e-40
14.518126004 6.36190852232e-42 4.38877678354e-40
14.8572784048 6.35038713355e-42 4.37120200408e-40
15.2043536155 6.33865134943e-42 4.35306286964e-40
15.5595367176 6.32668518555e-42 4.33434600868e-40
15.9230171166 6.3144732533e-42 4.31503786599e-40
16.2949886425 6.30204173904e-42 4.29512417749e-40
16.6756496533 6.28935752161e-42 4.27459163678e-40
17.0652031407 6.27644264323e-42 4.25342713329e-40
17.4638568384 6.263277937e-42 4.23161773692e-40
17.871823333 6.24985903917e-42 4.20915022903e-40
18.2893201771 6.23618664428e-42 4.1860121425e-40
18.7165700058 6.2222642537e-42 4.1621912883e-40
19.1538006546 6.2080754715e-42 4.13767595197e-40
19.6012452817 6.19361208253e-42 4.11245465824e-40
20.059142492 6.17889600776e-42 4.0865163649e-40
20.5277364643 6.16390122394e-42 4.05985042547e-40
21.0072770815 6.14863784548e-42 4.03244656616e-40
21.4980200641 6.13308107499e-42 4.00429511123e-40
22.0002271061 6.11724696641e-42 3.97538662582e-40
22.5141660153 6.10112339678e-42 3.94571237938e-40
23.0401108551 6.08471179013e-42 3.91526387337e-40
23.5783420917 6.06799815932e-42 3.88403312018e-40
24.1291467427 6.05100055689e-42 3.85201249e-40
24.692818531 6.03368385196e-42 3.81919465114e-40
25.2696580408 6.01607178592e-42 3.78557261653e-40
25.8599728782 5.99814291745e-42 3.75113966091e-40
26.4640778353 5.97991126289e-42 3.71588917497e-40
27.0822950577 5.96134998754e-42 3.67981483115e-40
27.7149542167 5.94247094026e-42 3.64291053391e-40
28.3623926848 5.92328109293e-42 3.60516990122e-40
29.024955716 5.90373605271e-42 3.56658652665e-40
29.7029966292 5.88387950354e-42 3.5271542096e-40
30.3968769974 5.86367788488e-42 3.48686636103e-40
31.1069668401 5.84314256635e-42 3.44571601499e-40
31.8336448207 5.82225709182e-42 3.40369630093e-40
32.5772984481 5.80103386356e-42 3.36079961052e-40
33.3383242842 5.77945533587e-42 3.31701823177e-40
34.1171281544 5.75752316362e-42 3.27234394724e-40
34.9141253645 5.7352417528e-42 3.22676806412e-40
35.7297409224 5.71258919762e-42 3.1802814252e-40
36.5644097639 5.68958439196e-42 3.13287448553e-40
37.4185769858 5.66621245583e-42 3.08453717726e-40
38.2926980821 5.64247086947e-42 3.03525896744e-40
39.1872391878 5.61835373998e-42 2.98502898332e-40
40.1026773268 5.59386304854e-42 2.93383591891e-40
41.0395006668 5.56899982867e-42 2.88166806609e-40
41.9982087794 5.54375051878e-42 2.828513426e-40
42.9793129062 5.51812733847e-42 2.77435970856e-40
43.9833362322 5.49210995082e-42 2.71919439336e-40
45.0108141638 5.46570910395e-42 2.66300480333e-40
46.0622946153 5.43892285858e-42 2.60577803668e-40
47.1383383004 5.4117336269e-42 2.54750117232e-40
48.2395190313 5.38415550117e-42 2.48816121548e-40
49.366424025 5.35619372646e-42 2.42774502393e-40
50.5196542161 5.32782775648e-42 2.3662395147e-40
51.6998245777 5.29905824621e-42 2.30363174487e-40
52.9075644486 5.26988843531e-42 2.23990879022e-40
54.1435178698 5.24032136642e-42 2.1750577727e-40
55.4083439271 5.21034474346e-42 2.1090659672e-40
56.7027171032 5.17996314603e-42 2.04192081611e-40
58.0273276371 5.14917237996e-42 1.97360991511e-40
59.3828818922 5.11797278317e-42 1.90412104974e-40
60.7701027328 5.08635787333e-42 1.83344223941e-40
62.1897299101 5.05433809849e-42 1.76156168953e-40
63.6425204561 5.02190169846e-42 1.68846784742e-40
65.1292490876 4.98905492895e-42 1.6141494561e-40
66.6507086193 4.95579202042e-42 1.53859553403e-40
68.2077103864 4.92212314708e-42 1.46179536752e-40
69.8010846775 4.88803926186e-42 1.383738556e-40
71.4316811774 4.85354132344e-42 1.30441511269e-40
73.1003694198 4.8186302411e-42 1.22381541217e-40
74.8080392514 4.78330659308e-42 1.14193021859e-40
76.5556013062 4.74757358707e-42 1.05875069287e-40
78.3439874912 4.71143553803e-42 9.74268385102e-41
80.1741514833 4.67488849343e-42 8.88475323693e-41
82.047069238 4.63793322158e-42 8.0136407926e-41
83.9637395096 4.60057631112e-42 7.12927698792e-41
85.9251843839 4.56281910929e-42 6.23159728225e-41
87.9324498233 4.5246673632e-42 5.32054246029e-41
89.9866062246 4.48612007328e-42 4.3960591942e-41
92.0887489896 4.44718426381e-42 3.45810022245e-41
94.2399991095 4.40785868852e-42 2.50662470804e-41
96.4415037624 4.36815258054e-42 1.54159833586e-41
98.6944369253 4.32806171831e-42 5.62993980236e-42
101.0 4.28760580609e-42 0.0
