0.001 1.29406482241e-41 9.38132892808e-40
0.00102336061835 1.29411778573e-41 9.38151239453e-40
0.0010472669552 1.29403967078e-41 9.3816941994e-40
0.00107173175885 1.29408857241e-41 9.38187262738e-40
0.00109676807545 1.29414690795e-41 9.38205384068e-40
0.00112238925588 1.29405689819e-41 9.38223404626e-40
0.00114860896294 1.29412206359e-41 9.38241558517e-40
0.00117544117856 1.2940203437e-41 9.38259431837e-40
0.00120290021133 1.2940841142e-41 9.38277290847e-40
0.00123100070408 1.29413519666e-41 9.38295628022e-40
0.00125975764173 1.29404834806e-41 9.38313579591e-40
0.00128918635921 1.29410091987e-41 9.38331377752e-40
0.00131930254974 1.29401157648e-41 9.38349542741e-40
0.0013501222731 1.29407014917e-41 9.38367731737e-40
0.00138166196425 1.29412011327e-41 9.38385490592e-40
0.00141393844209 1.29403440936e-41 9.38403478741e-40
0.00144696891841 1.29408708317e-41 9.38421678813e-40
0.00148077100709 1.29413802258e-41 9.38439631002e-40
0.00151536273346 1.29404708366e-41 9.38457553033e-40
0.00155076254394 1.29410243631e-41 9.38475486608e-40
0.00158698931589 1.29400898716e-41 9.38493670902e-40
0.00162406236763 1.29406682918e-41 9.3851162049e-40
0.00166200146878 1.29411432884e-41 9.3852935996e-40
0.0017008268508 1.29402430494e-41 9.38547577514e-40
0.00174055921775 1.29407816862e-41 9.38565731964e-40
0.00178121975736 1.29412766158e-41 9.38583387419e-40
0.00182283015231 1.294038133e-41 9.3860143756e-40
0.00186541259183 1.29408653113e-41 9.38619612793e-40
0.00190898978346 1.29414050848e-41 9.38637339637e-40
0.00195358496523 1.2940474526e-41 9.38655363802e-40
0.00199922191803 1.29410022906e-41 9.38673352078e-40
0.00204592497826 1.29400101858e-41 9.38691397433e-40
0.00209371905086 1.29405922781e-41 9.38709228301e-40
0.00214262962255 1.29410425683e-41 9.38727157254e-40
0.00219268277543 1.29401125293e-41 9.38745228475e-40
0.00224390520092 1.29406474824e-41 9.38763137914e-40
0.00229632421395 1.29410676839e-41 9.38780855039e-40
0.00234996776752 1.29402127453e-41 9.38799018645e-40
0.00240486446769 1.29405910155e-41 9.38816975135e-40
0.00246104358871 1.29411543021e-41 9.38834619262e-40
0.00251853508874 1.29401953536e-41 9.38852769039e-40
0.00257736962576 1.2940688524e-41 9.38870682815e-40
0.00263757857395 1.29411218036e-41 9.38888468576e-40
0.00269919404039 1.29402412197e-41 9.38906334535e-40
0.00276224888223 1.29406393807e-41 9.38924370516e-40
0.00282677672417 1.29411251851e-41 9.38942219261e-40
0.0028928119764 1.29402259952e-41 9.38959986077e-40
0.00296038985295 1.29406570812e-41 9.38977965781e-40
0.00302954639048 1.29410918834e-41 9.3899598787e-40
0.0031003184675 1.29401843081e-41 9.39013530028e-40
0.003172743824 1.2940618482e-41 9.39031536702e-40
0.0032468610816 1.29410674222e-41 9.39049538957e-40
0.00332270976418 1.2940116762e-41 9.39067111696e-40
0.00340033031888 1.29405492602e-41 9.39085072381e-40
0.00347976413774 1.29409994852e-41 9.39102914095e-40
0.00356105357973 1.29400656294e-41 9.39120711496e-40
0.00364424199334 1.29404481235e-41 9.3913845788e-40
0.00372937373974 1.29409295351e-41 9.39156378085e-40
0.00381649421638 1.29399338249e-41 9.39174213945e-40
0.00390564988122 1.29404142779e-41 9.39191778572e-40
0.00399688827752 1.29407828769e-41 9.39209764227e-40
0.00409025805917 1.29412357812e-41 9.3922747971e-40
0.00418580901667 1.29402506897e-41 9.39245151407e-40
0.00428359210361 1.29406664341e-41 9.39263079318e-40
0.00438365946393 1.29411108008e-41 9.39280789803e-40
0.00448606445966 1.29401032483e-41 9.39298384268e-40
0.00459086169941 1.29405593282e-41 9.39316187416e-40
0.00469810706749 1.29409145376e-41 9.39333991567e-40
0.00480785775368 1.29399774892e-41 9.39351581719e-40
0.00492017228377 1.2940353672e-41 9.39369242184e-40
0.00503511055073 1.29407408987e-41 9.39387209934e-40
0.00515273384668 1.29411727759e-41 9.39404509432e-40
0.00527310489555 1.29401551313e-41 9.39422324801e-40
0.00539628788656 1.29405701803e-41 9.39440047542e-40
0.00552234850841 1.29409372689e-41 9.39457607832e-40
0.00565135398433 1.29399813697e-41 9.39475277173e-40
0.00578337310794 1.29403373552e-41 9.39492975169e-40
0.00591847627992 1.29407024835e-41 9.3951042296e-40
0.00605673554553 1.29411113483e-41 9.39528022006e-40
0.00619822463309 1.29400780908e-41 9.39545748219e-40
0.00634301899322 1.29405085082e-41 9.39563180284e-40
0.00649119583913 1.2940792349e-41 9.39580664142e-40
0.00664283418779 1.29398845476e-41 9.39598509045e-40
0.00679801490205 1.29401904723e-41 9.39615719565e-40
0.00695682073374 1.29405868435e-41 9.39633409818e-40
0.00711933636786 1.29408726986e-41 9.39650884286e-40
0.00728564846769 1.29399207765e-41 9.39668269795e-40
0.007455845721 1.29402321114e-41 9.39685717138e-40
0.0076300188874 1.29405998316e-41 9.39703365658e-40
0.00780826084667 1.29409225049e-41 9.39720587243e-40
0.00799066664832 1.29399218094e-41 9.39738040741e-40
0.00817733356229 1.29402790215e-41 9.3975559375e-40
0.00836836113079 1.29406128316e-41 9.39772728643e-40
0.00856385122142 1.29408834702e-41 9.39790275822e-40
0.00876390808145 1.29399393903e-41 9.39807553326e-40
0.00896863839343 1.29402371543e-41 9.39824837759e-40
0.0091781513321 1.29405500778e-41 9.39842111256e-40
0.00939255862257 1.29408540708e-41 9.39859519037e-40
0.00961197459992 1.29398826858e-41 9.39876593862e-40
0.00983651627018 1.29401512069e-41 9.39893993566e-40
0.0100663033727 1.29404729144e-41 9.39911053027e-40
0.010301458444 1.29407481873e-41 9.39928266763e-40
0.0105421068832 1.29397703571e-41 9.39945586192e-40
0.0107883770188 1.29400438405e-41 9.39962600129e-40
0.011040400177 1.29403653841e-41 9.39979848792e-40
0.011298310752 1.29405976525e-41 9.39996957613e-40
0.0115622462775 1.29396112631e-41 9.40013997742e-40
0.0118323475001 1.2939891549e-41 9.4003099504e-40
0.0121087584543 1.29401597941e-41 9.40048202592e-40
0.0123916265393 1.29404439959e-41 9.40064922962e-40
0.0126811025977 1.29394103186e-41 9.40082172178e-40
0.0129773409958 1.29397134325e-41 9.40098939203e-40
0.0132804997061 1.29399323949e-41 9.40115942765e-40
0.0135907403912 1.29402206372e-41 9.4013279469e-40
0.0139082284907 1.29404590874e-41 9.4014964849e-40
0.0142331333084 1.29394421572e-41 9.40166438585e-40
0.0145656281036 1.2939679124e-41 9.40183367569e-40
0.0149058901829 1.29399195067e-41 9.40199969348e-40
0.0152541009946 1.29402131404e-41 9.40216844672e-40
0.0156104462263 1.29403806231e-41 9.40233486352e-40
0.015975115903 1.29394041248e-41 9.40250175283e-40
0.0163483044887 1.29396099864e-41 9.40266805409e-40
0.0167302109906 1.29398191122e-41 9.40283431701e-40
0.0171210390646 1.2940103594e-41 9.40299874314e-40
0.017520997124 1.29402582862e-41 9.40316622649e-40
0.017930298451 1.29392353192e-41 9.40332831892e-40
0.0183491613101 1.29394772767e-41 9.40349439426e-40
0.0187778090646 1.29396427463e-41 9.40365769322e-40
0.0192164702957 1.29398947826e-41 9.40382164249e-40
0.0196653789244 1.29400830552e-41 9.40398525069e-40
0.0201247743362 1.29390307321e-41 9.40414806004e-40
0.0205949015089 1.29392298767e-41 9.40430944198e-40
0.0210760111431 1.29394229752e-41 9.40447307508e-40
0.0215683597959 1.29396197807e-41 9.40463238187e-40
0.0220722100176 1.29397986509e-41 9.40479517461e-40
0.0225878304921 1.29399937997e-41 9.40495389776e-40
0.0231154961797 1.29389226101e-41 9.40511516324e-40
0.023655488464 1.29390779709e-41 9.40527431021e-40
0.024208095302 1.29392893989e-41 9.4054324371e-40
0.0247736113774 1.29394324804e-41 9.40559164352e-40
0.0253523382581 1.29396053586e-41 9.40574902014e-40
0.0259445845565 1.29397613247e-41 9.40590665778e-40
0.0265506660947 1.29386882432e-41 9.40606273113e-40
0.0271709060724 1.2938850239e-41 9.4062199734e-40
0.0278056352395 1.29389939327e-41 9.40637492495e-40
0.0284551920724 1.29391392386e-41 9.4065300686e-40
0.0291199229546 1.2939275829e-41 9.40668416265e-40
0.0298001823613 1.29394110222e-41 9.40683823019e-40
0.0304963330483 1.29383551298e-41 9.40699050589e-40
0.0312087462458 1.2938424786e-41 9.40714385056e-40
0.0319378018562 1.29385699823e-41 9.40729449901e-40
0.0326838886565 1.29387409631e-41 9.40744611539e-40
0.0334474045057 1.29388006551e-41 9.40759641125e-40
0.0342287565573 1.29389386121e-41 9.40774463413e-40
0.035028361476 1.29390720636e-41 9.40789532311e-40
0.03584664566 1.29391273515e-41 9.40804205874e-40
0.0366840454685 1.2938052054e-41 9.4081897014e-40
0.0375410074544 1.29381311188e-41 9.4083354926e-40
0.0384179886022 1.29382466754e-41 9.40848150023e-40
0.0393154565719 1.29383261666e-41 9.40862653793e-40
0.0402338899483 1.29384157833e-41 9.40876948335e-40
0.0411737784963 1.29384795782e-41 9.40891391479e-40
0.042135623422 1.2938586326e-41 9.40905448073e-40
0.0431199376398 1.29386362597e-41 9.40919640913e-40
0.0441272460465 1.29374761496e-41 9.40933708722e-40
0.0451580858004 1.29376118117e-41 9.40947618093e-40
0.0462130066084 1.29376085085e-41 9.40961317287e-40
0.0472925710188 1.293766989e-41 9.40974924796e-40
0.0483973547214 1.29377485534e-41 9.40988604312e-40
0.0495279468544 1.2937777292e-41 9.41002114083e-40
0.0506849503187 1.29378165902e-41 9.4101544542e-40
0.0518689820994 1.29378576138e-41 9.41028832482e-40
0.0530806735947 1.29378586654e-41 9.41041968814e-40
0.0543206709525 1.29379174591e-41 9.4105490944e-40
0.0555896354154 1.29379344405e-41 9.4106798424e-40
0.0568882436728 1.29367335495e-41 9.41080699315e-40
0.0582171882221 1.29368038614e-41 9.41093419041e-40
0.0595771777378 1.29367663531e-41 9.41105913974e-40
0.0609689374496 1.29367902284e-41 9.41118284336e-40
0.0623932095288 1.29367612946e-41 9.41130741593e-40
0.0638507534845 1.29367939813e-41 9.4114277227e-40
0.0653423465683 1.29367557845e-41 9.41154764077e-40
0.0668687841889 1.29367198103e-41 9.4116664878e-40
0.0684308803361 1.29367364868e-41 9.41178356084e-40
0.0700294680153 1.29366709852e-41 9.41189852895e-40
0.0716653996912 1.29366475151e-41 9.4120127191e-40
0.0733395477426 1.2936599063e-41 9.41212417035e-40
0.0750528049277 1.29365657009e-41 9.41223647885e-40
0.07680608486 1.29364652601e-41 9.41234520843e-40
0.0786003224957 1.29364488052e-41 9.41245200983e-40
0.0804364746321 1.29352380076e-41 9.41255780381e-40
0.0823155204178 1.29351341081e-41 9.41266165492e-40
0.0842384618749 1.29350561954e-41 9.41276324913e-40
0.0862063244335 1.29350189897e-41 9.41286396437e-40
0.0882201574783 1.29349014989e-41 9.41296163318e-40
0.0902810349083 1.29348228214e-41 9.41305728199e-40
0.0923900557095 1.29347190844e-41 9.41315216775e-40
0.0945483445406 1.29346014247e-41 9.41324463937e-40
0.0967570523335 1.29344994044e-41 9.41333414523e-40
0.0990173569062 1.29343994425e-41 9.41342195348e-40
0.101330463591 1.29342541638e-41 9.41350766442e-40
0.103697605879 1.29341253248e-41 9.41359037518e-40
0.106120046074 1.29339813562e-41 9.41367155559e-40
0.10859907597 1.29338390331e-41 9.41375104456e-40
0.111136017538 1.29337081432e-41 9.41382661698e-40
0.113732223629 1.29335163791e-41 9.41389979142e-40
0.1163890787 1.29333680714e-41 9.41397160038e-40
0.119107999548 1.29332172931e-41 9.41403929914e-40
0.121890436068 1.29330061002e-41 9.41410495122e-40
0.124737872026 1.29328238786e-41 9.41416838706e-40
0.127651825849 1.29326373672e-41 9.41422971502e-40
0.130633851435 1.29324782477e-41 9.41428625607e-40
0.133685538982 1.29321981541e-41 9.41434045474e-40
0.136808515838 1.29320075547e-41 9.4143919121e-40
0.140004447364 1.2931779656e-41 9.41444023059e-40
0.143275037827 1.29315764284e-41 9.4144849489e-40
0.146622031305 1.29313279041e-41 9.41452684732e-40
0.150047212621 1.29310609734e-41 9.41456620559e-40
0.15355240829 1.29307924266e-41 9.41460137982e-40
0.157139487497 1.29305605747e-41 9.41463291014e-40
0.160810363093 1.29302843733e-41 9.41466127249e-40
0.164566992613 1.2929988046e-41 9.41468656889e-40
0.168411379321 1.29296849874e-41 9.41470652859e-40
0.17234557328 1.29305196737e-41 9.41472314853e-40
0.176371672442 1.29301759738e-41 9.41473608333e-40
0.180491823771 1.29298545485e-41 9.41474577635e-40
0.184708224382 1.29295307692e-41 9.41475041959e-40
0.189023122719 1.29292075729e-41 9.41475098848e-40
0.193438819749 1.29288710052e-41 9.41474695185e-40
0.197957670192 1.29284841289e-41 9.41473897108e-40
0.202582083776 1.29281377171e-41 9.41472667796e-40
0.20731452652 1.29277722225e-41 9.41470914049e-40
0.212157522053 1.29273882908e-41 9.4146873469e-40
0.217113652957 1.29269704691e-41 9.41466014599e-40
0.222185562143 1.29265592012e-41 9.41462882501e-40
0.227375954264 1.29261354826e-41 9.41459245224e-40
0.232687597155 1.29257446754e-41 9.4145500669e-40
0.238123323308 1.2925277776e-41 9.41450229024e-40
0.243686031385 1.29259309125e-41 9.41444899312e-40
0.249378687762 1.29254295458e-41 9.41439032864e-40
0.255204328113 1.29249408602e-41 9.41432655637e-40
0.261166059024 1.29244762321e-41 9.41425596662e-40
0.267267059656 1.29240023235e-41 9.41417961464e-40
0.273510583436 1.29234760286e-41 9.41409711948e-40
0.279899959791 1.29229502064e-41 9.41400777934e-40
0.286438595929 1.29224023343e-41 9.41391234244e-40
0.293129978651 1.29218673258e-41 9.41381076692e-40
0.29997767621 1.29223631812e-41 9.41370187936e-40
0.306985340219 1.29217859592e-41 9.41358571445e-40
0.314156707592 1.2921199032e-41 9.41346358062e-40
0.321495602542 1.29205980663e-41 9.41333290718e-40
0.329005938616 1.29199824439e-41 9.41319459436e-40
0.336691720784 1.29193228789e-41 9.41304957108e-40
0.344557047576 1.29187349412e-41 9.41289603994e-40
0.352606113266 1.29180458785e-41 9.4127342838e-40
0.360843210107 1.29183819589e-41 9.41256470759e-40
0.369272730624 1.29176928449e-41 9.41238595756e-40
0.377899169953 1.29170008444e-41 9.41219824239e-40
0.386727128239 1.29162794215e-41 9.4120020116e-40
0.395761313089 1.29155683264e-41 9.41179659915e-40
0.405006542084 1.29148060709e-41 9.41158226712e-40
0.414467745344 1.29150433029e-41 9.41135745177e-40
0.424149968163 1.29142328427e-41 9.41112375753e-40
0.434058373695 1.29134451893e-41 9.41087967989e-40
0.444198245706 1.29126082861e-41 9.41062472304e-40
0.454574991398 1.29117834791e-41 9.41035896411e-40
0.465194144285 1.29119216368e-41 9.41008282942e-40
0.476061367151 1.29110757932e-41 9.40979504638e-40
0.487182455062 1.29101638825e-41 9.40949651844e-40
0.498563338463 1.29092338877e-41 9.40918568429e-40
0.510210086339 1.29083079338e-41 9.40886257461e-40
0.522128909446 1.29073416387e-41 9.40852707495e-40
0.534326163632 1.29073444555e-41 9.40817929667e-40
0.546808353217 1.29063504422e-41 9.40781810558e-40
0.55958213447 1.29053323376e-41 9.40744428922e-40
0.572654319151 1.29043145955e-41 9.40705550362e-40
0.586031878149 1.29042068098e-41 9.40665340655e-40
0.599721945198 1.29031189355e-41 9.40623719577e-40
0.613731820679 1.29019990732e-41 9.40580568439e-40
0.628068975514 1.29008628997e-41 9.40535898818e-40
0.642741055151 1.29006622077e-41 9.40489654213e-40
0.657755883641 1.28994930676e-41 9.40441858057e-40
0.673121467809 1.28982683406e-41 9.40392413861e-40
0.688846001525 1.28970424186e-41 9.40341231307e-40
0.704937870071 1.28957845268e-41 9.40288318566e-40
0.721405654618 1.28954559833e-41 9.40233733228e-40
0.738258136794 1.28941570645e-41 9.40177232991e-40
0.755504303375 1.28928353193e-41 9.40118874978e-40
0.773153351071 1.28923801173e-41 9.40058635295e-40
0.791214691435 1.28909559511e-41 9.39996391936e-40
0.809697955878 1.28895407842e-41 9.3993210552e-40
0.828613000807 1.28880738404e-41 9.39865778153e-40
0.847969912882 1.28875221218e-41 9.39797338238e-40
0.867779014393 1.28860037787e-41 9.39726642542e-40
0.888050868764 1.28844424289e-41 9.39653766565e-40
0.908796286189 1.28837807154e-41 9.39578517799e-40
0.930026329393 1.28821552531e-41 9.39500916076e-40
0.951752319533 1.28804985555e-41 9.39420957904e-40
0.973985842237 1.28788171651e-41 9.39338396812e-40
0.996738753781 1.28780061511e-41 9.39253218048e-40
1.02002318741 1.28762529762e-41 9.39165515888e-40
1.0438515598 1.28744442204e-41 9.39075054473e-40
1.06823657771 1.28735118429e-41 9.38981798909e-40
1.09319124471 1.28716519249e-41 9.38885702688e-40
1.11872886817 1.28697372928e-41 9.3878661663e-40
1.1448630663 1.28686789662e-41 9.38684482337e-40
1.17160777546 1.28666647179e-41 9.38579306966e-40
1.19897725756 1.28646361982e-41 9.38470877041e-40
1.22698610769 1.28634329864e-41 9.38359157899e-40
1.25564926188 1.28613207298e-41 9.38244016504e-40
1.28498200507 1.28600215407e-41 9.38125455886e-40
1.31499997929 1.28578094979e-41 9.38003269752e-40
1.34571919194 1.28555512833e-41 9.37877427313e-40
1.37715602439 1.2854097806e-41 9.37747757607e-40
1.40932724069 1.28517585757e-41 9.37614202301e-40
1.4422499965 1.28493438119e-41 9.37476672176e-40
1.47594184824 1.2847742589e-41 9.37334989479e-40
1.51042076247 1.28452341526e-41 9.3718912507e-40
1.54570512546 1.28435131891e-41 9.37038828203e-40
1.58181375298 1.28408962514e-41 9.36884073551e-40
1.61876590037 1.28382381406e-41 9.3672463982e-40
1.65658127278 1.28363216032e-41 9.3656044454e-40
1.69528003566 1.28335232936e-41 9.36391363627e-40
1.73488282558 1.28315115473e-41 9.36217179344e-40
1.77541076116 1.28286068128e-41 9.36037858977e-40
1.81688545437 1.28264407612e-41 9.35853157103e-40
1.85932902206 1.28234212219e-41 9.35662911696e-40
1.90276409774 1.28203346222e-41 9.35466987983e-40
1.94721384365 1.28179921742e-41 9.35265276416e-40
1.9927019631 1.28147784936e-41 9.35057448403e-40
2.03925271316 1.28122732376e-41 9.34843431283e-40
2.08689091752 1.2808916855e-41 9.34623023037e-40
2.13564197979 1.28062582602e-41 9.34396021025e-40
2.18553189702 1.2802760752e-41 9.34162147966e-40
2.23658727357 1.27999496633e-41 9.33921221624e-40
2.28883533528 1.27962962181e-41 9.33673086415e-40
2.34230394403 1.27933177816e-41 9.33417511739e-40
2.39702161253 1.2789505064e-41 9.33154193034e-40
2.45301751961 1.27863407134e-41 9.32882965063e-40
2.5103215257 1.27823818344e-41 9.32603521875e-40
2.56896418881 1.27790485397e-41 9.32315639033e-40
2.62897678079 1.27749103843e-41 9.32019007419e-40
2.69039130403 1.27714041775e-41 9.31713374565e-40
2.75324050851 1.27670892402e-41 9.31398449605e-40
2.81755790927 1.27633731262e-41 9.31073901598e-40
2.88337780428 1.2758874742e-41 9.30739484594e-40
2.95073529273 1.27549632905e-41 9.30394800175e-40
3.01966629377 1.27502632275e-41 9.30039554767e-40
3.09020756562 1.27461629898e-41 9.296734321e-40
3.16239672519 1.27412595726e-41 9.29296023366e-40
3.23627226818 1.27369272289e-41 9.28906929407e-40
3.31187358952 1.27318063545e-41 9.2850584968e-40
3.38924100449 1.27272471801e-41 9.28092325358e-40
3.4684157701 1.27225502209e-41 9.27665957511e-40
3.5494401072 1.27171024203e-41 9.27226290731e-40
3.63235722292 1.27121663377e-41 9.26772894187e-40
3.71721133373 1.27064708063e-41 9.26305267387e-40
3.80404768904 1.27012998178e-41 9.25823035297e-40
3.89291259531 1.26959911428e-41 9.25325581406e-40
3.98385344073 1.26899132647e-41 9.24812436133e-40
4.07691872054 1.26843202439e-41 9.24283066188e-40
4.17215806283 1.26780107423e-41 9.23736888891e-40
4.26962225505 1.26721441223e-41 9.23173352478e-40
4.36936327107 1.26661191188e-41 9.22591823914e-40
4.4714342989 1.26593806856e-41 9.21991666248e-40
4.57588976905 1.26530529926e-41 9.2137229244e-40
4.68278538358 1.26465658034e-41 9.20732966264e-40
4.79217814576 1.26393946718e-41 9.20073013588e-40
4.90412639051 1.26326071144e-41 9.19391723497e-40
5.01868981548 1.26256134764e-41 9.18688294985e-40
5.1359295129 1.26179644678e-41 9.17961989526e-40
5.25590800214 1.26106480958e-41 9.17212010106e-40
5.37868926309 1.26031752126e-41 9.16437452771e-40
5.50433877021 1.25950265273e-41 9.15637477631e-40
5.63292352751 1.25871512896e-41 9.14811207792e-40
5.76451210426 1.25790908411e-41 9.13957649707e-40
5.89917467153 1.25703984392e-41 9.13075877682e-40
6.03698303963 1.25619745267e-41 9.12164844236e-40
6.17801069644 1.25533327082e-41 9.11223501279e-40
6.3223328465 1.25444835627e-41 9.10250779257e-40
6.47002645124 1.25350213364e-41 9.09245538719e-40
6.62117026991 1.252574824e-41 9.08206659034e-40
6.77584490165 1.25162473005e-41 9.07132845773e-40
6.93413282842 1.25065315285e-41 9.06022894674e-40
7.09611845905 1.24962338263e-41 9.04875499519e-40
7.26188817416 1.24860639839e-41 9.0368936262e-40
7.43153037233 1.24756425303e-41 9.02463035942e-40
7.60513551715 1.24649920771e-41 9.01195075765e-40
7.7827961855 1.24537546998e-41 8.99884072682e-40
7.96460711692 1.24425860874e-41 8.98528434612e-40
8.15066526412 1.24311755997e-41 8.97126565634e-40
8.34106984469 1.24194805423e-41 8.95676898366e-40
8.535922394 1.24074935722e-41 8.94177640715e-40
8.73532681935 1.23950299628e-41 8.92627145938e-40
8.93938945538 1.23825058337e-41 8.91023606845e-40
9.14821912076 1.23696814996e-41 8.89365118092e-40
9.36192717627 1.23565831074e-41 8.87649854857e-40
9.58062758409 1.234318461e-41 8.85875763939e-40
9.80443696868 1.23294727358e-41 8.84040948761e-40
10.0334746789 1.23152987808e-41 8.8214325629e-40
10.2678628516 1.23009559221e-41 8.80180646206e-40
10.507726477 1.22862770568e-41 8.78150892945e-40
10.753193465 1.22712882537e-41 8.76051832573e-40
11.0043947136 1.22559314499e-41 8.73881122281e-40
11.2614641788 1.22402398007e-41 8.71636513159e-40
11.5245389456 1.22241866692e-41 8.69315591018e-40
11.7937593016 1.2207757921e-41 8.66916010181e-40
12.0692688116 1.21909873361e-41 8.64435221121e-40
12.3512143941 1.21738109213e-41 8.61870885961e-40
12.6397463998 1.21563177401e-41 8.59220286115e-40
12.9350186915 1.21384578259e-41 8.56481048407e-40
13.2371887266 1.21202357028e-41 8.53650426968e-40
13.5464176405 1.21016677632e-41 8.50725841249e-40
13.8628703331 1.20826982408e-41 8.47704739033e-40
14.1867155562 1.20633744044e-41 8.44584296667e-40
14.518126004 1.20436402733e-41 8.41361983916e-40
14.8572784048 1.20235309074e-41 8.38035119518e-40
15.2043536155 1.20030280918e-41 8.34600918461e-40
15.5595367176 1.1982125854e-41 8.31056809537e-40
15.9230171166 1.19607897184e-41 8.2740018096e-40
16.2949886425 1.19390554577e-41 8.236282875e-40
16.6756496533 1.19168859927e-41 8.1973856112e-40
17.0652031407 1.18942955041e-41 8.15728468521e-40
17.4638568384 1.18712704967e-41 8.11595509798e-40
17.871823333 1.18477850678e-41 8.07337126075e-40
18.2893201771 1.18238548901e-41 8.02950899288e-40
18.7165700058 1.17994754589e-41 7.98434461119e-40
19.1538006546 1.17746222968e-41 7.93785531301e-40
19.6012452817 1.17492787209e-41 7.89001871369e-40
20.059142492 1.17234771846e-41 7.84081324102e-40
20.5277364643 1.16971924224e-41 7.79021801914e-40
21.0072770815 1.16704080623e-41 7.7382128736e-40
21.4980200641 1.16431089329e-41 7.68477874149e-40
22.0002271061 1.16153005219e-41 7.6298969966e-40
22.5141660153 1.15869837346e-41 7.57355029045e-40
23.0401108551 1.15581301071e-41 7.51572172815e-40
23.5783420917 1.1528752073e-41 7.45639533286e-40
24.1291467427 1.14988433511e-41 7.39555577618e-40
24.692818531 1.14683672334e-41 7.33318830627e-40
25.2696580408 1.14373516835e-41 7.26927875921e-40
25.8599728782 1.1405761314e-41 7.20381346857e-40
26.4640778353 1.1373619293e-41 7.13677895481e-40
27.0822950577 1.13408798164e-41 7.06816224401e-40
27.7149542167 1.13075583574e-41 6.99795077725e-40
28.3623926848 1.12736681354e-41 6.92613143551e-40
29.024955716 1.12391326972e-41 6.85269100963e-40
29.7029966292 1.12040196148e-41 6.77761667164e-40
30.3968769974 1.11682808676e-41 6.70089480142e-40
31.1069668401 1.11319147395e-41 6.62251108468e-40
31.8336448207 1.10949161247e-41 6.54245132528e-40
32.5772984481 1.10572898145e-41 6.46069986497e-40
33.3383242842 1.10190001266e-41 6.37724089637e-40
34.1171281544 1.09800644523e-41 6.29205753153e-40
34.9141253645 1.0940471454e-41 6.20513201226e-40
35.7297409224 1.09001936549e-41 6.11644564039e-40
36.5644097639 1.08592552079e-41 6.02597893585e-40
37.4185769858 1.08176267077e-41 5.93371143099e-40
38.2926980821 1.07753138765e-41 5.83962169048e-40
39.1872391878 1.07322894593e-41 5.74368760249e-40
40.1026773268 1.06885662348e-41 5.64588621657e-40
41.0395006668 1.0644136395e-41 5.54619376922e-40
41.9982087794 1.05989778688e-41 5.44458592055e-40
42.9793129062 1.05531049916e-41 5.34103774878e-40
43.9833362322 1.05064896461e-41 5.23552383511e-40
45.0108141638 1.04591455121e-41 5.12801838686e-40
46.0622946153 1.04110549868e-41 5.0184952365e-40
47.1383383004 1.03621965466e-41 4.90692813718e-40
48.2395190313 1.03125967016e-41 4.79329058675e-40
49.366424025 1.02622438443e-41 4.6775558656e-40
50.5196542161 1.02111159023e-41 4.55969734331e-40
51.6998245777 1.01592098219e-41 4.43968852868e-40
52.9075644486 1.01065232026e-41 4.31750298824e-40
54.1435178698 1.00530647708e-41 4.19311435564e-40
55.4083439271 9.99881383315e-42 4.06649646833e-40
56.7027171032 9.94377060782e-42 3.93762346483e-40
58.0273276371 9.88793230197e-42 3.80646974095e-40
59.3828818922 9.83128930913e-42 3.67301003429e-40
60.7701027328 9.77383513069e-42 3.53721950443e-40
62.1897299101 9.71558397456e-42 3.39907361108e-40
63.6425204561 9.65651581179e-42 3.25854824462e-40
65.1292490876 9.59664404014e-42 3.11561977626e-40
66.6507086193 9.53594310175e-42 2.97026514436e-40
68.2077103864 9.47443832393e-42 2.82246181338e-40
69.8010846775 9.41211248408e-42 2.67218774931e-40
71.4316811774 9.34896483747e-42 2.51942167539e-40
73.1003694198 9.28499806389e-42 2.36414296566e-40
74.8080392514 9.22020375234e-42 2.20633175835e-40
76.5556013062 9.15459025628e-42 2.04596896416e-40
78.3439874912 9.08816342274e-42 1.88303619335e-40
80.1741514833 9.02091358593e-42 1.71751596532e-40
82.047069238 8.9528429662e-42 1.54939180451e-40
83.9637395096 8.88396052837e-42 1.3786481299e-40
85.9251843839 8.81426402964e-42 1.20527035473e-40
87.9324498233 8.74376585693e-42 1.02924490818e-40
89.9866062246 8.67246012368e-42 8.50559336887e-41
92.0887489896 8.60035933869e-42 6.69202366415e-41
94.2399991095 8.5274587198e-42 4.85163957777e-41
96.4415037624 8.45377295619e-42 2.98435352393e-41
98.6944369253 8.37929385857e-42 1.09009180162e-41
101.0 8.30405485862e-42 0.0
