10.0 0.001474881
20.0 0.005844884
30.0 0.00928382
40.0 0.01072951
50.0 0.0100323
60.0 0.007640355
70.0 0.006170497
80.0 0.00541518
90.0 0.004870411
100.0 0.004376782
110.0 0.003849927
120.0 0.003450674
130.0 0.003110551
140.0 0.002814412
150.0 0.002559828
160.0 0.002336977
170.0 0.002139964
180.0 0.001967175
190.0 0.001811483
200.0 0.001673636
210.0 0.001549229
220.0 0.001436987
230.0 0.00133707
240.0 0.001244404
250.0 0.001161737
260.0 0.001086425
270.0 0.001016883
280.0 0.0009541907
290.0 0.0008967526
300.0 0.0008432211
310.0 0.0007945489
320.0 0.0007501575
330.0 0.000708278
340.0 0.0006697592
350.0 0.000634396
360.0 0.0006018313
370.0 0.0005708267
380.0 0.0005422077
390.0 0.0005157311
400.0 0.0004911877
410.0 0.0004679294
420.0 0.000446113
430.0 0.0004258028
440.0 0.0004068618
450.0 0.0003891719
460.0 0.0003722552
470.0 0.0003563491
480.0 0.0003414443
490.0 0.0003274556
500.0 0.0003143123
510.0 0.0003018238
520.0 0.0002898772
530.0 0.0002786208
540.0 0.0002680051
550.0 0.0002579797
560.0 0.0002485042
570.0 0.0002394783
580.0 0.0002307748
590.0 0.0002225314
600.0 0.0002147153
610.0 0.0002072987
620.0 0.0002002543
630.0 0.000193559
640.0 0.0001871296
650.0 0.0001809253
660.0 0.0001750188
670.0 0.0001693911
680.0 0.000164025
690.0 0.0001589044
700.0 0.000154016
710.0 0.0001493449
720.0 0.0001448092
730.0 0.000140444
740.0 0.0001362683
750.0 0.0001322718
760.0 0.0001284432
770.0 0.0001247745
780.0 0.0001212562
790.0 0.0001178809
800.0 0.0001146366
810.0 0.0001114585
820.0 0.0001084063
830.0 0.0001054738
840.0 0.0001026551
850.0 9.99442e-05
860.0 9.733581e-05
870.0 9.482472e-05
880.0 9.240682e-05
890.0 9.007724e-05
900.0 8.781385e-05
910.0 8.560271e-05
920.0 8.347071e-05
930.0 8.141439e-05
940.0 7.94305e-05
950.0 7.751524e-05
960.0 7.566609e-05
970.0 7.387978e-05
980.0 7.215325e-05
990.0 7.048478e-05
1000.0 6.88709e-05
1010.0 6.729324e-05
1020.0 6.575047e-05
1030.0 6.425771e-05
1040.0 6.281329e-05
1050.0 6.141491e-05
1060.0 6.00606e-05
1070.0 5.874857e-05
1080.0 5.747728e-05
1090.0 5.624502e-05
1100.0 5.505037e-05
1110.0 5.389173e-05
1120.0 5.276753e-05
1130.0 5.166925e-05
1140.0 5.058609e-05
1150.0 4.953495e-05
1160.0 4.851475e-05
1170.0 4.752404e-05
1180.0 4.656195e-05
1190.0 4.562729e-05
1200.0 4.471899e-05
1210.0 4.383646e-05
1220.0 4.297835e-05
1230.0 4.214398e-05
1240.0 4.133251e-05
1250.0 4.054313e-05
1260.0 3.977502e-05
1270.0 3.901664e-05
1280.0 3.82718e-05
1290.0 3.754685e-05
1300.0 3.684109e-05
1310.0 3.615403e-05
1320.0 3.548501e-05
1330.0 3.483327e-05
1340.0 3.419842e-05
1350.0 3.357971e-05
1360.0 3.297678e-05
1370.0 3.238903e-05
1380.0 3.181608e-05
1390.0 3.12573e-05
1400.0 3.071228e-05
1410.0 3.018053e-05
1420.0 2.965877e-05
1430.0 2.914075e-05
1440.0 2.863536e-05
1450.0 2.814225e-05
1460.0 2.766092e-05
1470.0 2.719114e-05
1480.0 2.673245e-05
1490.0 2.628458e-05
1500.0 2.584718e-05
1510.0 2.541992e-05
1520.0 2.500249e-05
1530.0 2.459472e-05
1540.0 2.419625e-05
1550.0 2.380669e-05
1560.0 2.3426e-05
1570.0 2.305372e-05
1580.0 2.268972e-05
1590.0 2.233373e-05
1600.0 2.197726e-05
1610.0 2.162876e-05
1620.0 2.128792e-05
1630.0 2.095452e-05
1640.0 2.062838e-05
1650.0 2.030927e-05
1660.0 1.999707e-05
1670.0 1.969144e-05
1680.0 1.939241e-05
1690.0 1.909968e-05
1700.0 1.881297e-05
1710.0 1.85323e-05
1720.0 1.825749e-05
1730.0 1.798828e-05
1740.0 1.772463e-05
1750.0 1.746629e-05
1760.0 1.72132e-05
1770.0 1.696524e-05
1780.0 1.672219e-05
1790.0 1.648021e-05
1800.0 1.624111e-05
1810.0 1.600694e-05
1820.0 1.577728e-05
1830.0 1.555222e-05
1840.0 1.533161e-05
1850.0 1.511531e-05
1860.0 1.490327e-05
1870.0 1.469529e-05
1880.0 1.449132e-05
1890.0 1.429132e-05
1900.0 1.409507e-05
1910.0 1.390251e-05
1920.0 1.371364e-05
1930.0 1.352828e-05
1940.0 1.334642e-05
1950.0 1.316791e-05
1960.0 1.299274e-05
1970.0 1.282079e-05
1980.0 1.265194e-05
1990.0 1.248618e-05
2000.0 1.23234e-05
2010.0 1.216003e-05
2020.0 1.199941e-05
2030.0 1.184179e-05
2040.0 1.168697e-05
2050.0 1.153497e-05
2060.0 1.138567e-05
2070.0 1.123902e-05
2080.0 1.109496e-05
2090.0 1.095347e-05
2100.0 1.081444e-05
2110.0 1.06778e-05
2120.0 1.054357e-05
2130.0 1.041165e-05
2140.0 1.028198e-05
2150.0 1.01546e-05
2160.0 1.002931e-05
2170.0 9.906184e-06
2180.0 9.785142e-06
2190.0 9.666069e-06
2200.0 9.549075e-06
2210.0 9.43398e-06
2220.0 9.320805e-06
2230.0 9.209463e-06
2240.0 9.099974e-06
2250.0 8.99078e-06
2260.0 8.882453e-06
2270.0 8.775941e-06
2280.0 8.671153e-06
2290.0 8.568097e-06
2300.0 8.466675e-06
2310.0 8.366956e-06
2320.0 8.268769e-06
2330.0 8.172216e-06
2340.0 8.077195e-06
2350.0 7.983665e-06
2360.0 7.891616e-06
2370.0 7.801047e-06
2380.0 7.711866e-06
2390.0 7.624089e-06
2400.0 7.537671e-06
2410.0 7.452594e-06
2420.0 7.368866e-06
2430.0 7.286391e-06
2440.0 7.205188e-06
2450.0 7.125211e-06
2460.0 7.046448e-06
2470.0 6.968899e-06
2480.0 6.892509e-06
2490.0 6.81725e-06
2500.0 6.743116e-06
2510.0 6.670094e-06
2520.0 6.597653e-06
2530.0 6.525169e-06
2540.0 6.453747e-06
2550.0 6.383417e-06
2560.0 6.314121e-06
2570.0 6.245839e-06
2580.0 6.178574e-06
2590.0 6.112301e-06
2600.0 6.046974e-06
2610.0 5.982585e-06
2620.0 5.919161e-06
2630.0 5.856643e-06
2640.0 5.795e-06
2650.0 5.734287e-06
2660.0 5.674383e-06
2670.0 5.615368e-06
2680.0 5.557184e-06
2690.0 5.499798e-06
2700.0 5.44323e-06
2710.0 5.387463e-06
2720.0 5.33247e-06
2730.0 5.278249e-06
2740.0 5.224756e-06
2750.0 5.172014e-06
2760.0 5.11999e-06
2770.0 5.068691e-06
2780.0 5.018076e-06
2790.0 4.968162e-06
2800.0 4.918907e-06
2810.0 4.870329e-06
2820.0 4.822394e-06
2830.0 4.774405e-06
2840.0 4.726741e-06
2850.0 4.679701e-06
2860.0 4.633285e-06
2870.0 4.587485e-06
2880.0 4.542329e-06
2890.0 4.497744e-06
2900.0 4.453771e-06
2910.0 4.410365e-06
2920.0 4.367539e-06
2930.0 4.325288e-06
2940.0 4.283561e-06
2950.0 4.242404e-06
2960.0 4.201774e-06
2970.0 4.161679e-06
2980.0 4.122078e-06
2990.0 4.08302e-06
3000.0 4.044442e-06
3010.0 4.006355e-06
3020.0 3.968754e-06
3030.0 3.931632e-06
3040.0 3.894989e-06
3050.0 3.858807e-06
3060.0 3.823081e-06
3070.0 3.787789e-06
3080.0 3.752952e-06
3090.0 3.718552e-06
3100.0 3.684568e-06
3110.0 3.651003e-06
3120.0 3.617851e-06
3130.0 3.585114e-06
3140.0 3.55278e-06
3150.0 3.520843e-06
3160.0 3.489284e-06
3170.0 3.457935e-06
3180.0 3.426454e-06
3190.0 3.395372e-06
3200.0 3.364663e-06
3210.0 3.334329e-06
3220.0 3.304362e-06
3230.0 3.274762e-06
3240.0 3.245513e-06
3250.0 3.216628e-06
3260.0 3.188075e-06
3270.0 3.159873e-06
3280.0 3.132009e-06
3290.0 3.104462e-06
3300.0 3.077251e-06
3310.0 3.050354e-06
3320.0 3.023781e-06
3330.0 2.997517e-06
3340.0 2.971572e-06
3350.0 2.945908e-06
3360.0 2.920555e-06
3370.0 2.895488e-06
3380.0 2.870715e-06
3390.0 2.846238e-06
3400.0 2.822023e-06
3410.0 2.798102e-06
3420.0 2.774452e-06
3430.0 2.751073e-06
3440.0 2.727946e-06
3450.0 2.705086e-06
3460.0 2.682493e-06
3470.0 2.660145e-06
3480.0 2.638041e-06
3490.0 2.616202e-06
3500.0 2.594594e-06
3510.0 2.573225e-06
3520.0 2.552106e-06
3530.0 2.531215e-06
3540.0 2.510548e-06
3550.0 2.49012e-06
3560.0 2.46963e-06
3570.0 2.449245e-06
3580.0 2.429083e-06
3590.0 2.409144e-06
3600.0 2.38943e-06
3610.0 2.36993e-06
3620.0 2.350638e-06
3630.0 2.331567e-06
3640.0 2.312692e-06
3650.0 2.294029e-06
3660.0 2.275564e-06
3670.0 2.257305e-06
3680.0 2.239231e-06
3690.0 2.221356e-06
3700.0 2.203674e-06
3710.0 2.186189e-06
3720.0 2.168875e-06
3730.0 2.151751e-06
3740.0 2.134812e-06
3750.0 2.118055e-06
3760.0 2.101462e-06
3770.0 2.085052e-06
3780.0 2.068814e-06
3790.0 2.052739e-06
3800.0 2.036832e-06
3810.0 2.02109e-06
3820.0 2.005518e-06
3830.0 1.990106e-06
3840.0 1.974849e-06
3850.0 1.959746e-06
3860.0 1.944813e-06
3870.0 1.93001e-06
3880.0 1.915372e-06
3890.0 1.900879e-06
3900.0 1.886541e-06
3910.0 1.872336e-06
3920.0 1.858282e-06
3930.0 1.844372e-06
3940.0 1.830593e-06
3950.0 1.816955e-06
3960.0 1.803458e-06
3970.0 1.790088e-06
3980.0 1.776859e-06
3990.0 1.763656e-06
4000.0 1.750448e-06
