10.0 0.002686474
20.0 0.008854236
30.0 0.01461732
40.0 0.01741615
50.0 0.01779331
60.0 0.01523155
70.0 0.01314687
80.0 0.01170346
90.0 0.01057159
100.0 0.00961182
110.0 0.008519785
120.0 0.00768753
130.0 0.006961583
140.0 0.006317053
150.0 0.005758204
160.0 0.00526415
170.0 0.004823968
180.0 0.00443661
190.0 0.004085795
200.0 0.003774801
210.0 0.003493363
220.0 0.003238893
230.0 0.003012505
240.0 0.002801734
250.0 0.002613913
260.0 0.002442866
270.0 0.00228491
280.0 0.002142642
290.0 0.002012504
300.0 0.00189149
310.0 0.001781532
320.0 0.001681295
330.0 0.001587214
340.0 0.001500751
350.0 0.001421393
360.0 0.001348338
370.0 0.001279317
380.0 0.001215591
390.0 0.001156621
400.0 0.001101941
410.0 0.001050446
420.0 0.001002246
430.0 0.0009573496
440.0 0.0009154536
450.0 0.0008762957
460.0 0.0008390665
470.0 0.0008040749
480.0 0.0007712547
490.0 0.0007404226
500.0 0.0007114277
510.0 0.000683922
520.0 0.000657685
530.0 0.0006329387
540.0 0.0006095694
550.0 0.0005874782
560.0 0.0005665739
570.0 0.0005466633
580.0 0.000527503
590.0 0.0005093348
600.0 0.0004920873
610.0 0.0004757005
620.0 0.0004601168
630.0 0.0004452858
640.0 0.0004310435
650.0 0.0004173041
660.0 0.0004042078
670.0 0.0003917117
680.0 0.0003797823
690.0 0.0003683865
700.0 0.0003574927
710.0 0.0003470713
720.0 0.0003369489
730.0 0.000327203
740.0 0.0003178662
750.0 0.0003089187
760.0 0.0003003379
770.0 0.0002921056
780.0 0.0002842036
790.0 0.0002766117
800.0 0.0002693066
810.0 0.0002621473
820.0 0.0002552635
830.0 0.0002486432
840.0 0.0002422709
850.0 0.0002361366
860.0 0.0002302267
870.0 0.0002245323
880.0 0.0002190424
890.0 0.0002137469
900.0 0.0002086001
910.0 0.0002035716
920.0 0.0001987179
930.0 0.0001940308
940.0 0.0001895038
950.0 0.0001851296
960.0 0.0001809013
970.0 0.0001768126
980.0 0.0001728567
990.0 0.0001690298
1000.0 0.0001653241
1010.0 0.0001617007
1020.0 0.0001581576
1030.0 0.0001547254
1040.0 0.0001514002
1050.0 0.0001481782
1060.0 0.0001450543
1070.0 0.0001420245
1080.0 0.0001390866
1090.0 0.0001362358
1100.0 0.0001334692
1110.0 0.0001307833
1120.0 0.0001281749
1130.0 0.0001256269
1140.0 0.0001231181
1150.0 0.0001206811
1160.0 0.0001183131
1170.0 0.0001160115
1180.0 0.000113774
1190.0 0.0001115981
1200.0 0.0001094818
1210.0 0.000107423
1220.0 0.0001054192
1230.0 0.0001034695
1240.0 0.0001015712
1250.0 9.972251e-05
1260.0 9.792206e-05
1270.0 9.614852e-05
1280.0 9.440788e-05
1290.0 9.271235e-05
1300.0 9.105968e-05
1310.0 8.944947e-05
1320.0 8.787958e-05
1330.0 8.634891e-05
1340.0 8.485644e-05
1350.0 8.340061e-05
1360.0 8.19803e-05
1370.0 8.059423e-05
1380.0 7.924203e-05
1390.0 7.792156e-05
1400.0 7.663279e-05
1410.0 7.537437e-05
1420.0 7.413978e-05
1430.0 7.291781e-05
1440.0 7.172456e-05
1450.0 7.055872e-05
1460.0 6.94199e-05
1470.0 6.830715e-05
1480.0 6.721977e-05
1490.0 6.615675e-05
1500.0 6.511748e-05
1510.0 6.410154e-05
1520.0 6.310789e-05
1530.0 6.213625e-05
1540.0 6.118575e-05
1550.0 6.025593e-05
1560.0 5.934608e-05
1570.0 5.845579e-05
1580.0 5.75844e-05
1590.0 5.67312e-05
1600.0 5.588153e-05
1610.0 5.504993e-05
1620.0 5.423578e-05
1630.0 5.343855e-05
1640.0 5.2658e-05
1650.0 5.18933e-05
1660.0 5.114454e-05
1670.0 5.041087e-05
1680.0 4.969215e-05
1690.0 4.89878e-05
1700.0 4.829748e-05
1710.0 4.762096e-05
1720.0 4.695788e-05
1730.0 4.630774e-05
1740.0 4.567036e-05
1750.0 4.504536e-05
1760.0 4.443247e-05
1770.0 4.383134e-05
1780.0 4.324169e-05
1790.0 4.265631e-05
1800.0 4.207895e-05
1810.0 4.151253e-05
1820.0 4.095666e-05
1830.0 4.041143e-05
1840.0 3.987623e-05
1850.0 3.935114e-05
1860.0 3.883561e-05
1870.0 3.832973e-05
1880.0 3.783302e-05
1890.0 3.734531e-05
1900.0 3.686663e-05
1910.0 3.639635e-05
1920.0 3.593458e-05
1930.0 3.548107e-05
1940.0 3.50355e-05
1950.0 3.459789e-05
1960.0 3.416801e-05
1970.0 3.374563e-05
1980.0 3.333045e-05
1990.0 3.29226e-05
2000.0 3.252172e-05
2010.0 3.212047e-05
2020.0 3.17262e-05
2030.0 3.133856e-05
2040.0 3.095755e-05
2050.0 3.058296e-05
2060.0 3.02148e-05
2070.0 2.985274e-05
2080.0 2.949686e-05
2090.0 2.914685e-05
2100.0 2.880266e-05
2110.0 2.846412e-05
2120.0 2.813112e-05
2130.0 2.780368e-05
2140.0 2.748148e-05
2150.0 2.716454e-05
2160.0 2.68527e-05
2170.0 2.654593e-05
2180.0 2.624395e-05
2190.0 2.594689e-05
2200.0 2.565442e-05
2210.0 2.536666e-05
2220.0 2.508338e-05
2230.0 2.480451e-05
2240.0 2.453003e-05
2250.0 2.425655e-05
2260.0 2.398553e-05
2270.0 2.371872e-05
2280.0 2.345596e-05
2290.0 2.31974e-05
2300.0 2.294269e-05
2310.0 2.2692e-05
2320.0 2.244501e-05
2330.0 2.220179e-05
2340.0 2.196217e-05
2350.0 2.172625e-05
2360.0 2.149378e-05
2370.0 2.126483e-05
2380.0 2.103929e-05
2390.0 2.081707e-05
2400.0 2.059809e-05
2410.0 2.038232e-05
2420.0 2.01697e-05
2430.0 1.996019e-05
2440.0 1.975368e-05
2450.0 1.955012e-05
2460.0 1.934955e-05
2470.0 1.915182e-05
2480.0 1.895685e-05
2490.0 1.876465e-05
2500.0 1.857528e-05
2510.0 1.838845e-05
2520.0 1.820327e-05
2530.0 1.801843e-05
2540.0 1.783614e-05
2550.0 1.765643e-05
2560.0 1.747931e-05
2570.0 1.730455e-05
2580.0 1.713228e-05
2590.0 1.696238e-05
2600.0 1.67948e-05
2610.0 1.662946e-05
2620.0 1.646638e-05
2630.0 1.630556e-05
2640.0 1.614694e-05
2650.0 1.599043e-05
2660.0 1.583598e-05
2670.0 1.568364e-05
2680.0 1.553339e-05
2690.0 1.538503e-05
2700.0 1.523869e-05
2710.0 1.509425e-05
2720.0 1.495173e-05
2730.0 1.481108e-05
2740.0 1.467223e-05
2750.0 1.453521e-05
2760.0 1.439994e-05
2770.0 1.426643e-05
2780.0 1.413466e-05
2790.0 1.400456e-05
2800.0 1.38761e-05
2810.0 1.374927e-05
2820.0 1.36241e-05
2830.0 1.349887e-05
2840.0 1.337446e-05
2850.0 1.325157e-05
2860.0 1.313027e-05
2870.0 1.30105e-05
2880.0 1.289222e-05
2890.0 1.277545e-05
2900.0 1.266014e-05
2910.0 1.254623e-05
2920.0 1.243376e-05
2930.0 1.232267e-05
2940.0 1.221295e-05
2950.0 1.210461e-05
2960.0 1.199754e-05
2970.0 1.18918e-05
2980.0 1.178737e-05
2990.0 1.168417e-05
3000.0 1.15822e-05
3010.0 1.14815e-05
3020.0 1.138198e-05
3030.0 1.128368e-05
3040.0 1.118651e-05
3050.0 1.109053e-05
3060.0 1.099566e-05
3070.0 1.090191e-05
3080.0 1.080925e-05
3090.0 1.071773e-05
3100.0 1.062725e-05
3110.0 1.053779e-05
3120.0 1.044942e-05
3130.0 1.036204e-05
3140.0 1.027569e-05
3150.0 1.019032e-05
3160.0 1.010591e-05
3170.0 1.002203e-05
3180.0 9.93787e-06
3190.0 9.8547e-06
3200.0 9.772504e-06
3210.0 9.691242e-06
3220.0 9.610887e-06
3230.0 9.53148e-06
3240.0 9.45295e-06
3250.0 9.375285e-06
3260.0 9.298542e-06
3270.0 9.222626e-06
3280.0 9.14754e-06
3290.0 9.073344e-06
3300.0 8.999958e-06
3310.0 8.927353e-06
3320.0 8.855584e-06
3330.0 8.784607e-06
3340.0 8.714381e-06
3350.0 8.64496e-06
3360.0 8.576281e-06
3370.0 8.50834e-06
3380.0 8.441173e-06
3390.0 8.374717e-06
3400.0 8.308965e-06
3410.0 8.243913e-06
3420.0 8.179578e-06
3430.0 8.115931e-06
3440.0 8.052943e-06
3450.0 7.990665e-06
3460.0 7.929038e-06
3470.0 7.868053e-06
3480.0 7.807689e-06
3490.0 7.747995e-06
3500.0 7.688926e-06
3510.0 7.630448e-06
3520.0 7.572603e-06
3530.0 7.515362e-06
3540.0 7.458704e-06
3550.0 7.402624e-06
3560.0 7.346466e-06
3570.0 7.290607e-06
3580.0 7.235323e-06
3590.0 7.180623e-06
3600.0 7.126491e-06
3610.0 7.072901e-06
3620.0 7.019863e-06
3630.0 6.96738e-06
3640.0 6.915429e-06
3650.0 6.864001e-06
3660.0 6.813098e-06
3670.0 6.762712e-06
3680.0 6.712832e-06
3690.0 6.663463e-06
3700.0 6.614568e-06
3710.0 6.56618e-06
3720.0 6.518276e-06
3730.0 6.47083e-06
3740.0 6.42388e-06
3750.0 6.377386e-06
3760.0 6.331361e-06
3770.0 6.285784e-06
3780.0 6.240649e-06
3790.0 6.195959e-06
3800.0 6.151718e-06
3810.0 6.107896e-06
3820.0 6.064485e-06
3830.0 6.021502e-06
3840.0 5.978967e-06
3850.0 5.936817e-06
3860.0 5.895073e-06
3870.0 5.853727e-06
3880.0 5.812798e-06
3890.0 5.772246e-06
3900.0 5.732073e-06
3910.0 5.692281e-06
3920.0 5.652882e-06
3930.0 5.613844e-06
3940.0 5.575192e-06
3950.0 5.536888e-06
3960.0 5.498938e-06
3970.0 5.461355e-06
3980.0 5.424122e-06
3990.0 5.38698e-06
4000.0 5.349842e-06
