0.001 1.29602949979e-41 9.29837805377e-40
0.00105961316037 1.29611131384e-41 9.29928984836e-40
0.00112278004964 1.29615796524e-41 9.30017603596e-40
0.0011897125168 1.29595333706e-41 9.30108356525e-40
0.00126063503986 1.29600383035e-41 9.30199292182e-40
0.00133578547866 1.29607311641e-41 9.30287776686e-40
0.00141541587262 1.29614153642e-41 9.30378479275e-40
0.00149979328603 1.29591111236e-41 9.30469066322e-40
0.00158920070372 1.29598250668e-41 9.30557906636e-40
0.00168393798013 1.2960333986e-41 9.30648765075e-40
0.001784322845 1.29608660389e-41 9.30738844525e-40
0.00189069196892 1.29613004973e-41 9.30828120246e-40
0.00200340209248 1.29592556399e-41 9.30919183098e-40
0.00212283122271 1.29597194257e-41 9.31008163653e-40
0.00224937990083 1.29600699733e-41 9.31098218421e-40
0.0023834725456 1.29608561558e-41 9.31188927117e-40
0.0025255588767 1.29610051184e-41 9.31277786444e-40
0.00267611542305 1.29615914324e-41 9.31367822293e-40
0.00283564712094 1.29592393333e-41 9.31458426063e-40
0.00300468900752 1.29597470102e-41 9.31547041298e-40
0.0031838080152 1.29601095095e-41 9.31637788448e-40
0.003373604873 1.29606202925e-41 9.31726887137e-40
0.00357471612133 1.29608255056e-41 9.31816233173e-40
0.00378781624676 1.29614041713e-41 9.31907221939e-40
0.00401361994414 1.29589221202e-41 9.31995264425e-40
0.00425288451354 1.29592204228e-41 9.32085718034e-40
0.0045064124001 1.29597067752e-41 9.32174912421e-40
0.00477505388521 1.29598766906e-41 9.3226399837e-40
0.00505970993826 1.29601226486e-41 9.32354543997e-40
0.00536133523825 1.29605383669e-41 9.32442677147e-40
0.00568094137562 1.29607238818e-41 9.32532731382e-40
0.00601960024491 1.29608534709e-41 9.32621754098e-40
0.00637844763969 1.29612750098e-41 9.32711287847e-40
0.00675868706176 1.2958774621e-41 9.3280113434e-40
0.00716159375748 1.29589295044e-41 9.32888497947e-40
0.00758851899467 1.29592015264e-41 9.32977802533e-40
0.0080408945945 1.2959415352e-41 9.33065727615e-40
0.0085202377335 1.29594728534e-41 9.33154787426e-40
0.00902815603192 1.29596877871e-41 9.33242829004e-40
0.00956635294532 1.29596210579e-41 9.33331573774e-40
0.0101366334776 1.29599230296e-41 9.3341994809e-40
0.0107409102348 1.29599392655e-41 9.33507317815e-40
0.0113812098391 1.2959835277e-41 9.33596261904e-40
0.0120596797265 1.29599808463e-41 9.33683419001e-40
0.0127785953481 1.29601267063e-41 9.33771708807e-40
0.0135403678019 1.2959958241e-41 9.33858451525e-40
0.0143475519192 1.29599599729e-41 9.33946481166e-40
0.0152028548327 1.29599182114e-41 9.34032862164e-40
0.016109145056 1.29600483276e-41 9.34120140667e-40
0.0170694621037 1.29597615117e-41 9.34206670836e-40
0.0180870266855 1.2959711026e-41 9.34293475595e-40
0.019165251508 1.29596097493e-41 9.34379408941e-40
0.0203077527198 1.29596144939e-41 9.34465446872e-40
0.0215183620394 1.29592593388e-41 9.34551079744e-40
0.0228011396067 1.29591864218e-41 9.34636749574e-40
0.0241603875987 1.29588670296e-41 9.34721747335e-40
0.0256006646593 1.29589453163e-41 9.34806390605e-40
0.0271268011873 1.29586005711e-41 9.34890504753e-40
0.0287439155369 1.2958296242e-41 9.34974905408e-40
0.0304574311835 1.29580430057e-41 9.35058520796e-40
0.0322730949132 1.29577495008e-41 9.35141883687e-40
0.034196996096 1.29574012093e-41 9.35224244311e-40
0.0362355871085 1.29570591748e-41 9.35306774849e-40
0.038395704974 1.29568071883e-41 9.35388331208e-40
0.0406845942923 1.29586314821e-41 9.35469983048e-40
0.0431099315365 1.29583627979e-41 9.35550633974e-40
0.0456798507988 1.29578722236e-41 9.35631069385e-40
0.0484029710703 1.29573159234e-41 9.35710218145e-40
0.0512884251472 1.29568454522e-41 9.35789118695e-40
0.0543458902608 1.2956310744e-41 9.35867053869e-40
0.0575856205325 1.29557917881e-41 9.35944294221e-40
0.0610184813645 1.29576320371e-41 9.36020904442e-40
0.0646559858798 1.29569609397e-41 9.36096414837e-40
0.0685103335351 1.29562660189e-41 9.36171338194e-40
0.0725944510353 1.29555135413e-41 9.3624557112e-40
0.076922035687 1.29548376761e-41 9.36318601931e-40
0.0815076013367 1.29540708619e-41 9.36390137933e-40
0.0863665270467 1.29556630822e-41 9.36460685889e-40
0.0915151086744 1.29549430218e-41 9.3653011436e-40
0.0969706135243 1.29539661619e-41 9.36598023075e-40
0.10275133826 1.29531386196e-41 9.36664984408e-40
0.108876670266 1.295444511e-41 9.36730202939e-40
0.115367152671 1.29535193612e-41 9.36793868308e-40
0.122244553245 1.29525174982e-41 9.36856230856e-40
0.129531937403 1.29514521858e-41 9.36916614607e-40
0.13725374556 1.29524579326e-41 9.36975214763e-40
0.145435875106 1.29514290794e-41 9.37032177144e-40
0.154105767253 1.2950216208e-41 9.37086507229e-40
0.163292499071 1.29490567827e-41 9.37138890314e-40
0.173026881005 1.29498995649e-41 9.37188727073e-40
0.183341560212 1.29485521007e-41 9.37236219507e-40
0.194271130043 1.29472347545e-41 9.37281360403e-40
0.205852246074 1.29477748955e-41 9.37323628644e-40
0.218123749033 1.29463437492e-41 9.37362676845e-40
0.231126795065 1.29447762718e-41 9.3739848196e-40
0.244904993766 1.29451808789e-41 9.37431227624e-40
0.259504554435 1.29434012844e-41 9.37460613126e-40
0.274974441056 1.29436733843e-41 9.37485745896e-40
0.291366536509 1.2941915168e-41 9.37506883274e-40
0.308735816577 1.29399036036e-41 9.37524084592e-40
0.327140534324 1.29399775557e-41 9.37536994065e-40
0.346642415461 1.29378685335e-41 9.37544462939e-40
0.367306865366 1.29376247896e-41 9.37547194507e-40
0.389203188437 1.2935442855e-41 9.37544129535e-40
0.412404820527 1.29349794696e-41 9.37535413268e-40
0.436989575231 1.29325236646e-41 9.37520651499e-40
0.463039904861 1.2929881306e-41 9.37498954772e-40
0.490643176968 1.29291039842e-41 9.37470835472e-40
0.519891967362 1.29262924658e-41 9.37434438621e-40
0.550884370589 1.29252785107e-41 9.37390854175e-40
0.58372432892 1.29241092499e-41 9.37338174803e-40
0.618521980954 1.29209049572e-41 9.37276927593e-40
0.655394030998 1.29193168782e-41 9.37205573503e-40
0.694464140475 1.29157779154e-41 9.37124197719e-40
0.735863342655 1.29139683816e-41 9.37031875319e-40
0.779730482113 1.29101098472e-41 9.36927495939e-40
0.82621268039 1.29079643159e-41 9.36810524601e-40
0.875465829409 1.29054606702e-41 9.36680840226e-40
0.927655114298 1.29010054467e-41 9.36536386123e-40
0.982955567397 1.28982194955e-41 9.36376596352e-40
1.04155265528 1.28934328402e-41 9.3620058664e-40
1.10364290075 1.28900466635e-41 9.36007120284e-40
1.16943454199 1.28864117194e-41 9.3579456373e-40
1.23914823089 1.28825047952e-41 9.35561984577e-40
1.3130177731 1.28766069938e-41 9.35307758916e-40
1.39129091218 1.28722323272e-41 9.35030496932e-40
1.47423016045 1.28674410188e-41 9.34728241777e-40
1.56211367943 1.28605613611e-41 9.34399451696e-40
1.65523621272 1.2855091535e-41 9.34041761927e-40
1.75391007453 1.28492342259e-41 9.33653243698e-40
1.85846619708 1.28429524779e-41 9.33231414208e-40
1.96925524054 1.28362676325e-41 9.32773984901e-40
2.086648769 1.28275926326e-41 9.32277798659e-40
2.21104049671 1.28199180262e-41 9.31740062835e-40
2.34284760843 1.28119091693e-41 9.3115721285e-40
2.48251215864 1.28032283444e-41 9.30525919295e-40
2.63050255408 1.27940882695e-41 9.29842219809e-40
2.7873151247 1.27843550637e-41 9.29101517698e-40
2.95347578824 1.27740503766e-41 9.28299244158e-40
3.12954181406 1.27630301202e-41 9.27430344162e-40
3.31610369212 1.27513396798e-41 9.26489083644e-40
3.51378711333 1.27389094175e-41 9.2546932647e-40
3.72325506803 1.27258816438e-41 9.24364247328e-40
3.94521006951 1.27117834806e-41 9.23166447117e-40
4.18039651009 1.26970744821e-41 9.21867812738e-40
4.42960315766 1.26813818546e-41 9.20459095556e-40
4.69366580109 1.26648547893e-41 9.18930859437e-40
4.97347005323 1.26472744896e-41 9.17272071308e-40
5.26995432112 1.26286672429e-41 9.15470992601e-40
5.58411295322 1.260891921e-41 9.13514696985e-40
5.91699957424 1.25880734647e-41 9.11388595956e-40
6.26973061878 1.25660283548e-41 9.09077465723e-40
6.64348907566 1.25427045278e-41 9.06563834174e-40
7.03952845536 1.25187019015e-41 9.03829175969e-40
7.45917699411 1.24924729814e-41 9.00853092489e-40
7.90384210851 1.24648473154e-41 8.97613285079e-40
8.37501511569 1.24355763993e-41 8.94085671327e-40
8.8742762349 1.24050893837e-41 8.90243889596e-40
9.40329988729 1.23724138039e-41 8.86059759953e-40
9.9638603115 1.23378741452e-41 8.81502962352e-40
10.5578375142 1.23015418119e-41 8.76540949292e-40
11.1872235751 1.2262915641e-41 8.711391749e-40
11.8541293282 1.22221374435e-41 8.65261149369e-40
12.5607914409 1.21790921048e-41 8.58868450221e-40
13.3095799155 1.21337974385e-41 8.5192142001e-40
14.1030060375 1.2086160926e-41 8.44378741652e-40
14.9437307982 1.20361600573e-41 8.36198731885e-40
15.8345738188 1.19835932647e-41 8.27339153861e-40
16.7785228073 1.19284336379e-41 8.17758331975e-40
17.7787435782 1.18704769997e-41 8.07415498391e-40
18.8385906704 1.18096363234e-41 7.96271732786e-40
19.9616185972 1.17459328809e-41 7.84290194556e-40
21.1515937679 1.16790921484e-41 7.7143689209e-40
22.4125071194 1.16090420125e-41 7.5768110146e-40
23.7485875006 1.1535691125e-41 7.42995071872e-40
25.1643158559 1.14588913028e-41 7.27354134042e-40
26.6644402527 1.13785547824e-41 7.10735983211e-40
28.2539918058 1.12944607489e-41 6.93119848331e-40
29.9383015504 1.12066613803e-41 6.74485279322e-40
31.7230183221 1.11148693294e-41 6.54811010649e-40
33.6141277008 1.10190164774e-41 6.34073942568e-40
35.6179720862 1.09190199673e-41 6.12247985822e-40
37.7412719683 1.08147125332e-41 5.89303662371e-40
39.9911484669 1.07059903288e-41 5.6520798336e-40
42.3751472139 1.05927627388e-41 5.39924785244e-40
44.9012636606 1.04748342872e-41 5.13415425392e-40
47.5779698921 1.03522594087e-41 4.85639455899e-40
50.4142430415 1.02248135403e-41 4.56555457725e-40
53.419595397 1.00923916758e-41 4.26122033367e-40
56.6041063045 9.95501428615e-42 3.94298085921e-40
59.9784559714 9.81255706106e-42 3.61043357749e-40
63.5539612861 9.66492598658e-42 3.26319055559e-40
67.3426137726 9.51215835799e-42 2.9008802679e-40
71.3571198073 9.35424741331e-42 2.52315008469e-40
75.6109432341 9.19107077213e-42 2.1296739293e-40
80.1183505191 9.02268547577e-42 1.7201562983e-40
84.8944585974 8.84909242914e-42 1.29433511169e-40
89.9552855725 8.67045285342e-42 8.51984770545e-41
95.3178044377 8.48670388415e-42 3.92923551733e-41
101.0 8.29801827316e-42 0.0
