10.0 0.002600731
20.0 0.00866751
30.0 0.01485002
40.0 0.01818143
50.0 0.01803092
60.0 0.01537645
70.0 0.0132451
80.0 0.01174742
90.0 0.01057133
100.0 0.00958006
110.0 0.008587101
120.0 0.007724274
130.0 0.006982294
140.0 0.006330251
150.0 0.005767117
160.0 0.005271322
170.0 0.004830629
180.0 0.004443264
190.0 0.004092399
200.0 0.003781338
210.0 0.003499421
220.0 0.003244267
230.0 0.003017255
240.0 0.0028056
250.0 0.002617047
260.0 0.002445307
270.0 0.002286639
280.0 0.002143768
290.0 0.002013038
300.0 0.001891328
310.0 0.00178079
320.0 0.001680058
330.0 0.001585297
340.0 0.001498231
350.0 0.001418348
360.0 0.001344846
370.0 0.001275279
380.0 0.001211083
390.0 0.001151713
400.0 0.001096697
410.0 0.001044826
420.0 0.0009962755
430.0 0.0009510751
440.0 0.000908922
450.0 0.0008695481
460.0 0.0008320618
470.0 0.0007968423
480.0 0.0007638245
490.0 0.0007328329
500.0 0.0007036988
510.0 0.0006760563
520.0 0.0006496783
530.0 0.0006248133
540.0 0.0006013463
550.0 0.000579177
560.0 0.0005582107
570.0 0.0005382561
580.0 0.0005190593
590.0 0.0005008673
600.0 0.0004836089
610.0 0.0004672204
620.0 0.000451644
630.0 0.0004368305
640.0 0.000422611
650.0 0.0004089039
660.0 0.0003958442
670.0 0.0003833917
680.0 0.000371511
690.0 0.0003601667
700.0 0.0003493269
710.0 0.0003389646
720.0 0.0003289083
730.0 0.0003192289
740.0 0.0003099625
750.0 0.0003010867
760.0 0.0002925797
770.0 0.0002844196
780.0 0.0002765919
790.0 0.0002690757
800.0 0.0002618475
810.0 0.0002547729
820.0 0.0002479732
830.0 0.0002414358
840.0 0.0002351481
850.0 0.0002290962
860.0 0.0002232697
870.0 0.0002176566
880.0 0.0002122481
890.0 0.0002070333
900.0 0.0002019668
910.0 0.0001970185
920.0 0.0001922445
930.0 0.0001876368
940.0 0.0001831871
950.0 0.0001788902
960.0 0.0001747372
970.0 0.0001707233
980.0 0.0001668423
990.0 0.0001630877
1000.0 0.0001594546
1010.0 0.000155901
1020.0 0.0001524251
1030.0 0.0001490595
1040.0 0.0001458008
1050.0 0.0001426433
1060.0 0.0001395842
1070.0 0.0001366188
1080.0 0.0001337429
1090.0 0.0001309539
1100.0 0.0001282481
1110.0 0.0001256226
1120.0 0.0001230738
1130.0 0.0001205837
1140.0 0.0001181306
1150.0 0.0001157485
1160.0 0.0001134345
1170.0 0.0001111868
1180.0 0.0001090023
1190.0 0.0001068787
1200.0 0.0001048138
1210.0 0.0001028063
1220.0 0.0001008529
1230.0 9.895293e-05
1240.0 9.710361e-05
1250.0 9.530347e-05
1260.0 9.355077e-05
1270.0 9.18233e-05
1280.0 9.012782e-05
1290.0 8.847662e-05
1300.0 8.686823e-05
1310.0 8.530114e-05
1320.0 8.377423e-05
1330.0 8.228607e-05
1340.0 8.083529e-05
1350.0 7.942064e-05
1360.0 7.804136e-05
1370.0 7.669588e-05
1380.0 7.538313e-05
1390.0 7.41023e-05
1400.0 7.2852e-05
1410.0 7.163189e-05
1420.0 7.043441e-05
1430.0 6.924532e-05
1440.0 6.808513e-05
1450.0 6.695202e-05
1460.0 6.584517e-05
1470.0 6.476457e-05
1480.0 6.370848e-05
1490.0 6.267706e-05
1500.0 6.166902e-05
1510.0 6.068384e-05
1520.0 5.972071e-05
1530.0 5.877922e-05
1540.0 5.785856e-05
1550.0 5.695823e-05
1560.0 5.607786e-05
1570.0 5.521636e-05
1580.0 5.437366e-05
1590.0 5.354901e-05
1600.0 5.272495e-05
1610.0 5.191855e-05
1620.0 5.112963e-05
1630.0 5.03573e-05
1640.0 4.96016e-05
1650.0 4.886149e-05
1660.0 4.813698e-05
1670.0 4.74275e-05
1680.0 4.673272e-05
1690.0 4.605236e-05
1700.0 4.53856e-05
1710.0 4.473234e-05
1720.0 4.40926e-05
1730.0 4.346532e-05
1740.0 4.285089e-05
1750.0 4.224832e-05
1760.0 4.165772e-05
1770.0 4.107885e-05
1780.0 4.051116e-05
1790.0 3.994691e-05
1800.0 3.939009e-05
1810.0 3.884424e-05
1820.0 3.830873e-05
1830.0 3.778353e-05
1840.0 3.726834e-05
1850.0 3.676303e-05
1860.0 3.626728e-05
1870.0 3.578082e-05
1880.0 3.530356e-05
1890.0 3.483494e-05
1900.0 3.437517e-05
1910.0 3.392389e-05
1920.0 3.348073e-05
1930.0 3.30458e-05
1940.0 3.261864e-05
1950.0 3.219933e-05
1960.0 3.178742e-05
1970.0 3.138284e-05
1980.0 3.098552e-05
1990.0 3.059507e-05
2000.0 3.02116e-05
2010.0 2.982758e-05
2020.0 2.944996e-05
2030.0 2.907912e-05
2040.0 2.87147e-05
2050.0 2.835659e-05
2060.0 2.800461e-05
2070.0 2.765878e-05
2080.0 2.731887e-05
2090.0 2.698482e-05
2100.0 2.66564e-05
2110.0 2.633351e-05
2120.0 2.601603e-05
2130.0 2.570386e-05
2140.0 2.539686e-05
2150.0 2.509502e-05
2160.0 2.479813e-05
2170.0 2.450608e-05
2180.0 2.421885e-05
2190.0 2.393628e-05
2200.0 2.365831e-05
2210.0 2.338487e-05
2220.0 2.311566e-05
2230.0 2.285085e-05
2240.0 2.25903e-05
2250.0 2.233061e-05
2260.0 2.207328e-05
2270.0 2.182006e-05
2280.0 2.157075e-05
2290.0 2.13255e-05
2300.0 2.108401e-05
2310.0 2.084631e-05
2320.0 2.061233e-05
2330.0 2.038196e-05
2340.0 2.015518e-05
2350.0 1.993187e-05
2360.0 1.971198e-05
2370.0 1.949539e-05
2380.0 1.928221e-05
2390.0 1.907218e-05
2400.0 1.886524e-05
2410.0 1.866145e-05
2420.0 1.846071e-05
2430.0 1.826304e-05
2440.0 1.806819e-05
2450.0 1.787626e-05
2460.0 1.76871e-05
2470.0 1.750073e-05
2480.0 1.731704e-05
2490.0 1.713601e-05
2500.0 1.695764e-05
2510.0 1.678187e-05
2520.0 1.660757e-05
2530.0 1.643353e-05
2540.0 1.626193e-05
2550.0 1.609288e-05
2560.0 1.592619e-05
2570.0 1.576187e-05
2580.0 1.55999e-05
2590.0 1.544022e-05
2600.0 1.528277e-05
2610.0 1.512751e-05
2620.0 1.497448e-05
2630.0 1.482355e-05
2640.0 1.46747e-05
2650.0 1.45279e-05
2660.0 1.438315e-05
2670.0 1.424035e-05
2680.0 1.409954e-05
2690.0 1.396061e-05
2700.0 1.382354e-05
2710.0 1.368837e-05
2720.0 1.355499e-05
2730.0 1.342342e-05
2740.0 1.329361e-05
2750.0 1.316547e-05
2760.0 1.303906e-05
2770.0 1.291435e-05
2780.0 1.279126e-05
2790.0 1.266977e-05
2800.0 1.254986e-05
2810.0 1.243156e-05
2820.0 1.231475e-05
2830.0 1.219809e-05
2840.0 1.20822e-05
2850.0 1.196781e-05
2860.0 1.185494e-05
2870.0 1.174353e-05
2880.0 1.163354e-05
2890.0 1.152499e-05
2900.0 1.141777e-05
2910.0 1.131195e-05
2920.0 1.120745e-05
2930.0 1.11043e-05
2940.0 1.100246e-05
2950.0 1.090189e-05
2960.0 1.080253e-05
2970.0 1.070446e-05
2980.0 1.060757e-05
2990.0 1.051189e-05
3000.0 1.041739e-05
3010.0 1.032407e-05
3020.0 1.023189e-05
3030.0 1.014084e-05
3040.0 1.005089e-05
3050.0 9.962041e-06
3060.0 9.874241e-06
3070.0 9.787548e-06
3080.0 9.701886e-06
3090.0 9.617233e-06
3100.0 9.533561e-06
3110.0 9.450913e-06
3120.0 9.369286e-06
3130.0 9.288569e-06
3140.0 9.208814e-06
3150.0 9.130035e-06
3160.0 9.052158e-06
3170.0 8.974821e-06
3180.0 8.897452e-06
3190.0 8.821027e-06
3200.0 8.745475e-06
3210.0 8.670786e-06
3220.0 8.596994e-06
3230.0 8.524065e-06
3240.0 8.451952e-06
3250.0 8.380685e-06
3260.0 8.31023e-06
3270.0 8.240571e-06
3280.0 8.171744e-06
3290.0 8.103696e-06
3300.0 8.036393e-06
3310.0 7.969845e-06
3320.0 7.904076e-06
3330.0 7.839035e-06
3340.0 7.774712e-06
3350.0 7.711151e-06
3360.0 7.648276e-06
3370.0 7.586084e-06
3380.0 7.524606e-06
3390.0 7.463779e-06
3400.0 7.403637e-06
3410.0 7.344155e-06
3420.0 7.285334e-06
3430.0 7.227157e-06
3440.0 7.169595e-06
3450.0 7.112671e-06
3460.0 7.056345e-06
3470.0 7.000657e-06
3480.0 6.945538e-06
3490.0 6.891028e-06
3500.0 6.837101e-06
3510.0 6.78375e-06
3520.0 6.730962e-06
3530.0 6.678723e-06
3540.0 6.627047e-06
3550.0 6.575933e-06
3560.0 6.524818e-06
3570.0 6.474002e-06
3580.0 6.423726e-06
3590.0 6.37399e-06
3600.0 6.324768e-06
3610.0 6.276071e-06
3620.0 6.227878e-06
3630.0 6.180201e-06
3640.0 6.132997e-06
3650.0 6.086276e-06
3660.0 6.040078e-06
3670.0 5.994335e-06
3680.0 5.949054e-06
3690.0 5.904255e-06
3700.0 5.859906e-06
3710.0 5.815999e-06
3720.0 5.772539e-06
3730.0 5.729533e-06
3740.0 5.686971e-06
3750.0 5.644817e-06
3760.0 5.603086e-06
3770.0 5.561779e-06
3780.0 5.520911e-06
3790.0 5.480409e-06
3800.0 5.440356e-06
3810.0 5.40066e-06
3820.0 5.361378e-06
3830.0 5.322488e-06
3840.0 5.283966e-06
3850.0 5.24584e-06
3860.0 5.208055e-06
3870.0 5.170663e-06
3880.0 5.133649e-06
3890.0 5.096965e-06
3900.0 5.060658e-06
3910.0 5.024714e-06
3920.0 4.989093e-06
3930.0 4.953831e-06
3940.0 4.918898e-06
3950.0 4.884294e-06
3960.0 4.850018e-06
3970.0 4.816092e-06
3980.0 4.782473e-06
3990.0 4.748979e-06
4000.0 4.715506e-06
