0.001 6.31107227506e-42 4.40736965029e-40
0.00105961316037 6.31156312418e-42 4.40779214678e-40
0.00112278004964 6.31178883568e-42 4.40820231674e-40
0.0011897125168 6.3106552095e-42 4.40862273332e-40
0.00126063503986 6.31093335207e-42 4.40904402529e-40
0.00133578547866 6.31132940285e-42 4.4094534985e-40
0.00141541587262 6.31171127228e-42 4.40987371243e-40
0.00149979328603 6.31042985509e-42 4.41029329508e-40
0.00158920070372 6.31081594099e-42 4.41070450704e-40
0.00168393798013 6.31109726053e-42 4.41112543781e-40
0.001784322845 6.31141366552e-42 4.41154262527e-40
0.00189069196892 6.31162494349e-42 4.41195598165e-40
0.00200340209248 6.31050074291e-42 4.41237783405e-40
0.00212283122271 6.31073696202e-42 4.41278962779e-40
0.00224937990083 6.31097340367e-42 4.4132067049e-40
0.0023834725456 6.31141509229e-42 4.41362684734e-40
0.0025255588767 6.31148666624e-42 4.41403812144e-40
0.00267611542305 6.3118183013e-42 4.41445496023e-40
0.00283564712094 6.31050091668e-42 4.41487472693e-40
0.00300468900752 6.3107348211e-42 4.41528481072e-40
0.0031838080152 6.31099336359e-42 4.41570513508e-40
0.003373604873 6.31126324874e-42 4.41611752612e-40
0.00357471612133 6.31139957112e-42 4.41653110685e-40
0.00378781624676 6.31169605811e-42 4.41695259723e-40
0.00401361994414 6.31031359197e-42 4.41735993192e-40
0.00425288451354 6.31047894631e-42 4.41777878786e-40
0.0045064124001 6.31073459469e-42 4.41819165588e-40
0.00477505388521 6.31086284853e-42 4.41860396201e-40
0.00505970993826 6.31096282977e-42 4.41902328239e-40
0.00536133523825 6.31122307311e-42 4.41943102485e-40
0.00568094137562 6.31134384228e-42 4.41984801737e-40
0.00601960024491 6.31135732657e-42 4.42026027048e-40
0.00637844763969 6.31166788209e-42 4.42067546955e-40
0.00675868706176 6.31020772154e-42 4.42109144144e-40
0.00716159375748 6.31029980105e-42 4.42149469287e-40
0.00758851899467 6.31050629838e-42 4.42190767514e-40
0.0080408945945 6.31055204407e-42 4.42231426969e-40
0.0085202377335 6.31063067845e-42 4.42272632191e-40
0.00902815603192 6.31075535444e-42 4.42313348775e-40
0.00956635294532 6.31064796469e-42 4.42354406301e-40
0.0101366334776 6.31089419624e-42 4.42395279192e-40
0.0107409102348 6.31092491205e-42 4.42435675431e-40
0.0113812098391 6.31077314053e-42 4.42476817097e-40
0.0120596797265 6.31092546707e-42 4.42517114016e-40
0.0127785953481 6.31102635737e-42 4.42557939331e-40
0.0135403678019 6.31086459672e-42 4.42598033063e-40
0.0143475519192 6.31090635961e-42 4.42638730666e-40
0.0152028548327 6.31089453095e-42 4.42678639327e-40
0.016109145056 6.31094120265e-42 4.42718979816e-40
0.0170694621037 6.31080370078e-42 4.42758961039e-40
0.0180870266855 6.31077890406e-42 4.42799072237e-40
0.019165251508 6.31070408699e-42 4.42838760227e-40
0.0203077527198 6.3106962056e-42 4.42878489944e-40
0.0215183620394 6.31052881074e-42 4.42918036214e-40
0.0228011396067 6.31044939149e-42 4.42957593177e-40
0.0241603875987 6.31030133928e-42 4.42996825753e-40
0.0256006646593 6.31033544983e-42 4.43035883749e-40
0.0271268011873 6.3101549021e-42 4.43074658466e-40
0.0287439155369 6.30997704159e-42 4.43113602085e-40
0.0304574311835 6.30983365335e-42 4.43152162684e-40
0.0322730949132 6.30965345975e-42 4.43190592158e-40
0.034196996096 6.30947551951e-42 4.43228536647e-40
0.0362355871085 6.30930228647e-42 4.43266560046e-40
0.038395704974 6.30913832555e-42 4.43304117402e-40
0.0406845942923 6.31017157962e-42 4.43341712335e-40
0.0431099315365 6.31002643181e-42 4.43378822687e-40
0.0456798507988 6.30976813614e-42 4.43415826338e-40
0.0484029710703 6.30946192119e-42 4.4345220397e-40
0.0512884251472 6.30918108225e-42 4.43488456543e-40
0.0543458902608 6.3088418912e-42 4.43524244083e-40
0.0575856205325 6.30858895746e-42 4.43559691982e-40
0.0610184813645 6.30967288531e-42 4.43594828347e-40
0.0646559858798 6.3092937701e-42 4.43629429558e-40
0.0685103335351 6.30885663439e-42 4.43663737217e-40
0.0725944510353 6.30839627331e-42 4.43697780207e-40
0.076922035687 6.30805870301e-42 4.43731184325e-40
0.0815076013367 6.30764914466e-42 4.4376383027e-40
0.0863665270467 6.30856267471e-42 4.43796010729e-40
0.0915151086744 6.30815479167e-42 4.43827647529e-40
0.0969706135243 6.3076004935e-42 4.4385854939e-40
0.10275133826 6.30710282767e-42 4.43888986873e-40
0.108876670266 6.3078666152e-42 4.43918574058e-40
0.115367152671 6.30737484148e-42 4.43947410253e-40
0.122244553245 6.30682699659e-42 4.4397560941e-40
0.129531937403 6.30622205693e-42 4.4400283886e-40
0.13725374556 6.30680545095e-42 4.44029207042e-40
0.145435875106 6.30620526119e-42 4.4405477638e-40
0.154105767253 6.30554410701e-42 4.44079064599e-40
0.163292499071 6.30488611135e-42 4.44102418813e-40
0.173026881005 6.30538085337e-42 4.44124504947e-40
0.183341560212 6.30463459288e-42 4.44145462574e-40
0.194271130043 6.30389358623e-42 4.44165274907e-40
0.205852246074 6.30422908029e-42 4.44183688359e-40
0.218123749033 6.30341892614e-42 4.44200533102e-40
0.231126795065 6.30254102299e-42 4.44215798861e-40
0.244904993766 6.30279006765e-42 4.44229573991e-40
0.259504554435 6.30180402431e-42 4.44241712815e-40
0.274974441056 6.30198252699e-42 4.44251782431e-40
0.291366536509 6.3009981109e-42 4.44259898104e-40
0.308735816577 6.29988811319e-42 4.44266094613e-40
0.327140534324 6.29996120809e-42 4.44270257078e-40
0.346642415461 6.29878731416e-42 4.44271723704e-40
0.367306865366 6.29867642067e-42 4.44270884718e-40
0.389203188437 6.29745964103e-42 4.44267226866e-40
0.412404820527 6.297236626e-42 4.44260817398e-40
0.436989575231 6.29586425253e-42 4.44251463411e-40
0.463039904861 6.29439337183e-42 4.44238741365e-40
0.490643176968 6.29398576904e-42 4.44222886097e-40
0.519891967362 6.29242305418e-42 4.44202996969e-40
0.550884370589 6.29189626347e-42 4.44179628692e-40
0.58372432892 6.2912706696e-42 4.44151824131e-40
0.618521980954 6.28948645919e-42 4.44119847923e-40
0.655394030998 6.28863749208e-42 4.44082952949e-40
0.694464140475 6.28668740364e-42 4.44041185755e-40
0.735863342655 6.28570760557e-42 4.4399408869e-40
0.779730482113 6.28358860411e-42 4.4394112661e-40
0.82621268039 6.28243330449e-42 4.43882017948e-40
0.875465829409 6.28107285723e-42 4.43816759673e-40
0.927655114298 6.27860044923e-42 4.43744302412e-40
0.982955567397 6.27707977452e-42 4.43664385836e-40
1.04155265528 6.27445431431e-42 4.43576578797e-40
1.10364290075 6.27262668715e-42 4.43480277772e-40
1.16943454199 6.27064411388e-42 4.43374698226e-40
1.23914823089 6.26849417073e-42 4.43259372151e-40
1.3130177731 6.26522908768e-42 4.43133529747e-40
1.39129091218 6.26286571547e-42 4.42996481386e-40
1.47423016045 6.26025883019e-42 4.4284728339e-40
1.56211367943 6.25647016721e-42 4.42685189565e-40
1.65523621272 6.25347561511e-42 4.4250902612e-40
1.75391007453 6.25025403057e-42 4.42317905133e-40
1.85846619708 6.24684042226e-42 4.42110584737e-40
1.96925524054 6.24320629914e-42 4.4188596866e-40
2.086648769 6.23841668134e-42 4.41642519008e-40
2.21104049671 6.23420296763e-42 4.41378889039e-40
2.34284760843 6.22985337511e-42 4.41093344239e-40
2.48251215864 6.22511385639e-42 4.40784268341e-40
2.63050255408 6.22009986661e-42 4.40449746095e-40
2.7873151247 6.21477819859e-42 4.40087537718e-40
2.95347578824 6.20914512192e-42 4.39695446214e-40
3.12954181406 6.20311480501e-42 4.39271015819e-40
3.31610369212 6.19672588015e-42 4.38811468594e-40
3.51378711333 6.18990861814e-42 4.38313841093e-40
3.72325506803 6.18280561638e-42 4.37774821813e-40
3.94521006951 6.17507543592e-42 4.37190835724e-40
4.18039651009 6.16704517992e-42 4.36557960425e-40
4.42960315766 6.15845200347e-42 4.35871721648e-40
4.69366580109 6.14938346032e-42 4.35127565707e-40
4.97347005323 6.13979845315e-42 4.34320157507e-40
5.26995432112 6.12959713499e-42 4.33443833339e-40
5.58411295322 6.11880337749e-42 4.32492366955e-40
5.91699957424 6.10739705153e-42 4.31458692347e-40
6.26973061878 6.09534700128e-42 4.30335495818e-40
6.64348907566 6.0825724212e-42 4.29114355774e-40
7.03952845536 6.06946937679e-42 4.27786343429e-40
7.45917699411 6.05510271145e-42 4.26341652004e-40
7.90384210851 6.04001335329e-42 4.24769560212e-40
8.37501511569 6.02400315117e-42 4.23058501037e-40
8.8742762349 6.00734228714e-42 4.21195820145e-40
9.40329988729 5.98946790824e-42 4.19168005042e-40
9.9638603115 5.97058060942e-42 4.16960545369e-40
10.5578375142 5.95072343907e-42 4.1455786944e-40
11.1872235751 5.92961602206e-42 4.11943471652e-40
11.8541293282 5.90730773234e-42 4.09099965023e-40
12.5607914409 5.88379972912e-42 4.06009054256e-40
13.3095799155 5.85905374647e-42 4.0265189139e-40
14.1030060375 5.83301213705e-42 3.99008898529e-40
14.9437307982 5.80574372242e-42 3.95060356588e-40
15.8345738188 5.77708475715e-42 3.90786330167e-40
16.7785228073 5.74701085912e-42 3.86167251841e-40
17.7787435782 5.71543484431e-42 3.81184059445e-40
18.8385906704 5.68234931083e-42 3.75818641814e-40
19.9616185972 5.64773279309e-42 3.70053961412e-40
21.1515937679 5.61145636481e-42 3.63874444717e-40
22.4125071194 5.57347892537e-42 3.57266179689e-40
23.7485875006 5.53377513149e-42 3.50216760295e-40
25.1643158559 5.49228061962e-42 3.42715330663e-40
26.6644402527 5.44893445986e-42 3.347522678e-40
28.2539918058 5.40364146052e-42 3.26318783346e-40
29.9383015504 5.35644347065e-42 3.17406320493e-40
31.7230183221 5.30720207659e-42 3.08006020044e-40
33.6141277008 5.25589971836e-42 2.98108249051e-40
35.6179720862 5.20250362088e-42 2.87702043449e-40
37.7412719683 5.14694759784e-42 2.7677493615e-40
39.9911484669 5.08918506783e-42 2.65312908924e-40
42.3751472139 5.02918982903e-42 2.53300573172e-40
44.9012636606 4.96689365321e-42 2.40721481736e-40
47.5779698921 4.90233694541e-42 2.27558462841e-40
50.4142430415 4.83543796382e-42 2.13794021249e-40
53.419595397 4.76613945332e-42 1.99410848949e-40
56.6041063045 4.69450479506e-42 1.84391922441e-40
59.9784559714 4.62047825884e-42 1.68720742335e-40
63.5539612861 4.54401688471e-42 1.52381716069e-40
67.3426137726 4.46516233655e-42 1.35360218098e-40
71.3571198073 4.38397954749e-42 1.176425807e-40
75.6109432341 4.30038285433e-42 9.92165412372e-41
80.1183505191 4.21443966042e-42 8.00714903429e-41
84.8944585974 4.12617660065e-42 6.01984867476e-41
89.9552855725 4.03571713594e-42 3.95903625061e-41
95.3178044377 3.94303655098e-42 1.82420987185e-41
101.0 3.84826205863e-42 0.0
