0.001 3.43769050544e-40 2.76615593933e-39
0.00102336061835 3.43768741541e-40 2.76615691037e-39
0.0010472669552 3.43765652524e-40 2.76615033086e-39
0.00107173175885 3.43759976121e-40 2.76614682164e-39
0.00109676807545 3.43760214731e-40 2.76614538038e-39
0.00112238925588 3.43753396308e-40 2.76614344726e-39
0.00114860896294 3.43754130098e-40 2.76614277776e-39
0.00117544117856 3.43749143295e-40 2.76614115996e-39
0.00120290021133 3.43747248048e-40 2.76613909236e-39
0.00123100070408 3.43742545057e-40 2.76613900999e-39
0.00125975764173 3.43738957142e-40 2.76613729042e-39
0.00128918635921 3.4373557752e-40 2.76613497849e-39
0.00131930254974 3.43731837182e-40 2.76613435956e-39
0.0013501222731 3.43729385675e-40 2.76613356514e-39
0.00138166196425 3.43722083433e-40 2.76613055553e-39
0.00141393844209 3.43722183186e-40 2.76612890715e-39
0.00144696891841 3.43717987911e-40 2.76612808385e-39
0.00148077100709 3.4371298525e-40 2.76612567374e-39
0.00151536273346 3.43708878468e-40 2.7661236924e-39
0.00155076254394 3.43704661691e-40 2.76612116504e-39
0.00158698931589 3.43700306758e-40 2.76612008156e-39
0.00162406236763 3.43694534077e-40 2.76611804946e-39
0.00166200146878 3.4369241694e-40 2.76611433013e-39
0.0017008268508 3.43685266518e-40 2.76611313367e-39
0.00174055921775 3.43683070033e-40 2.76611163156e-39
0.00178121975736 3.43676031165e-40 2.76610746662e-39
0.00182283015231 3.43672192952e-40 2.76610521222e-39
0.00186541259183 3.43668417314e-40 2.76610328413e-39
0.00190898978346 3.43661773231e-40 2.76609935803e-39
0.00195358496523 3.43657229367e-40 2.76609672667e-39
0.00199922191803 3.43651438758e-40 2.76609363556e-39
0.00204592497826 3.436461989e-40 2.76609073934e-39
0.00209371905086 3.43640418183e-40 2.76608710285e-39
0.00214262962255 3.43634770021e-40 2.76608354469e-39
0.00219268277543 3.43625506874e-40 2.76608041941e-39
0.00224390520092 3.43622108111e-40 2.76607692106e-39
0.00229632421395 3.43615775756e-40 2.76607178368e-39
0.00234996776752 3.43610457438e-40 2.76606895636e-39
0.00240486446769 3.43603968593e-40 2.76606497753e-39
0.00246104358871 3.43597041272e-40 2.7660596028e-39
0.00251853508874 3.43588364986e-40 2.76605645859e-39
0.00257736962576 3.43582523617e-40 2.76605158091e-39
0.00263757857395 3.43576716201e-40 2.76604665471e-39
0.00269919404039 3.43568390014e-40 2.76604160929e-39
0.00276224888223 3.43561631525e-40 2.7660370215e-39
0.00282677672417 3.43556251383e-40 2.7660321912e-39
0.0028928119764 3.43543819301e-40 2.76602622593e-39
0.00296038985295 3.43539013001e-40 2.7660211381e-39
0.00302954639048 3.43530651952e-40 2.76601625094e-39
0.0031003184675 3.43521414002e-40 2.76600916877e-39
0.003172743824 3.43512413145e-40 2.76600363934e-39
0.0032468610816 3.43505728406e-40 2.7659980756e-39
0.00332270976418 3.43494227776e-40 2.76599049263e-39
0.00340033031888 3.43486471857e-40 2.76598465124e-39
0.00347976413774 3.43476348902e-40 2.76597754964e-39
0.00356105357973 3.43468263874e-40 2.76597135093e-39
0.00364424199334 3.43457205402e-40 2.76596333245e-39
0.00372937373974 3.43448769515e-40 2.76595634371e-39
0.00381649421638 3.43436832788e-40 2.76594908494e-39
0.00390564988122 3.43428339939e-40 2.76594017261e-39
0.00399688827752 3.43415503549e-40 2.7659330772e-39
0.00409025805917 3.43406317929e-40 2.76592441839e-39
0.00418580901667 3.43393220109e-40 2.76591561777e-39
0.00428359210361 3.43385350881e-40 2.76590759405e-39
0.00438365946393 3.43371091533e-40 2.76589822365e-39
0.00448606445966 3.43359475005e-40 2.76588854689e-39
0.00459086169941 3.43348002597e-40 2.76587926153e-39
0.00469810706749 3.4333512838e-40 2.76586979186e-39
0.00480785775368 3.43323165001e-40 2.7658594569e-39
0.00492017228377 3.43309829891e-40 2.76584877096e-39
0.00503511055073 3.43296587216e-40 2.76583975838e-39
0.00515273384668 3.43282379635e-40 2.76582692653e-39
0.00527310489555 3.43270653997e-40 2.76581630063e-39
0.00539628788656 3.43253461738e-40 2.76580480309e-39
0.00552234850841 3.43239797799e-40 2.76579280779e-39
0.00565135398433 3.43225152386e-40 2.7657807709e-39
0.00578337310794 3.43211686409e-40 2.76576837868e-39
0.00591847627992 3.43193340073e-40 2.76575508394e-39
0.00605673554553 3.4317733502e-40 2.76574157295e-39
0.00619822463309 3.43161002072e-40 2.76572891493e-39
0.00634301899322 3.4314579709e-40 2.7657146319e-39
0.00649119583913 3.43127436521e-40 2.76569984198e-39
0.00664283418779 3.43109554701e-40 2.76568698468e-39
0.00679801490205 3.43092605346e-40 2.7656700765e-39
0.00695682073374 3.4307364472e-40 2.76565567465e-39
0.00711933636786 3.43056648759e-40 2.76563952243e-39
0.00728564846769 3.43036599701e-40 2.76562314588e-39
0.007455845721 3.43017475278e-40 2.76560632884e-39
0.0076300188874 3.42996855395e-40 2.76559003058e-39
0.00780826084667 3.42976035963e-40 2.76557157442e-39
0.00799066664832 3.42957570491e-40 2.76555379564e-39
0.00817733356229 3.42936440807e-40 2.7655358733e-39
0.00836836113079 3.42914406646e-40 2.76551600847e-39
0.00856385122142 3.42890781723e-40 2.76549739611e-39
0.00876390808145 3.42867513917e-40 2.76547709793e-39
0.00896863839343 3.42847237256e-40 2.76545669446e-39
0.0091781513321 3.42821554154e-40 2.7654354862e-39
0.00939255862257 3.42798273698e-40 2.76541478264e-39
0.00961197459992 3.42773026312e-40 2.76539238759e-39
0.00983651627018 3.42746817879e-40 2.76536697971e-39
0.0100663033727 3.42722153547e-40 2.76534512992e-39
0.010301458444 3.42694877415e-40 2.7653218971e-39
0.0105421068832 3.42666927378e-40 2.76529806825e-39
0.0107883770188 3.42641604894e-40 2.76527256804e-39
0.011040400177 3.42610654684e-40 2.76524770221e-39
0.011298310752 3.42583391947e-40 2.76522128444e-39
0.0115622462775 3.42553658165e-40 2.76519434075e-39
0.0118323475001 3.42522086961e-40 2.76516643411e-39
0.0121087584543 3.42492536365e-40 2.76513901677e-39
0.0123916265393 3.424609837e-40 2.76510869564e-39
0.0126811025977 3.4242797081e-40 2.76508014942e-39
0.0129773409958 3.42395510926e-40 2.7650489812e-39
0.0132804997061 3.4235963902e-40 2.76501838824e-39
0.0135907403912 3.42326371034e-40 2.76498602044e-39
0.0139082284907 3.4229281436e-40 2.7649532946e-39
0.0142331333084 3.42254969646e-40 2.76491975798e-39
0.0145656281036 3.42220444494e-40 2.76488569233e-39
0.0149058901829 3.4218199654e-40 2.76485001494e-39
0.0152541009946 3.42142109997e-40 2.76481406262e-39
0.0156104462263 3.42101559789e-40 2.76477720097e-39
0.015975115903 3.42062522729e-40 2.76473953812e-39
0.0163483044887 3.42019796085e-40 2.76470056082e-39
0.0167302109906 3.41979631169e-40 2.76466114399e-39
0.0171210390646 3.41936402736e-40 2.76461976426e-39
0.017520997124 3.41892365692e-40 2.76458064548e-39
0.017930298451 3.41845953134e-40 2.7645350863e-39
0.0183491613101 3.41801697508e-40 2.76449200476e-39
0.0187778090646 3.41753977755e-40 2.76444706087e-39
0.0192164702957 3.41707342878e-40 2.76440119115e-39
0.0196653789244 3.41658590747e-40 2.76435421559e-39
0.0201247743362 3.41608780961e-40 2.76430630072e-39
0.0205949015089 3.41557319034e-40 2.76425630853e-39
0.0210760111431 3.41505087825e-40 2.76420670759e-39
0.0215683597959 3.41450895998e-40 2.76415396993e-39
0.0220722100176 3.41396347295e-40 2.76410166321e-39
0.0225878304921 3.41341161118e-40 2.764046484e-39
0.0231154961797 3.41284231327e-40 2.76399186419e-39
0.023655488464 3.41225828272e-40 2.76393479045e-39
0.024208095302 3.41167047899e-40 2.76387607056e-39
0.0247736113774 3.41105639754e-40 2.76381678429e-39
0.0253523382581 3.41043617851e-40 2.76375560361e-39
0.0259445845565 3.40980255794e-40 2.76369292764e-39
0.0265506660947 3.40916372084e-40 2.76362854509e-39
0.0271709060724 3.40849936359e-40 2.76356364477e-39
0.0278056352395 3.40781194975e-40 2.76349596601e-39
0.0284551920724 3.40711978205e-40 2.76342739829e-39
0.0291199229546 3.40642946405e-40 2.76335691453e-39
0.0298001823613 3.40570587761e-40 2.76328486388e-39
0.0304963330483 3.40495555069e-40 2.76321072403e-39
0.0312087462458 3.40420757741e-40 2.76313569478e-39
0.0319378018562 3.40345741413e-40 2.76305777822e-39
0.0326838886565 3.40265740058e-40 2.76297870683e-39
0.0334474045057 3.40186187506e-40 2.76289772626e-39
0.0342287565573 3.40104091162e-40 2.76281399363e-39
0.035028361476 3.40020471345e-40 2.76273000818e-39
0.03584664566 3.39934704828e-40 2.76264253601e-39
0.0366840454685 3.39848743481e-40 2.76255347718e-39
0.0375410074544 3.39757067821e-40 2.76246209606e-39
0.0384179886022 3.39666461551e-40 2.76236885668e-39
0.0393154565719 3.39574434588e-40 2.76227361217e-39
0.0402338899483 3.39479680548e-40 2.76217552872e-39
0.0411737784963 3.39383127392e-40 2.76207598262e-39
0.042135623422 3.39283806939e-40 2.76197310432e-39
0.0431199376398 3.3918290476e-40 2.76186851374e-39
0.0441272460465 3.39079877781e-40 2.76176220088e-39
0.0451580858004 3.3897436572e-40 2.76165945514e-39
0.0462130066084 3.38866878521e-40 2.76152979864e-39
0.0472925710188 3.38757066075e-40 2.76142001907e-39
0.0483973547214 3.3864459122e-40 2.76130361273e-39
0.0495279468544 3.3853093531e-40 2.76118316605e-39
0.0506849503187 3.38413613375e-40 2.76105949051e-39
0.0518689820994 3.38294312906e-40 2.76093372838e-39
0.0530806735947 3.38172044495e-40 2.76080421583e-39
0.0543206709525 3.38047199609e-40 2.76067144823e-39
0.0555896354154 3.37920536835e-40 2.76053660653e-39
0.0568882436728 3.37790625566e-40 2.76039763846e-39
0.0582171882221 3.37658234295e-40 2.76025581944e-39
0.0595771777378 3.37523570836e-40 2.76011028144e-39
0.0609689374496 3.37385326504e-40 2.75996150058e-39
0.0623932095288 3.37243625022e-40 2.75981023165e-39
0.0638507534845 3.3710094707e-40 2.75965404763e-39
0.0653423465683 3.36952273687e-40 2.75949454452e-39
0.0668687841889 3.36804565914e-40 2.75933166576e-39
0.0684308803361 3.36651072502e-40 2.75916496594e-39
0.0700294680153 3.36495005778e-40 2.75899381137e-39
0.0716653996912 3.36335528402e-40 2.75881904669e-39
0.0733395477426 3.36173772515e-40 2.75863991602e-39
0.0750528049277 3.36007417541e-40 2.75845768471e-39
0.07680608486 3.35838095686e-40 2.75827030882e-39
0.0786003224957 3.35664127732e-40 2.75807840824e-39
0.0804364746321 3.35487791091e-40 2.75788242992e-39
0.0823155204178 3.35308225278e-40 2.75768161946e-39
0.0842384618749 3.35125191411e-40 2.75747647242e-39
0.0862063244335 3.3493797631e-40 2.75726666082e-39
0.0882201574783 3.34746870464e-40 2.7570514681e-39
0.0902810349083 3.34552718382e-40 2.75683134151e-39
0.0923900557095 3.34353388816e-40 2.75660659523e-39
0.0945483445406 3.34150692787e-40 2.75637663099e-39
0.0967570523335 3.33944013296e-40 2.75614090614e-39
0.0990173569062 3.3373330775e-40 2.75589916674e-39
0.101330463591 3.33516897194e-40 2.7556531801e-39
0.103697605879 3.33298096082e-40 2.75540066252e-39
0.106120046074 3.33075036587e-40 2.75514262789e-39
0.10859907597 3.32844749727e-40 2.75487893418e-39
0.111136017538 3.32612805664e-40 2.75460848251e-39
0.113732223629 3.32375894272e-40 2.75433176003e-39
0.1163890787 3.32132778333e-40 2.75404923004e-39
0.119107999548 3.31886687573e-40 2.75375957476e-39
0.121890436068 3.31634941292e-40 2.75346353247e-39
0.124737872026 3.31379393275e-40 2.75316088307e-39
0.127651825849 3.3111734409e-40 2.75285155266e-39
0.130633851435 3.30849854696e-40 2.75253439172e-39
0.133685538982 3.30578990312e-40 2.75221004019e-39
0.136808515838 3.30301263874e-40 2.75187742059e-39
0.140004447364 3.30018950703e-40 2.75153906734e-39
0.143275037827 3.29731331582e-40 2.75119179389e-39
0.146622031305 3.294377507e-40 2.75083674419e-39
0.150047212621 3.29138144755e-40 2.75047385658e-39
0.15355240829 3.28833923574e-40 2.75010240643e-39
0.157139487497 3.2852217521e-40 2.7497223716e-39
0.160810363093 3.28205448244e-40 2.74933380195e-39
0.164566992613 3.27882684831e-40 2.74893622414e-39
0.168411379321 3.2755330842e-40 2.74852945206e-39
0.17234557328 3.27218286988e-40 2.74811342656e-39
0.176371672442 3.26877385236e-40 2.74768784982e-39
0.180491823771 3.26529410869e-40 2.74725291563e-39
0.184708224382 3.26175082246e-40 2.74680702762e-39
0.189023122719 3.25814411047e-40 2.74635251675e-39
0.193438819749 3.25447146036e-40 2.74588671874e-39
0.197957670192 3.250734889e-40 2.74541035377e-39
0.202582083776 3.24691401726e-40 2.74492342603e-39
0.20731452652 3.24303572543e-40 2.74442511823e-39
0.212157522053 3.23907697344e-40 2.74391579944e-39
0.217113652957 3.23505819821e-40 2.74339456198e-39
0.222185562143 3.23096328551e-40 2.7428618985e-39
0.227375954264 3.2267869272e-40 2.74231724391e-39
0.232687597155 3.22253955773e-40 2.74175977824e-39
0.238123323308 3.21820976058e-40 2.74118973906e-39
0.243686031385 3.21379536437e-40 2.74060678507e-39
0.249378687762 3.20931077062e-40 2.74001068991e-39
0.255204328113 3.20475233155e-40 2.73940148471e-39
0.261166059024 3.20010346489e-40 2.73877802002e-39
0.267267059656 3.19536775613e-40 2.73814073458e-39
0.273510583436 3.19054067059e-40 2.73748911711e-39
0.279899959791 3.18565775995e-40 2.73682242602e-39
0.286438595929 3.18065880555e-40 2.73614090049e-39
0.293129978651 3.17557873879e-40 2.73544427854e-39
0.29997767621 3.17041140268e-40 2.73473167461e-39
0.306985340219 3.16515721521e-40 2.73400244036e-39
0.314156707592 3.15979679752e-40 2.73326495599e-39
0.321495602542 3.15433954515e-40 2.73249814002e-39
0.329005938616 3.1488004979e-40 2.73171913718e-39
0.336691720784 3.14317226904e-40 2.73092337417e-39
0.344557047576 3.13743782027e-40 2.73010933927e-39
0.352606113266 3.1316010186e-40 2.72927719728e-39
0.360843210107 3.12567119444e-40 2.72842676231e-39
0.369272730624 3.11964177323e-40 2.72755698387e-39
0.377899169953 3.11351488121e-40 2.72666766799e-39
0.386727128239 3.10728352402e-40 2.72575884264e-39
0.395761313089 3.10094869538e-40 2.72482966952e-39
0.405006542084 3.09451118538e-40 2.72388004398e-39
0.414467745344 3.08796873208e-40 2.72290885859e-39
0.424149968163 3.08132856699e-40 2.7219165805e-39
0.434058373695 3.07456236908e-40 2.72090219337e-39
0.444198245706 3.06769637311e-40 2.71986500988e-39
0.454574991398 3.06072072523e-40 2.71880481473e-39
0.465194144285 3.05363599887e-40 2.71772140566e-39
0.476061367151 3.04643305409e-40 2.71661380231e-39
0.487182455062 3.03911415478e-40 2.7154824785e-39
0.498563338463 3.03169333092e-40 2.71432505986e-39
0.510210086339 3.02414784993e-40 2.71314244934e-39
0.522128909446 3.01648959769e-40 2.71193368576e-39
0.534326163632 3.0087103321e-40 2.71069851356e-39
0.546808353217 3.0008089047e-40 2.70943595231e-39
0.55958213447 2.99278948674e-40 2.70814589255e-39
0.572654319151 2.98464314623e-40 2.70682687866e-39
0.586031878149 2.9763788456e-40 2.70547926564e-39
0.599721945198 2.96798136601e-40 2.70410250436e-39
0.613731820679 2.95947140602e-40 2.70269487581e-39
0.628068975514 2.95082120232e-40 2.70125657426e-39
0.642741055151 2.9420602747e-40 2.69978665513e-39
0.657755883641 2.93315934278e-40 2.69828497396e-39
0.673121467809 2.92413896777e-40 2.6967503715e-39
0.688846001525 2.91498142367e-40 2.69518199232e-39
0.704937870071 2.90569162855e-40 2.69357942902e-39
0.721405654618 2.89626934659e-40 2.69194242831e-39
0.738258136794 2.88671166061e-40 2.69026946517e-39
0.755504303375 2.87703075452e-40 2.68856005833e-39
0.773153351071 2.86720693601e-40 2.6868137755e-39
0.791214691435 2.85725298794e-40 2.68502939667e-39
0.809697955878 2.84715880329e-40 2.68320627858e-39
0.828613000807 2.83692430698e-40 2.68134383161e-39
0.847969912882 2.82656482865e-40 2.6794412742e-39
0.867779014393 2.81606194367e-40 2.67749723479e-39
0.888050868764 2.80541842644e-40 2.67551153763e-39
0.908796286189 2.79463599754e-40 2.67348280921e-39
0.930026329393 2.78371915949e-40 2.67141043402e-39
0.951752319533 2.77265778568e-40 2.66929386612e-39
0.973985842237 2.76146945085e-40 2.66713153941e-39
0.996738753781 2.75013762447e-40 2.66491891911e-39
1.02002318741 2.73865592653e-40 2.66266536926e-39
1.0438515598 2.72704332599e-40 2.66036062364e-39
1.06823657771 2.71528895169e-40 2.65800640716e-39
1.09319124471 2.70339443509e-40 2.65560179613e-39
1.11872886817 2.6913536818e-40 2.65314549589e-39
1.1448630663 2.67915914091e-40 2.65063664673e-39
1.17160777546 2.66682784357e-40 2.64807447639e-39
1.19897725756 2.65434074739e-40 2.64545739342e-39
1.22698610769 2.6417067531e-40 2.64278449995e-39
1.25564926188 2.62892175111e-40 2.64005454264e-39
1.28498200507 2.61598790682e-40 2.63726682354e-39
1.31499997929 2.60289968547e-40 2.63441968974e-39
1.34571919194 2.58966334142e-40 2.63151223936e-39
1.37715602439 2.57628763579e-40 2.62854294891e-39
1.40932724069 2.56276274712e-40 2.62551085448e-39
1.4422499965 2.54909197158e-40 2.6224147399e-39
1.47594184824 2.53527144247e-40 2.61925308288e-39
1.51042076247 2.52130882184e-40 2.61602571737e-39
1.54570512546 2.50720669961e-40 2.61272844923e-39
1.58181375298 2.49296671332e-40 2.60936244791e-39
1.61876590037 2.47857564509e-40 2.60592521855e-39
1.65658127278 2.46405622463e-40 2.60241560896e-39
1.69528003566 2.44938504219e-40 2.59883223232e-39
1.73488282558 2.4345823474e-40 2.59517323587e-39
1.77541076116 2.41963181738e-40 2.591437777e-39
1.81688545437 2.40453612576e-40 2.58762379272e-39
1.85932902206 2.38929436328e-40 2.58372979786e-39
1.90276409774 2.37391383789e-40 2.57975426403e-39
1.94721384365 2.35838842818e-40 2.57569596519e-39
1.9927019631 2.34272597885e-40 2.57155250495e-39
2.03925271316 2.32692996566e-40 2.56732268146e-39
2.08689091752 2.31099567723e-40 2.56300453445e-39
2.13564197979 2.29493224254e-40 2.55859788208e-39
2.18553189702 2.27874256242e-40 2.55409634495e-39
2.23658727357 2.26242512782e-40 2.54950217181e-39
2.28883533528 2.24598018564e-40 2.54481266564e-39
2.34230394403 2.22940492505e-40 2.54002577621e-39
2.39702161253 2.21269697109e-40 2.5351393532e-39
2.45301751961 2.19586956277e-40 2.53015176942e-39
2.5103215257 2.17891200359e-40 2.52506081637e-39
2.56896418881 2.16182572937e-40 2.5198644218e-39
2.62897678079 2.14462613902e-40 2.51456037414e-39
2.69039130403 2.12731257628e-40 2.50914656615e-39
2.75324050851 2.10988809199e-40 2.50362091845e-39
2.81755790927 2.09235650606e-40 2.49798111122e-39
2.88337780428 2.0747265079e-40 2.49222512707e-39
2.95073529273 2.05700207253e-40 2.48635026704e-39
3.01966629377 2.03918204582e-40 2.48035448259e-39
3.09020756562 2.02126816874e-40 2.47423523706e-39
3.16239672519 2.00325921875e-40 2.46798992861e-39
3.23627226818 1.98516614938e-40 2.46161587788e-39
3.31187358952 1.96697902768e-40 2.45511102051e-39
3.38924100449 1.94870931317e-40 2.44847248361e-39
3.4684157701 1.93035182425e-40 2.44169776589e-39
3.5494401072 1.91191393108e-40 2.43478408407e-39
3.63235722292 1.89339752164e-40 2.42772860646e-39
3.71721133373 1.87480067495e-40 2.42052850732e-39
3.80404768904 1.85612672092e-40 2.41318123307e-39
3.89291259531 1.83738335854e-40 2.40568373479e-39
3.98385344073 1.81856661142e-40 2.39803321206e-39
4.07691872054 1.79968324719e-40 2.39022674035e-39
4.17215806283 1.78073539863e-40 2.38226107875e-39
4.26962225505 1.76172856114e-40 2.37413334967e-39
4.36936327107 1.74265829985e-40 2.36584044095e-39
4.4714342989 1.7235351136e-40 2.3573791236e-39
4.57588976905 1.7043571405e-40 2.34874648011e-39
4.68278538358 1.68512850754e-40 2.33993907267e-39
4.79217814576 1.66585546423e-40 2.33095371819e-39
4.90412639051 1.64654240849e-40 2.32178714056e-39
5.01868981548 1.62719188033e-40 2.31243591232e-39
5.1359295129 1.6078051224e-40 2.30289677107e-39
5.25590800214 1.58838949607e-40 2.29316642947e-39
5.37868926309 1.56894655303e-40 2.28324117431e-39
5.50433877021 1.54948766586e-40 2.27311765093e-39
5.63292352751 1.53001006007e-40 2.26279238698e-39
5.76451210426 1.51051662364e-40 2.25226205327e-39
5.89917467153 1.49102007457e-40 2.24152288184e-39
6.03698303963 1.47151986464e-40 2.23057121285e-39
6.17801069644 1.45202575274e-40 2.21940358214e-39
6.3223328465 1.43254035605e-40 2.20801663494e-39
6.47002645124 1.41306734971e-40 2.19640631007e-39
6.62117026991 1.39361603906e-40 2.18456954737e-39
6.77584490165 1.37419146533e-40 2.17250180014e-39
6.93413282842 1.35479906286e-40 2.16020023853e-39
7.09611845905 1.33544231855e-40 2.14766076196e-39
7.26188817416 1.31611633245e-40 2.13488031025e-39
7.43153037233 1.29682853659e-40 2.12185498222e-39
7.60513551715 1.27757102216e-40 2.10858124044e-39
7.7827961855 1.25835019368e-40 2.0950565669e-39
7.96460711692 1.23915840646e-40 2.0812769197e-39
8.15066526412 1.22000167528e-40 2.06723965588e-39
8.34106984469 1.20088847299e-40 2.05294226766e-39
8.535922394 1.18182066749e-40 2.03838119717e-39
8.73532681935 1.16280511054e-40 2.02355446622e-39
8.93938945538 1.14385317232e-40 2.0084593321e-39
9.14821912076 1.1249696161e-40 1.99309299287e-39
9.36192717627 1.10616282175e-40 1.97745392546e-39
9.58062758409 1.0874388739e-40 1.96153903755e-39
9.80443696868 1.06880650481e-40 1.94534740001e-39
10.0334746789 1.05027463495e-40 1.92887615489e-39
10.2678628516 1.03185094562e-40 1.9121246005e-39
10.507726477 1.01354353653e-40 1.89509058633e-39
10.753193465 9.95361466984e-41 1.87777334082e-39
11.0043947136 9.77310524508e-41 1.86017128109e-39
11.2614641788 9.59389794667e-41 1.84228412763e-39
11.5245389456 9.41605046686e-41 1.82411107056e-39
11.7937593016 9.2395502994e-41 1.80565254566e-39
12.0692688116 9.0644066921e-41 1.7869081986e-39
12.3512143941 8.8906573957e-41 1.76788001112e-39
12.6397463998 8.71828784218e-41 1.74856773554e-39
12.9350186915 8.54735661747e-41 1.72897460528e-39
13.2371887266 8.37785492024e-41 1.70910178805e-39
13.5464176405 8.20981260473e-41 1.68895239311e-39
13.8628703331 8.04324513798e-41 1.66853026709e-39
14.1867155562 7.87817280728e-41 1.64783824942e-39
14.518126004 7.71461511446e-41 1.62688173315e-39
14.8572784048 7.55258582647e-41 1.60566567611e-39
15.2043536155 7.39211725398e-41 1.58419523755e-39
15.5595367176 7.23322212964e-41 1.56247725824e-39
15.9230171166 7.07593231705e-41 1.54051903481e-39
16.2949886425 6.9202675104e-41 1.51832748313e-39
16.6756496533 6.76623621667e-41 1.49591115982e-39
17.0652031407 6.61387152389e-41 1.47327928466e-39
17.4638568384 6.4631937817e-41 1.45044157802e-39
17.871823333 6.31422648059e-41 1.42740792576e-39
18.2893201771 6.16701089044e-41 1.40418921853e-39
18.7165700058 6.021552925e-41 1.38079695114e-39
19.1538006546 5.87788571092e-41 1.35724327637e-39
19.6012452817 5.73602842454e-41 1.33354069442e-39
20.059142492 5.59601641636e-41 1.30970231682e-39
20.5277364643 5.45786447843e-41 1.28574162715e-39
21.0072770815 5.32161802996e-41 1.26167245748e-39
21.4980200641 5.18730049424e-41 1.23750901452e-39
22.0002271061 5.05492921638e-41 1.21326571158e-39
22.5141660153 4.92453405249e-41 1.18895732338e-39
23.0401108551 4.79613117299e-41 1.16459866918e-39
23.5783420917 4.66973299314e-41 1.1402047417e-39
24.1291467427 4.54535533032e-41 1.11579063137e-39
24.692818531 4.42301660436e-41 1.09137126706e-39
25.2696580408 4.30270184113e-41 1.06696154892e-39
25.8599728782 4.18437777808e-41 1.04257653381e-39
26.4640778353 4.06798157121e-41 1.01823132255e-39
27.0822950577 3.95346074712e-41 9.93941210062e-40
27.7149542167 3.84073222612e-41 9.69721783621e-40
28.3623926848 3.72973839916e-41 9.45588740969e-40
29.024955716 3.62048894322e-41 9.21557504438e-40
29.7029966292 3.51300542687e-41 8.97643170222e-40
30.3968769974 3.40731274039e-41 8.73861035062e-40
31.1069668401 3.30344023764e-41 8.50224459115e-40
31.8336448207 3.20141990379e-41 8.26747188634e-40
32.5772984481 3.10126479091e-41 8.03441901661e-40
33.3383242842 3.00300807975e-41 7.80320501074e-40
34.1171281544 2.90667965335e-41 7.57395102417e-40
34.9141253645 2.8123082338e-41 7.3467548493e-40
35.7297409224 2.71992542383e-41 7.1217164324e-40
36.5644097639 2.62955564694e-41 6.8989254942e-40
37.4185769858 2.5412288589e-41 6.67846365123e-40
38.2926980821 2.45495580396e-41 6.46040419264e-40
39.1872391878 2.37072811045e-41 6.2448153185e-40
40.1026773268 2.28852874001e-41 6.03175986066e-40
41.0395006668 2.20833108269e-41 5.82129715488e-40
41.9982087794 2.13011393944e-41 5.61348325625e-40
42.9793129062 2.05385381434e-41 5.4083712653e-40
43.9833362322 1.97951390096e-41 5.20601184334e-40
45.0108141638 1.90707939589e-41 5.00645347418e-40
46.0622946153 1.83653465819e-41 4.80974110828e-40
47.1383383004 1.76786255209e-41 4.61591665645e-40
48.2395190313 1.70105094677e-41 4.42501848907e-40
49.366424025 1.63606569674e-41 4.23708269222e-40
50.5196542161 1.57288348453e-41 4.05214336005e-40
51.6998245777 1.51148811185e-41 3.87023191978e-40
52.9075644486 1.45186448953e-41 3.6913760903e-40
54.1435178698 1.39400072027e-41 3.51560008544e-40
55.4083439271 1.33787675791e-41 3.34292431229e-40
56.7027171032 1.28347661999e-41 3.17336537294e-40
58.0273276371 1.23077551479e-41 3.00693664496e-40
59.3828818922 1.17974283682e-41 2.84364870536e-40
60.7701027328 1.13034550352e-41 2.68351003361e-40
62.1897299101 1.08253473941e-41 2.52652824181e-40
63.6425204561 1.03626802956e-41 2.37271086315e-40
65.1292490876 9.91495656497e-42 2.22206558763e-40
66.6507086193 9.48161637818e-42 2.07460153132e-40
68.2077103864 9.06210401469e-42 1.93032995856e-40
69.8010846775 8.65626003685e-42 1.78926147396e-40
71.4316811774 8.26395900843e-42 1.65140266986e-40
73.1003694198 7.88509431078e-42 1.51675544284e-40
74.8080392514 7.51953309567e-42 1.38531680365e-40
76.5556013062 7.16711166501e-42 1.2570791355e-40
78.3439874912 6.82765413585e-42 1.13203035155e-40
80.1741514833 6.50093722226e-42 1.01015425798e-40
82.047069238 6.18664303252e-42 8.91431729847e-41
83.9637395096 5.88446653188e-42 7.75841479739e-41
85.9251843839 5.59405309679e-42 6.63360511367e-41
87.9324498233 5.31503338011e-42 5.5396478914e-41
89.9866062246 5.04699707653e-42 4.47630070595e-41
92.0887489896 4.78957867709e-42 3.44332072619e-41
94.2399991095 4.54251446128e-42 2.44045173142e-41
96.4415037624 4.30555677679e-42 1.46741253469e-41
98.6944369253 4.07842310875e-42 5.23899494491e-42
101.0 3.86080907703e-42 0.0
