0.0993 0.0023808
0.1069 0.0023826
0.115 0.0028654
0.1237 0.0031434
0.1331 0.0037803
0.1433 0.0045463
0.1541 0.0049875
0.1659 0.0059981
0.1785 0.0065802
0.192 0.0079135
0.2066 0.0086814
0.2223 0.0104
0.2392 0.0115
0.2574 0.0138
0.2769 0.0151
0.298 0.0182
0.3206 0.0199
0.345 0.024
0.3712 0.0288
0.3994 0.0316
0.4298 0.038
0.4624 0.0417
0.4976 0.0502
0.5354 0.0551
0.576 0.0662
0.6198 0.0726
0.6669 0.0796
0.7176 0.0958
0.7721 0.1051
0.8308 0.1264
0.8939 0.1387
0.9619 0.1668
1.0349 0.183
1.1136 0.2008
1.1982 0.2414
1.2893 0.2649
1.3872 0.2906
1.4926 0.3188
1.6059 0.3497
1.7281 0.4205
1.8594 0.4614
2.0006 0.5062
2.1527 0.5553
2.3162 0.6092
2.4922 0.6683
2.6815 0.733
2.8853 0.8043
3.1045 0.8049
3.3403 0.883
3.5941 0.9687
3.8672 0.9694
4.161 1.0635
4.4769 1.0642
4.8172 1.1675
5.1831 1.1684
5.5768 1.1692
6.0005 1.1701
6.4563 1.1709
6.9466 1.1718
7.4744 1.1726
8.042 1.0705
8.6529 1.0712
9.3102 1.072
10.0172 0.9786
10.7779 0.8934
11.5964 0.8155
12.4771 0.7445
13.4245 0.6796
14.2342 0.6202
15.0923 0.5165
16.2384 0.4715
17.4716 0.4304
18.7981 0.3584
20.2254 0.2985
21.761 0.2485
23.4127 0.1888
25.1903 0.1572
27.1024 0.1194
29.1596 0.0907
31.373 0.0689
33.7544 0.0523
36.3159 0.0363
39.0712 0.0229
42.0369 0.0174
45.2262 0.011
48.6574 0.0069588
52.3498 0.004822
56.3216 0.003048
59.7138 0.0019264
63.3104 0.0012175
67.1235 0.00076946
71.1663 0.0004863
75.4527 0.00030735
78.8343 0.00019422
82.3675 0.00012273
