0.1009 0.103
0.1085 0.1239
0.1168 0.1358
0.1238 0.1633
0.1332 0.179
0.1434 0.2152
0.1543 0.2361
0.166 0.2589
0.1786 0.3112
0.1922 0.3413
0.2068 0.4102
0.2225 0.4499
0.2394 0.5409
0.2576 0.5932
0.2771 0.713
0.2982 0.782
0.3208 0.8576
0.3452 0.9405
0.3715 1.1306
0.3997 1.2399
0.4301 1.3597
0.4627 1.6346
0.4979 1.7926
0.5356 1.9658
0.5764 2.1558
0.6202 2.5917
0.6674 2.842
0.7181 3.1168
0.7726 3.418
0.8313 3.7483
0.8944 4.5062
0.9625 4.9417
1.0356 5.4192
1.1143 5.4212
1.1989 5.9451
1.29 5.9473
1.388 6.522
1.4935 7.1524
1.6069 7.155
1.729 7.1576
1.8603 7.1602
2.0016 7.1628
2.1537 7.855
2.3173 7.8578
2.4933 7.8608
2.6827 7.8636
2.8864 7.8665
3.1057 7.1785
3.3416 6.5507
3.5954 5.9778
3.8683 5.455
4.1622 5.457
4.4783 4.9797
4.8184 4.5442
5.1844 4.1468
5.5779 3.4519
6.0015 2.8734
6.4572 2.6221
6.9475 2.1827
7.4751 1.9918
8.0427 1.6581
8.6533 1.3801
9.1748 1.048
9.7279 0.8723
10.4663 0.6623
11.2607 0.503
11.9394 0.3819
12.6589 0.29
13.6198 0.2202
14.4405 0.1672
15.3109 0.1269
16.4727 0.0879
17.2114 0.0609
18.2486 0.0462
19.3484 0.0351
20.5141 0.0243
21.4338 0.0168
22.3948 0.0117
23.7441 0.0080796
24.8087 0.0055958
25.9214 0.0042485
27.0836 0.0029424
28.7149 0.0018591
29.5657 0.0011745
30.8913 0.00081341
32.2764 0.00056335
33.2333 0.00039014
34.7233 0.0002702
36.2795 0.00017071
37.9062 0.00011823
