0.001 1.22514297087e-40 3.45667785037e-40
0.00105961316037 1.22508200527e-40 3.45660553568e-40
0.00112278004964 1.22501564949e-40 3.45653167299e-40
0.0011897125168 1.22493625747e-40 3.45646738386e-40
0.00126063503986 1.22483649063e-40 3.45640113843e-40
0.00133578547866 1.22475878717e-40 3.45632252592e-40
0.00141541587262 1.22469312799e-40 3.45625283427e-40
0.00149979328603 1.22459038271e-40 3.45617210267e-40
0.00158920070372 1.22448925243e-40 3.45609745064e-40
0.00168393798013 1.2244033812e-40 3.45602236828e-40
0.001784322845 1.22428246905e-40 3.45594318205e-40
0.00189069196892 1.22418148461e-40 3.45585604491e-40
0.00200340209248 1.22406708155e-40 3.45576496199e-40
0.00212283122271 1.223921925e-40 3.45568205534e-40
0.00224937990083 1.22379810072e-40 3.45559456271e-40
0.0023834725456 1.22363232148e-40 3.45550146408e-40
0.0025255588767 1.22350828724e-40 3.45540206314e-40
0.00267611542305 1.22333730552e-40 3.45530197166e-40
0.00283564712094 1.22315700914e-40 3.45520110129e-40
0.00300468900752 1.22297843251e-40 3.45508950549e-40
0.0031838080152 1.22280076895e-40 3.4549818591e-40
0.003373604873 1.22259762855e-40 3.45486318675e-40
0.00357471612133 1.22238943257e-40 3.45474170173e-40
0.00378781624676 1.22216588476e-40 3.45462530313e-40
0.00401361994414 1.22193459955e-40 3.45448689217e-40
0.00425288451354 1.2216971849e-40 3.45435636386e-40
0.0045064124001 1.22143791002e-40 3.45421440626e-40
0.00477505388521 1.2211403688e-40 3.45406784356e-40
0.00505970993826 1.22086581114e-40 3.45392117452e-40
0.00536133523825 1.22054347526e-40 3.45375424931e-40
0.00568094137562 1.2202276952e-40 3.45359284506e-40
0.00601960024491 1.21985511406e-40 3.45341093634e-40
0.00637844763969 1.21948080954e-40 3.45325820811e-40
0.00675868706176 1.21911487159e-40 3.45309074041e-40
0.00716159375748 1.21870425851e-40 3.45284360291e-40
0.00758851899467 1.21827343326e-40 3.45264521121e-40
0.0080408945945 1.21782490908e-40 3.45242544441e-40
0.0085202377335 1.217353045e-40 3.4522022791e-40
0.00902815603192 1.21684459025e-40 3.45196060193e-40
0.00956635294532 1.21630814123e-40 3.45171339493e-40
0.0101366334776 1.21573516057e-40 3.45144821167e-40
0.0107409102348 1.21514708053e-40 3.45117257391e-40
0.0113812098391 1.21452437152e-40 3.45088473077e-40
0.0120596797265 1.2138731089e-40 3.45058439887e-40
0.0127785953481 1.21316891299e-40 3.45026325812e-40
0.0135403678019 1.21242914866e-40 3.44992511912e-40
0.0143475519192 1.21165317872e-40 3.44957450959e-40
0.0152028548327 1.21084105606e-40 3.44919934192e-40
0.016109145056 1.2099787096e-40 3.44880852079e-40
0.0170694621037 1.20908520703e-40 3.44838705201e-40
0.0180870266855 1.20812815728e-40 3.44796529272e-40
0.019165251508 1.20710200595e-40 3.44750851411e-40
0.0203077527198 1.20606736286e-40 3.4470223721e-40
0.0215183620394 1.20492568289e-40 3.4465189585e-40
0.0228011396067 1.20376394859e-40 3.44598564972e-40
0.0241603875987 1.20255555285e-40 3.44542306927e-40
0.0256006646593 1.20122146151e-40 3.44484224645e-40
0.0271268011873 1.19987176657e-40 3.44419888499e-40
0.0287439155369 1.19841380181e-40 3.44354004886e-40
0.0304574311835 1.1969099088e-40 3.44284422342e-40
0.0322730949132 1.1953137358e-40 3.44210912497e-40
0.034196996096 1.19363344137e-40 3.44133146352e-40
0.0362355871085 1.19188138338e-40 3.44051306826e-40
0.038395704974 1.19002997686e-40 3.43965063622e-40
0.0406845942923 1.1880856886e-40 3.43873721839e-40
0.0431099315365 1.18604348712e-40 3.43777617631e-40
0.0456798507988 1.18390218983e-40 3.43676006101e-40
0.0484029710703 1.18164562353e-40 3.43568760086e-40
0.0512884251472 1.17928323803e-40 3.43455462131e-40
0.0543458902608 1.17682097068e-40 3.43335955992e-40
0.0575856205325 1.17420953835e-40 3.4320980716e-40
0.0610184813645 1.17149229357e-40 3.43076465795e-40
0.0646559858798 1.16862785518e-40 3.42935770394e-40
0.0685103335351 1.16564249313e-40 3.42787193564e-40
0.0725944510353 1.16248202695e-40 3.42632455122e-40
0.076922035687 1.15923830025e-40 3.42465444114e-40
0.0815076013367 1.15580379695e-40 3.42290935442e-40
0.0863665270467 1.15221163629e-40 3.42106613199e-40
0.0915151086744 1.14846008899e-40 3.41911850147e-40
0.0969706135243 1.1445447253e-40 3.41706507952e-40
0.10275133826 1.14045975043e-40 3.41489880347e-40
0.108876670266 1.13618694722e-40 3.41260962212e-40
0.115367152671 1.13173332193e-40 3.41019490612e-40
0.122244553245 1.12706645227e-40 3.40764853319e-40
0.129531937403 1.12220564149e-40 3.40496054462e-40
0.13725374556 1.11712652001e-40 3.40212505231e-40
0.145435875106 1.11183427054e-40 3.39913681091e-40
0.154105767253 1.10630873235e-40 3.39598135656e-40
0.163292499071 1.10055480205e-40 3.39266862658e-40
0.173026881005 1.0945314421e-40 3.38914797209e-40
0.183341560212 1.0882811974e-40 3.38545121523e-40
0.194271130043 1.08177124238e-40 3.38155663193e-40
0.205852246074 1.07497152311e-40 3.37744811911e-40
0.218123749033 1.06791339556e-40 3.37312585747e-40
0.231126795065 1.06057710625e-40 3.36856698088e-40
0.244904993766 1.0529346441e-40 3.36376865941e-40
0.259504554435 1.04499912245e-40 3.35871760598e-40
0.274974441056 1.03676659316e-40 3.35339718524e-40
0.291366536509 1.02821487477e-40 3.34779806738e-40
0.308735816577 1.01934495976e-40 3.34186616478e-40
0.327140534324 1.01015322366e-40 3.33571827928e-40
0.346642415461 1.00062620913e-40 3.32920274862e-40
0.367306865366 9.9076842478e-41 3.32235448955e-40
0.389203188437 9.805701719e-41 3.31515634833e-40
0.412404820527 9.70025159666e-41 3.30759511996e-40
0.436989575231 9.59149673398e-41 3.29965400296e-40
0.463039904861 9.47915670549e-41 3.29131559267e-40
0.490643176968 9.36339781386e-41 3.28256586146e-40
0.519891967362 9.24417274388e-41 3.27337907759e-40
0.550884370589 9.12150688579e-41 3.2637523427e-40
0.58372432892 8.99542471736e-41 3.25365292046e-40
0.618521980954 8.86609397785e-41 3.24307016205e-40
0.655394030998 8.73345071377e-41 3.2319795992e-40
0.694464140475 8.59779165282e-41 3.22036587429e-40
0.735863342655 8.45905770613e-41 3.20820672434e-40
0.779730482113 8.31750225645e-41 3.19548075128e-40
0.82621268039 8.17335060013e-41 3.18216969799e-40
0.875465829409 8.02658823164e-41 3.16824441163e-40
0.927655114298 7.87721848193e-41 3.1536895228e-40
0.982955567397 7.72544312379e-41 3.13847952098e-40
1.04155265528 7.57147443879e-41 3.12259450523e-40
1.10364290075 7.41573043894e-41 3.10600013712e-40
1.16943454199 7.25828425491e-41 3.08868292734e-40
1.23914823089 7.09917567232e-41 3.07060051888e-40
1.3130177731 6.93876507786e-41 3.05174253267e-40
1.39129091218 6.77699375107e-41 3.03207410385e-40
1.47423016045 6.61416469117e-41 3.01156956809e-40
1.56211367943 6.45042316824e-41 2.99020097816e-40
1.65523621272 6.28595253311e-41 2.96793296043e-40
1.75391007453 6.12093267059e-41 2.94473979235e-40
1.85846619708 5.95513021106e-41 2.92058657744e-40
1.96925524054 5.78863403702e-41 2.89545399458e-40
2.086648769 5.6215070108e-41 2.86930080812e-40
2.21104049671 5.45393619509e-41 2.84210036135e-40
2.34284760843 5.2862552608e-41 2.81382031433e-40
2.48251215864 5.11867711315e-41 2.78443218856e-40
2.63050255408 4.95156368553e-41 2.75390309539e-40
2.7873151247 4.78491438023e-41 2.72219767004e-40
2.95347578824 4.6187670095e-41 2.68928693364e-40
3.12954181406 4.45311483214e-41 2.65514073464e-40
3.31610369212 4.28829663848e-41 2.61972917596e-40
3.51378711333 4.12464925169e-41 2.58302367079e-40
3.72325506803 3.96232844058e-41 2.54499442443e-40
3.94521006951 3.80133564175e-41 2.50561461152e-40
4.18039651009 3.64173172335e-41 2.46486306694e-40
4.42960315766 3.48393587863e-41 2.42271484233e-40
4.69366580109 3.32833286799e-41 2.3791528444e-40
4.97347005323 3.17516579362e-41 2.33415479838e-40
5.26995432112 3.02449909552e-41 2.28770595531e-40
5.58411295322 2.87638809736e-41 2.23980183734e-40
5.91699957424 2.73088969542e-41 2.1904225368e-40
6.26973061878 2.58814131264e-41 2.13958996925e-40
6.64348907566 2.44816909127e-41 2.08731285992e-40
7.03952845536 2.31108865734e-41 2.03361946429e-40
7.45917699411 2.17702579483e-41 1.97855002624e-40
7.90384210851 2.0464634716e-41 1.92215297274e-40
8.37501511569 1.91990379776e-41 1.86448331055e-40
8.8742762349 1.79769901477e-41 1.80559989852e-40
9.40329988729 1.6800433311e-41 1.74556941757e-40
9.9638603115 1.56712643625e-41 1.6844696696e-40
10.5578375142 1.45912007122e-41 1.62238645204e-40
11.1872235751 1.3562227965e-41 1.55941393688e-40
11.8541293282 1.25847808791e-41 1.49565446951e-40
12.5607914409 1.1657436342e-41 1.43122416755e-40
13.3095799155 1.07782531622e-41 1.36626374721e-40
14.1030060375 9.94586162641e-42 1.30093259546e-40
14.9437307982 9.15875959069e-42 1.23541649087e-40
15.8345738188 8.41544085867e-42 1.16992022241e-40
16.7785228073 7.71476813136e-42 1.10466988069e-40
17.7787435782 7.05533158458e-42 1.03990916196e-40
18.8385906704 6.43622876824e-42 9.75895003015e-41
19.9616185972 5.85634542813e-42 9.12890184074e-41
21.1515937679 5.31449994865e-42 8.51158769277e-41
22.4125071194 4.81002594591e-42 7.90957992834e-41
23.7485875006 4.34188107709e-42 7.32525422128e-41
25.1643158559 3.90940971826e-42 6.76073111803e-41
26.6644402527 3.51186401559e-42 6.21775339387e-41
28.2539918058 3.1479577535e-42 5.6976467287e-41
29.9383015504 2.81564414319e-42 5.20137125638e-41
31.7230183221 2.51241192947e-42 4.72960711211e-41
33.6141277008 2.23628813666e-42 4.28278523395e-41
35.6179720862 1.9853662451e-42 3.86106486553e-41
37.7412719683 1.75746494512e-42 3.46442427385e-41
39.9911484669 1.55025896512e-42 3.09273630796e-41
42.3751472139 1.36184012068e-42 2.74587329727e-41
44.9012636606 1.19178676564e-42 2.4235243484e-41
47.5779698921 1.03961038423e-42 2.12504487482e-41
50.4142430415 9.04167852665e-43 1.84954022184e-41
53.419595397 7.83736328339e-43 1.59604914872e-41
56.6041063045 6.76842816019e-43 1.3636325989e-41
59.9784559714 5.82097707144e-43 1.15137229132e-41
63.5539612861 4.9831084934e-43 9.58366982684e-42
67.3426137726 4.24390501791e-43 7.83722226944e-42
71.3571198073 3.59556927978e-43 6.26509171171e-42
75.6109432341 3.03248262324e-43 4.85681395703e-42
80.1183505191 2.54730085131e-43 3.60074637985e-42
84.8944585974 2.13007706312e-43 2.48521352307e-42
89.9552855725 1.77079758348e-43 1.49958089863e-42
95.3178044377 1.46361075001e-43 6.33801806536e-43
101.0 1.20292267689e-43 0.0
