0.1023 0.015
0.1101 0.0164
0.1185 0.0197
0.1256 0.0216
0.1352 0.026
0.1454 0.0285
0.1565 0.0343
0.1684 0.0376
0.1812 0.0452
0.1949 0.0496
0.2097 0.0543
0.2257 0.0653
0.2428 0.0785
0.2612 0.0861
0.2811 0.0945
0.3025 0.1136
0.3255 0.1245
0.3502 0.1497
0.3768 0.1642
0.4054 0.1974
0.4362 0.2164
0.4694 0.2374
0.5051 0.2854
0.5434 0.3129
0.5847 0.3761
0.6292 0.4126
0.677 0.4524
0.7284 0.5439
0.7838 0.5965
0.8433 0.717
0.9074 0.7864
0.9763 0.7866
1.0505 0.8627
1.1303 0.946
1.2162 1.0375
1.3086 1.1377
1.4081 1.2477
1.515 1.3683
1.6301 1.5005
1.754 1.6455
1.8873 1.8045
2.0307 1.9788
2.185 2.1702
2.351 2.3799
2.5295 2.6099
2.7218 2.6108
2.9285 2.8632
3.151 2.8641
3.3904 2.8653
3.6479 2.8662
3.9249 2.6156
4.2231 2.6166
4.5439 2.6175
4.8889 2.3886
5.2603 2.3895
5.6598 2.1804
6.0897 2.1813
6.5522 1.9905
7.0497 1.8164
7.5851 1.6576
8.1613 1.6582
8.7811 1.5131
9.4479 1.3808
10.1653 1.1494
10.9371 0.9567
11.7673 0.7965
12.6609 0.663
13.6221 0.5518
14.6564 0.4594
15.7689 0.3489
16.9658 0.2649
17.9883 0.2011
19.354 0.1674
20.5204 0.1271
21.757 0.0965
23.0683 0.0733
24.8193 0.0557
26.3146 0.0385
27.9005 0.0293
29.5815 0.0203
31.8263 0.014
33.2533 0.0097259
35.2567 0.0067365
36.8375 0.0046656
39.0569 0.0032315
41.4092 0.0020418
43.2658 0.0014141
45.2057 0.00097936
47.2325 0.00067829
49.3494 0.00042853
51.5611 0.00027073
54.6667 0.00017106
57.1167 0.00010807
