0.001 2.05347115446e-40 1.62692918221e-40
0.00105961316037 2.05313329803e-40 1.62686710749e-40
0.00112278004964 2.05285953685e-40 1.62680034273e-40
0.0011897125168 2.05249439645e-40 1.6267330771e-40
0.00126063503986 2.05215666863e-40 1.62666289699e-40
0.00133578547866 2.05176889374e-40 1.62658779177e-40
0.00141541587262 2.05139319231e-40 1.62651187939e-40
0.00149979328603 2.05095310506e-40 1.62642875234e-40
0.00158920070372 2.0505131654e-40 1.62634886902e-40
0.00168393798013 2.05002812649e-40 1.626263337e-40
0.001784322845 2.0495387294e-40 1.62617409995e-40
0.00189069196892 2.04898435561e-40 1.62607943989e-40
0.00200340209248 2.04843646881e-40 1.62597813848e-40
0.00212283122271 2.04789150231e-40 1.62587896042e-40
0.00224937990083 2.04729988683e-40 1.62577334371e-40
0.0023834725456 2.04657913359e-40 1.62566094583e-40
0.0025255588767 2.04588402623e-40 1.6255443437e-40
0.00267611542305 2.04524266602e-40 1.62542174296e-40
0.00283564712094 2.04447005793e-40 1.62529392844e-40
0.00300468900752 2.04365270774e-40 1.62515844592e-40
0.0031838080152 2.04279288321e-40 1.6250183849e-40
0.003373604873 2.0418830271e-40 1.62487065413e-40
0.00357471612133 2.04093823458e-40 1.62471425725e-40
0.00378781624676 2.03990151273e-40 1.62455352809e-40
0.00401361994414 2.03887037809e-40 1.62438064392e-40
0.00425288451354 2.03773727127e-40 1.62420149779e-40
0.0045064124001 2.03656443931e-40 1.62401257382e-40
0.00477505388521 2.03531863629e-40 1.62381420424e-40
0.00505970993826 2.03402463194e-40 1.62360617243e-40
0.00536133523825 2.03263866914e-40 1.62338547384e-40
0.00568094137562 2.03117334783e-40 1.6231553603e-40
0.00601960024491 2.0296671827e-40 1.62291368685e-40
0.00637844763969 2.02803631867e-40 1.62262735342e-40
0.00675868706176 2.02634959369e-40 1.62236727545e-40
0.00716159375748 2.02454710772e-40 1.62210252955e-40
0.00758851899467 2.02265725147e-40 1.62180180584e-40
0.0080408945945 2.02068108845e-40 1.62148593224e-40
0.0085202377335 2.01864040504e-40 1.62115330309e-40
0.00902815603192 2.01642897271e-40 1.6208015791e-40
0.00956635294532 2.01409067653e-40 1.62043248701e-40
0.0101366334776 2.01166391334e-40 1.62004093644e-40
0.0107409102348 2.00910431068e-40 1.61962977576e-40
0.0113812098391 2.00640127088e-40 1.61919515558e-40
0.0120596797265 2.00357601201e-40 1.61873891916e-40
0.0127785953481 2.00055719904e-40 1.61825533926e-40
0.0135403678019 1.99744974264e-40 1.61774472398e-40
0.0143475519192 1.99416940548e-40 1.61720764143e-40
0.0152028548327 1.99070716509e-40 1.61663931258e-40
0.016109145056 1.98704946763e-40 1.61603938213e-40
0.0170694621037 1.983249372e-40 1.61540205356e-40
0.0180870266855 1.97924349647e-40 1.61473987471e-40
0.019165251508 1.97503509069e-40 1.61403588358e-40
0.0203077527198 1.9706085979e-40 1.61329104168e-40
0.0215183620394 1.96597254046e-40 1.61250664873e-40
0.0228011396067 1.96113197286e-40 1.61167816094e-40
0.0241603875987 1.95604871014e-40 1.61080400809e-40
0.0256006646593 1.95070776865e-40 1.60988462912e-40
0.0271268011873 1.94510408458e-40 1.60890709247e-40
0.0287439155369 1.93925123099e-40 1.60787977148e-40
0.0304574311835 1.93310680913e-40 1.60679541829e-40
0.0322730949132 1.92667034436e-40 1.60565131642e-40
0.034196996096 1.9199663598e-40 1.60444392362e-40
0.0362355871085 1.91294014642e-40 1.60317043009e-40
0.038395704974 1.90557678122e-40 1.60182663617e-40
0.0406845942923 1.89789644868e-40 1.60040999935e-40
0.0431099315365 1.88985412527e-40 1.5989165512e-40
0.0456798507988 1.88146259817e-40 1.59734106146e-40
0.0484029710703 1.87271069586e-40 1.59568019848e-40
0.0512884251472 1.8635612427e-40 1.59392927213e-40
0.0543458902608 1.85405055097e-40 1.59208400708e-40
0.0575856205325 1.84412539766e-40 1.59013969821e-40
0.0610184813645 1.8337847828e-40 1.58809125593e-40
0.0646559858798 1.8230466051e-40 1.58593434866e-40
0.0685103335351 1.81184979399e-40 1.58366187644e-40
0.0725944510353 1.80020313011e-40 1.58126966595e-40
0.076922035687 1.78806161071e-40 1.57875243132e-40
0.0815076013367 1.77550810541e-40 1.57610258214e-40
0.0863665270467 1.7624115252e-40 1.57331615576e-40
0.0915151086744 1.74885904548e-40 1.57038369792e-40
0.0969706135243 1.73479546456e-40 1.5673012947e-40
0.10275133826 1.720244086e-40 1.56406213316e-40
0.108876670266 1.70521776835e-40 1.56065667196e-40
0.115367152671 1.68968714911e-40 1.55707984078e-40
0.122244553245 1.67365801291e-40 1.5533239419e-40
0.129531937403 1.65712654487e-40 1.54938048844e-40
0.13725374556 1.6401090746e-40 1.54524186546e-40
0.145435875106 1.62258032085e-40 1.54090073449e-40
0.154105767253 1.60452363312e-40 1.53634710415e-40
0.163292499071 1.58593537625e-40 1.53157899482e-40
0.173026881005 1.56681470558e-40 1.52657182623e-40
0.183341560212 1.54716501717e-40 1.52133248257e-40
0.194271130043 1.52699691138e-40 1.51584735338e-40
0.205852246074 1.50628396306e-40 1.51010487652e-40
0.218123749033 1.48502140627e-40 1.50410114378e-40
0.231126795065 1.46323339254e-40 1.49782135229e-40
0.244904993766 1.44092758773e-40 1.49125927062e-40
0.259504554435 1.41810761278e-40 1.48440551697e-40
0.274974441056 1.39483726651e-40 1.47724901035e-40
0.291366536509 1.37111628937e-40 1.46978138537e-40
0.308735816577 1.34694612609e-40 1.46196666276e-40
0.327140534324 1.32237203397e-40 1.45387560847e-40
0.346642415461 1.29732792173e-40 1.44541786078e-40
0.367306865366 1.2718641461e-40 1.43661091366e-40
0.389203188437 1.24596843329e-40 1.42744651697e-40
0.412404820527 1.21966211331e-40 1.41791605494e-40
0.436989575231 1.19295075765e-40 1.40801145697e-40
0.463039904861 1.16584182093e-40 1.39772456538e-40
0.490643176968 1.1383359962e-40 1.38704908591e-40
0.519891967362 1.11046911871e-40 1.37597820683e-40
0.550884370589 1.08230018126e-40 1.36450272345e-40
0.58372432892 1.05389544798e-40 1.3526195849e-40
0.618521980954 1.02531137882e-40 1.34032259742e-40
0.655394030998 9.96572966742e-41 1.32760593976e-40
0.694464140475 9.67729764957e-41 1.31446431955e-40
0.735863342655 9.38820401737e-41 1.30089440137e-40
0.779730482113 9.09889774108e-41 1.28689200877e-40
0.82621268039 8.80974299941e-41 1.27245472577e-40
0.875465829409 8.52150175054e-41 1.25757940577e-40
0.927655114298 8.23451319338e-41 1.24226387587e-40
0.982955567397 7.94960924477e-41 1.22650546289e-40
1.04155265528 7.66735486164e-41 1.21030418596e-40
1.10364290075 7.38819115478e-41 1.19365249097e-40
1.16943454199 7.11219036404e-41 1.17655399699e-40
1.23914823089 6.83941615038e-41 1.1590017539e-40
1.3130177731 6.56994802444e-41 1.14100248914e-40
1.39129091218 6.30381419628e-41 1.12255688789e-40
1.47423016045 6.04102396986e-41 1.10366876283e-40
1.56211367943 5.78172891788e-41 1.08434404444e-40
1.65523621272 5.52598137571e-41 1.06458810925e-40
1.75391007453 5.27381311527e-41 1.04441101551e-40
1.85846619708 5.02534517954e-41 1.02382451615e-40
1.96925524054 4.78083720592e-41 1.00284793433e-40
2.086648769 4.54108235864e-41 9.81491727446e-41
2.21104049671 4.30689249067e-41 9.59771017411e-41
2.34284760843 4.07862758666e-41 9.37700366358e-41
2.48251215864 3.856549156e-41 9.15296253989e-41
2.63050255408 3.64086776487e-41 8.9257444486e-41
2.7873151247 3.43181311096e-41 8.69550842257e-41
2.95347578824 3.22965832201e-41 8.46243933955e-41
3.12954181406 3.03463587119e-41 8.22671791143e-41
3.31610369212 2.84706564303e-41 7.98850300537e-41
3.51378711333 2.66707197139e-41 7.74797232141e-41
3.72325506803 2.49442226818e-41 7.50529746469e-41
3.94521006951 2.32872149176e-41 7.26069507928e-41
4.18039651009 2.1696746029e-41 7.01443580642e-41
4.42960315766 2.01702363129e-41 6.76682909493e-41
4.69366580109 1.8705193547e-41 6.5182616186e-41
4.97347005323 1.73037554775e-41 6.26914008376e-41
5.26995432112 1.59679637225e-41 6.01988465703e-41
5.58411295322 1.46984231901e-41 5.77092206352e-41
5.91699957424 1.34925924104e-41 5.52270295372e-41
6.26973061878 1.23491949587e-41 5.27575065494e-41
6.64348907566 1.1270179057e-41 5.03059031472e-41
7.03952845536 1.02580585177e-41 4.78771724509e-41
7.45917699411 9.31363776702e-42 4.54757323515e-41
7.90384210851 8.43564589639e-42 4.31056402516e-41
8.37501511569 7.62254759686e-42 4.07708085184e-41
8.8742762349 6.87334066013e-42 3.8474750682e-41
9.40329988729 6.18668162586e-42 3.62203647758e-41
9.9638603115 5.55888572854e-42 3.4010205135e-41
10.5578375142 4.98359174727e-42 3.18473284117e-41
11.1872235751 4.45613317269e-42 2.97357896852e-41
11.8541293282 3.97435314093e-42 2.76799040316e-41
12.5607914409 3.53581085404e-42 2.56837519872e-41
13.3095799155 3.13783864353e-42 2.37513267459e-41
14.1030060375 2.77735413051e-42 2.18864766413e-41
14.9437307982 2.45206007107e-42 2.00929912886e-41
15.8345738188 2.15959962305e-42 1.83741443746e-41
16.7785228073 1.89722243653e-42 1.67329035241e-41
17.7787435782 1.66200985368e-42 1.51721613738e-41
18.8385906704 1.45111322537e-42 1.36948859494e-41
19.9616185972 1.26214153292e-42 1.23040445831e-41
21.1515937679 1.0930988966e-42 1.10023333848e-41
22.4125071194 9.42815908074e-43 9.79158978784e-42
23.7485875006 8.09950276569e-43 8.67231049559e-42
25.1643158559 6.93061748871e-43 7.64382144933e-42
26.6644402527 5.90586390557e-43 6.70445968487e-42
28.2539918058 5.01202621283e-43 5.85163652531e-42
29.9383015504 4.23652059502e-43 5.08182165393e-42
31.7230183221 3.56868134999e-43 4.39056043622e-42
33.6141277008 2.99771577693e-43 3.77254673942e-42
35.6179720862 2.51002325534e-43 3.22220237968e-42
37.7412719683 2.08939411134e-43 2.73465116399e-42
39.9911484669 1.72661821029e-43 2.3057178408e-42
42.3751472139 1.41619983279e-43 1.93125503598e-42
44.9012636606 1.15353746602e-43 1.60676413889e-42
47.5779698921 9.34208142424e-44 1.32740209257e-42
50.4142430415 7.5335279493e-44 1.08812485723e-42
53.419595397 6.05524803406e-44 8.83968498104e-43
56.6041063045 4.84995187526e-44 7.10368047868e-43
59.9784559714 3.86297950807e-44 5.63403861746e-43
63.5539612861 3.05236907676e-44 4.39812906171e-43
67.3426137726 2.38973950406e-44 3.36759979045e-43
71.3571198073 1.85398857254e-44 2.51616105722e-43
75.6109432341 1.42334256063e-44 1.81948669094e-43
80.1183505191 1.07803624272e-44 1.25613519845e-43
84.8944585974 8.05543147666e-45 8.06711585571e-44
89.9552855725 5.93939943532e-45 4.52969724299e-44
95.3178044377 4.31639748265e-45 1.78370340453e-44
101.0 3.10271491477e-45 0.0
