6.40216692974 752600.752051 0.015872341539 0.243684019001 0.0
6.46730185982 752666.16217 0.0160352184996 0.243705198093 0.015872341539
6.53309946539 752459.247548 0.0161939059457 0.243638201366 0.0319075600386
6.59956648844 751977.53239 0.0163481883194 0.243482227186 0.0481014659843
6.66670973954 751231.561276 0.0164981303551 0.243240689772 0.0644496543037
6.73453609857 750199.047574 0.0166430742971 0.242906372954 0.0809477846588
6.80305251539 748870.642693 0.0167826287433 0.242476249759 0.0975908589559
6.87226601057 747251.297707 0.0169167136478 0.241951923291 0.114373487699
6.9421836761 745338.520522 0.0170450792713 0.241332586636 0.131290201347
7.01281267614 743103.370198 0.0171668585072 0.240608869031 0.148335280618
7.08416024772 740549.135474 0.01728190503 0.239781835333 0.165502139125
7.15623370152 737694.188138 0.0173904265778 0.23885743413 0.182784044155
7.22904042257 734503.102033 0.0174913627167 0.237824194813 0.200174470733
7.30258787106 730976.51534 0.0175844817804 0.236682324018 0.21766583345
7.37688358306 727108.627828 0.0176693911982 0.235429943694 0.23525031523
7.45193517132 722906.006916 0.0177459911202 0.234069180299 0.252919706429
7.52775032604 718353.077668 0.0178136338525 0.232594990838 0.270665697549
7.60433681566 713441.039502 0.0178718203721 0.231004525776 0.288479331401
7.68170248767 708167.311517 0.0179201944329 0.229296949445 0.306351151773
7.75985526936 702526.512712 0.0179583196815 0.227470519536 0.324271346206
7.83880316871 696540.370313 0.0179864481587 0.22553227109 0.342229665888
7.91855427516 690173.8273 0.0180033673072 0.223470853021 0.360216114046
7.99911676044 683431.002799 0.0180088537182 0.221287599059 0.378219481354
8.08049887943 676309.316262 0.0180025034421 0.21898167365 0.396228335072
8.16270897099 668806.796604 0.0179839194571 0.216552438577 0.414230838514
8.24575545884 660928.441272 0.0179528850529 0.21400151196 0.432214757971
8.32964685235 652670.949832 0.0179089543888 0.211327825154 0.450167643024
8.41439174752 644034.284068 0.0178517613656 0.208531365785 0.468076597413
8.49999882777 635013.429383 0.0177807933291 0.205610510181 0.485928358778
8.58647686488 625604.250649 0.0176955494983 0.202563919431 0.503709152107
8.67383471986 615816.70086 0.0175959193785 0.199394816208 0.521404701606
8.76208134389 605649.970045 0.0174814856922 0.196102938253 0.539000620984
8.85122577919 595106.532082 0.0173519183148 0.192689086579 0.556482106677
8.94127716001 584191.20057 0.0172069511862 0.189154819779 0.573834024991
9.0322447135 572905.772899 0.0170462264032 0.185500719828 0.591040976178
9.1241377607 561257.324088 0.0168695389564 0.181729077542 0.608087202581
9.21696571748 549254.546245 0.0166767335818 0.17784270733 0.624956741537
9.31073809552 536905.644523 0.0164676428135 0.173844265934 0.641633475119
9.40546450323 524212.848478 0.0162419163093 0.169734475259 0.658101117932
9.50115464682 511187.178468 0.0159994737309 0.165516903579 0.674343034242
9.59781833122 497837.79338 0.0157401818884 0.161194516443 0.690342507973
9.69546546113 484178.720623 0.0154640669206 0.156771855774 0.706082689861
9.79410604202 470220.668919 0.0151710582256 0.152252388942 0.721546756782
9.89375018115 455980.257139 0.014861284136 0.147641496958 0.736717815007
9.99440808859 441473.971368 0.0145348829956 0.142944517839 0.751579099143
10.0960900783 426718.102296 0.0141920012914 0.138166726335 0.766113982139
10.1988065692 411730.457709 0.0138328513003 0.133313888414 0.78030598343
10.3025680863 396534.024207 0.0134578384014 0.128393446892 0.794138834731
10.4073852613 381149.328099 0.0130673086252 0.123412047965 0.807596673132
10.5132688346 365599.884782 0.0126617337919 0.118377305666 0.820663981757
10.6202296555 349909.203335 0.0122416126097 0.113296831981 0.833325715549
10.7282786839 334104.210637 0.0118075924258 0.108179345544 0.845567328159
10.8374269909 318214.444469 0.0113604473276 0.103034410371 0.857374920585
10.9476857607 302265.932143 0.01090086303 0.0978704538242 0.868735367912
11.0590662908 286288.566621 0.0104297001739 0.0926971549232 0.879636230942
11.171579994 270337.742291 0.00994879862714 0.0875324497743 0.890065931116
11.285238399 254445.877799 0.00945922412388 0.0823868351862 0.900014729743
11.4000531519 238639.067374 0.0089618522086 0.0772687601891 0.909473953867
11.5160360172 222953.974566 0.00845799826389 0.0721900960453 0.918435806076
11.6331988793 207425.765726 0.00794897650069 0.0671622292413 0.92689380434
11.7515537432 192114.372171 0.00743711514082 0.0622045648916 0.93484278084
11.8711127362 177080.749402 0.00692487819701 0.0573368397314 0.942279895981
11.9918881091 162347.161631 0.00641330103896 0.0525662626723 0.949204774178
12.113892237 147952.348818 0.0059041166367 0.0479053772963 0.955618075217
12.2371376214 133956.090137 0.00539997396015 0.0433735394566 0.961522191854
12.3616368905 120447.906025 0.0049048371785 0.0389997349065 0.966922165814
12.4874028012 107434.720535 0.00441942876001 0.0347862055795 0.971827002993
12.6144482402 94949.8248208 0.00394558846482 0.0307437307931 0.976246431753
12.7427862253 83125.2815856 0.00348936889363 0.0269150710282 0.980192020217
12.8724299067 71960.7439242 0.00305144494279 0.0233001139607 0.983681389111
13.0033925685 61458.0716365 0.00263260051308 0.0198994617739 0.986732834054
13.1356876297 51801.7899428 0.00224154229085 0.0167728617468 0.989365434567
13.269328646 42930.500239 0.00187656779091 0.0139004336728 0.991606976858
13.4043293111 34882.7253982 0.00154029837165 0.0112946508432 0.993483544649
13.5407034579 27812.7810171 0.00124060921258 0.00900547898651 0.99502384302
13.6784650599 21548.3863161 0.000970960307864 0.00697713544158 0.996264452233
13.8176282331 16385.9260295 0.000745854049526 0.00530558639363 0.997235412541
13.9582072369 12066.3698084 0.000554824501584 0.00390696060515 0.99798126659
14.1002164757 8679.51141194 0.000403153483847 0.00281033232834 0.998536091092
14.2436705006 6090.1126626 0.000285756819646 0.0019719128977 0.998939244576
14.3885840107 4200.37176646 0.000199092612657 0.00136003514554 0.999225001395
14.5349718547 2869.23442496 0.00013738192148 0.000929027208947 0.999424094008
14.6828490322 1962.3254753 9.49140999424e-05 0.000635379857256 0.999561475929
14.8322306955 1344.24347508 6.56800942232e-05 0.000435251561509 0.999656390029
14.9831321512 952.713143294 4.70234105702e-05 0.00030847825634 0.999722070124
15.1355688614 686.393662061 3.42232595777e-05 0.000222246876225 0.999769093534
15.2895564457 521.856012436 2.62842104836e-05 0.000168971357128 0.999803316794
15.4451106824 412.555749757 2.0990511778e-05 0.000133581109092 0.999829601004
15.6022475105 343.651818412 1.76626217208e-05 0.000111270758127 0.999850591516
15.7609830311 297.975924503 1.54708378986e-05 9.64813955479e-05 0.999868254138
15.9213335092 265.400651738 1.3919729093e-05 8.59338730191e-05 0.999883724976
16.083315375 240.202371349 1.27263020565e-05 7.77749411812e-05 0.999897644705
16.2469452263 218.625259352 1.17009577806e-05 7.07885046738e-05 0.999910371007
16.4122398293 199.409402508 1.07810943101e-05 6.45666171568e-05 0.999922071965
16.5792161212 179.859822236 9.82307615647e-06 5.82366735879e-05 0.999932853059
16.7478912111 161.21224725 8.89421291141e-06 5.21987896171e-05 0.999942676135
16.9182823826 142.970570902 7.96805419286e-06 4.62923312543e-05 0.999951570348
17.0904070948 125.236258305 7.05069372495e-06 4.05501518105e-05 0.999959538402
17.2642829845 108.110084725 6.14842828878e-06 3.50048812314e-05 0.999966589096
17.4399278681 91.6991672136 5.26816579475e-06 2.96912028652e-05 0.999972737524
17.6173597431 76.0977326648 4.41633386946e-06 2.4639626365e-05 0.99997800569
17.7965967901 61.4434418977 3.60215050847e-06 1.9894724822e-05 0.999982422024
17.9776573748 47.8608795974 2.83441301452e-06 1.54968374154e-05 0.999986024174
18.1605600496 35.4916401418 2.12326727043e-06 1.14918108799e-05 0.999988858587
18.3453235558 24.4503572357 1.47761041282e-06 7.91676237497e-06 0.999990981855
18.5319668252 14.8072928492 9.03954431303e-07 4.79444196965e-06 0.999992459465
18.7205089823 6.14450319974 3.78925459048e-07 1.98952396791e-06 0.999993363419
18.9109693463 1.65958308143 1.03386098779e-07 5.37355130254e-07 0.999993742345
19.1033674327 1.62100010637 1.02009902064e-07 5.24862378418e-07 0.999993845731
19.2977229557 1.58202459244 1.00570047637e-07 5.12242526721e-07 0.999993947741
19.4940558301 1.54139011976 9.89838028002e-08 4.99085522049e-07 0.999994048311
19.6923861731 1.49982324375 9.72943860694e-08 4.85626615217e-07 0.999994147295
19.8927343069 1.457833471 9.55326351915e-08 4.72030778973e-07 0.999994244589
20.0951207602 1.41539259997 9.36951043863e-08 4.58288881966e-07 0.999994340122
20.2995662706 1.37528338127 9.19662148357e-08 4.45301948874e-07 0.999994433817
20.5060917867 1.33971800555 9.04993895062e-08 4.33786263209e-07 0.999994525783
20.7147184704 1.30591886232 8.91137230605e-08 4.22842464603e-07 0.999994616282
20.9254676986 1.27192655619 8.76771787562e-08 4.1183612193e-07 0.999994705396
21.1383610658 1.23758841614 8.61780982248e-08 4.00717801958e-07 0.999994793073
21.3534203864 1.2029009237 8.4614865184e-08 3.89486365443e-07 0.999994879251
21.5706676964 1.16825030479 8.30135238639e-08 3.78266868181e-07 0.999994963866
21.7901252563 1.13329448096 8.13489326006e-08 3.66948548854e-07 0.99999504688
22.0118155528 1.09655419804 7.95124847335e-08 3.55052440888e-07 0.999995128229
22.2357613016 1.05944012358 7.76028691366e-08 3.4303530325e-07 0.999995207741
22.4619854493 1.02212473607 7.56312709373e-08 3.30952982608e-07 0.999995285344
22.6905111763 0.984851237583 7.36146536601e-08 3.18884225186e-07 0.999995360975
22.9213618984 0.947198522697 7.15205406024e-08 3.06692681576e-07 0.99999543459
23.15456127 0.909821852833 6.93972528086e-08 2.94590518371e-07 0.999995506111
23.3901331858 0.873199088843 6.72814475881e-08 2.8273246177e-07 0.999995575508
23.628101784 0.852029557052 6.63182186268e-08 2.75877995343e-07 0.999995642789
23.8684914481 0.832363075934 6.54466070096e-08 2.69510200539e-07 0.999995709108
24.1113268097 0.812537532768 6.45377616796e-08 2.63090903157e-07 0.999995774554
24.3566327511 0.792510286744 6.35874653896e-08 2.56606296562e-07 0.999995839092
24.6044344078 0.77227928576 6.25946377993e-08 2.50055716304e-07 0.999995902679
24.8547571707 0.751842684913 6.15581927819e-08 2.43438565025e-07 0.999995965274
25.1076266895 0.731114723484 6.04700811001e-08 2.36727074327e-07 0.999996026832
25.3630688744 0.70879921226 5.92208157775e-08 2.29501552101e-07 0.999996087302
25.6211098996 0.685591201625 5.78645437549e-08 2.21987048177e-07 0.999996146523
25.8817762052 0.662147075288 5.64544136474e-08 2.14396092531e-07 0.999996204388
26.1450945007 0.638483897285 5.4990734811e-08 2.06734210315e-07 0.999996260842
26.4110917671 0.615133612081 5.35186525869e-08 1.99173639418e-07 0.999996315833
26.6797952599 0.592522046442 5.20758497066e-08 1.9185225796e-07 0.999996369351
26.951232512 0.569680433264 5.05777251626e-08 1.84456389587e-07 0.999996421427
27.2254313363 0.549534744475 4.92855132297e-08 1.779334325e-07 0.999996472005
27.5024198288 0.532799233148 4.82707288935e-08 1.72514654151e-07 0.999996521291
27.7822263712 0.515893456601 4.72146118208e-08 1.67040745758e-07 0.999996569561
28.0648796341 0.498889187625 4.61229029647e-08 1.61534946577e-07 0.999996616776
28.3504085796 0.48176534519 4.49929259922e-08 1.55990430798e-07 0.999996662899
28.6388424647 0.464467286699 4.38187465302e-08 1.50389505735e-07 0.999996707892
28.9302108439 0.446962970684 4.25963612929e-08 1.44721796708e-07 0.99999675171
29.2245435724 0.430335334819 4.14289668316e-08 1.39337947273e-07 0.999996794307
29.5218708091 0.417340548886 4.05867070285e-08 1.35130375524e-07 0.999996835736
29.8222230198 0.404963326279 3.97836904454e-08 1.3112276413e-07 0.999996876322
30.1256309804 0.392517062802 3.89532816154e-08 1.27092798046e-07 0.999996916106
30.4321257795 0.379772448617 3.80719484118e-08 1.22966229216e-07 0.999996955059
30.7417388225 0.366898172153 3.71555192536e-08 1.18797677136e-07 0.999996993131
31.054501834 0.35390790624 3.62046363747e-08 1.14591568921e-07 0.999997030287
31.3704468613 0.340799357537 3.52183358617e-08 1.10347162013e-07 0.999997066492
31.689606278 0.331202736432 3.45748351447e-08 1.07239879442e-07 0.99999710171
32.0120127869 0.321503135357 3.39037356079e-08 1.04099253066e-07 0.999997136285
32.3376994235 0.311678768881 3.32021110692e-08 1.00918228996e-07 0.999997170188
32.6666995596 0.301754323297 3.24719311616e-08 9.77048003891e-08 0.999997203391
32.9990469062 0.291728907514 3.17124810358e-08 9.44586787191e-08 0.999997235863
33.3347755175 0.281734151894 3.09375835153e-08 9.12224844795e-08 0.999997267575
33.6739197942 0.272047526864 3.01778165136e-08 8.80860596069e-08 0.999997298513
34.0165144868 0.263021801158 2.94734460817e-08 8.51636268186e-08 0.99999732869
34.3625946995 0.254139804288 2.876788932e-08 8.22877318794e-08 0.999997358164
34.7121958935 0.245167442976 2.80345922481e-08 7.93825779069e-08 0.999997386932
35.065353891 0.236109464079 2.72735066355e-08 7.64497018826e-08 0.999997414966
35.4221048785 0.226989641394 2.64868164317e-08 7.34968015055e-08 0.99999744224
35.7824854105 0.217812239161 2.56745086452e-08 7.0525257491e-08 0.999997468727
36.1465324138 0.208541467065 2.48318127052e-08 6.75234813201e-08 0.999997494401
36.5142831906 0.200281255212 2.40908676849e-08 6.48489136738e-08 0.999997519233
36.8857754226 0.19291977134 2.34414792852e-08 6.24653444696e-08 0.999997543324
37.261047175 0.185700148657 2.27937964538e-08 6.01277083904e-08 0.999997566765
37.6401369003 0.17840707434 2.21214007771e-08 5.77662894632e-08 0.999997589559
38.023083442 0.170925341951 2.14093335486e-08 5.53437850842e-08 0.999997611681
38.409926039 0.163495595072 2.06870653097e-08 5.29381130534e-08 0.99999763309
38.8007043292 0.15599025878 1.99382228612e-08 5.05079659845e-08 0.999997653777
39.1954583541 0.149923501152 1.93577475369e-08 4.85436151955e-08 0.999997673715
39.5942285623 0.147119967499 1.91890230429e-08 4.76358611889e-08 0.999997693073
39.9970558139 0.144287911008 1.90111035836e-08 4.67188717945e-08 0.999997712262
40.403981385 0.141023298333 1.87700050147e-08 4.56618253661e-08 0.999997731273
40.8150469713 0.137722499469 1.85171674924e-08 4.4593062239e-08 0.999997750043
41.2302946928 0.134388118646 1.82526813197e-08 4.35134256355e-08 0.99999776856
41.6497670983 0.131060149895 1.79817765187e-08 4.24358651918e-08 0.999997786813
42.073507169 0.127706342354 1.76998888951e-08 4.13499384262e-08 0.999997804795
42.5015583238 0.124080371327 1.73722990427e-08 4.01758880543e-08 0.999997822495
42.9339644232 0.120417510075 1.70309938951e-08 3.89898930252e-08 0.999997839867
43.3707697739 0.116729348452 1.66773310652e-08 3.77957060082e-08 0.999997856898
43.8120191333 0.113041873586 1.63148082557e-08 3.66017413558e-08 0.999997873575
44.2577577143 0.109316882763 1.59377130858e-08 3.53956294407e-08 0.99999788989
44.7080311898 0.105553994301 1.55456747041e-08 3.41772466778e-08 0.999997905828
45.1628856973 0.101752822632 1.51383139342e-08 3.29464682251e-08 0.999997921373
45.6223678436 0.0992580425778 1.49173914596e-08 3.2138685309e-08 0.999997936512
46.0865247099 0.096953217084 1.47192452922e-08 3.13924076341e-08 0.999997951429
46.5554038562 0.0946249425535 1.45119270164e-08 3.06385374135e-08 0.999997966148
47.0290533265 0.0922729804184 1.42951969629e-08 2.98769974017e-08 0.99999798066
47.5075216535 0.0899054945268 1.40701253809e-08 2.91104309647e-08 0.999997994955
47.9908578638 0.0875202028188 1.38361794815e-08 2.8338099196e-08 0.999998009026
48.4791114826 0.0851106434198 1.35921413905e-08 2.75579098104e-08 0.999998022862
48.972332539 0.0834312462688 1.34594985227e-08 2.70141390978e-08 0.999998036454
49.4705715713 0.0821719957539 1.33912192754e-08 2.66064073415e-08 0.999998049913
49.9738796318 0.0809176975949 1.33209728068e-08 2.62002791048e-08 0.999998063305
50.4823082922 0.0792381093091 1.31771857326e-08 2.56564465048e-08 0.999998076626
50.9959096489 0.0775188644482 1.30224321564e-08 2.50997735328e-08 0.999998089803
51.5147363283 0.0757821281826 1.28601974605e-08 2.45374370324e-08 0.999998102825
52.0388414923 0.074046475914 1.26934995487e-08 2.39754515185e-08 0.999998115685
52.5682788436 0.0724104072287 1.25393234791e-08 2.34457100965e-08 0.999998128379
53.1031026313 0.0709236168683 1.24068099462e-08 2.29643033885e-08 0.999998140918
53.6433676564 0.0694217000692 1.2267629118e-08 2.24779989026e-08 0.999998153325
54.1891292774 0.0679045029366 1.21216043795e-08 2.19867468093e-08 0.999998165593
54.7404434161 0.0663723407463 1.19686399797e-08 2.14906491914e-08 0.999998177714
55.2973665631 0.0648276700655 1.18090298608e-08 2.09905014591e-08 0.999998189683
55.859955784 0.0632672840781 1.16420413506e-08 2.04852652796e-08 0.999998201492
56.4282687246 0.0617405205967 1.1476682611e-08 1.99909157056e-08 0.999998213134
57.0023636175 0.0604146210962 1.1344471765e-08 1.95616037255e-08 0.999998224611
57.5822992876 0.0589791326951 1.11875951662e-08 1.90968080395e-08 0.999998235955
58.1681351584 0.0576411788068 1.10450415244e-08 1.86635929785e-08 0.999998247143
58.7599312577 0.0562896127253 1.08957943602e-08 1.82259704359e-08 0.999998258188
59.3577482243 0.0549242959618 1.07396783443e-08 1.77838955705e-08 0.999998269084
59.9616473139 0.0536774768188 1.06026642007e-08 1.73801889586e-08 0.999998279823
60.5716904053 0.0527605272772 1.05275710073e-08 1.70832905713e-08 0.999998290426
61.1879400068 0.0518444435412 1.04500268899e-08 1.67866725227e-08 0.999998300953
61.8104592628 0.0509190396719 1.03679175086e-08 1.64870367151e-08 0.999998311403
62.4393119601 0.0499842208471 1.02811191858e-08 1.61843524464e-08 0.999998321771
63.0745625344 0.0490398912802 1.01895054065e-08 1.58785887018e-08 0.999998332053
63.7162760769 0.0482151894106 1.01200724321e-08 1.56115591174e-08 0.999998342242
64.3645183413 0.0474579542287 1.00624768703e-08 1.53663745199e-08 0.999998352362
65.0193557499 0.0466930150208 1.00010117604e-08 1.51186954418e-08 0.999998362425
65.680855401 0.0459202934069 9.93557058068e-09 1.48684965044e-08 0.999998372426
66.3490850756 0.0451397102098 9.86604435222e-09 1.4615752071e-08 0.999998382361
67.0241132441 0.0443511854465 9.79232158602e-09 1.4360436244e-08 0.999998392227
67.7060090737 0.0436652209827 9.73895223448e-09 1.41383283376e-08 0.99999840202
68.3948424352 0.0429913369834 9.68620515252e-09 1.39201319554e-08 0.999998411758
69.0906839102 0.0423105969636 9.62981630728e-09 1.36997156677e-08 0.999998421445
69.7936047986 0.041622931171 9.56968514416e-09 1.34770568893e-08 0.999998431074
70.5036771254 0.0410573583672 9.53569013207e-09 1.32939305059e-08 0.999998440644
71.2209736487 0.0405456547954 9.51265143132e-09 1.31282463998e-08 0.99999845018
71.9455678665 0.0401044964886 9.50487634649e-09 1.29854040907e-08 0.999998459693
72.6775340248 0.0396588498864 9.49488385975e-09 1.28411085199e-08 0.999998469197
73.4169471249 0.0392086693256 9.48260768052e-09 1.26953449022e-08 0.999998478692
74.1638829312 0.0387539086781 9.46797994946e-09 1.25480983017e-08 0.999998488175
74.9184179788 0.0382945213467 9.45093120417e-09 1.23993536308e-08 0.999998497643
75.6806295816 0.037838021817 9.43327549174e-09 1.2251543999e-08 0.999998507094
76.4505958399 0.0373947830324 9.41762190633e-09 1.21080280536e-08 0.999998516527
77.2283956488 0.0369470347859 9.39952615423e-09 1.1963051993e-08 0.999998525945
78.014108706 0.0364947311989 9.37891670071e-09 1.18166009623e-08 0.999998535344
78.8078155198 0.0360378259258 9.35572032837e-09 1.16686599551e-08 0.999998544723
79.6095974181 0.0356172723435 9.34061438383e-09 1.1532489234e-08 0.999998554079
80.4195365556 0.0352364190941 9.33474999468e-09 1.14091730531e-08 0.999998563419
81.2377159233 0.0348917024296 9.33747006661e-09 1.12975575093e-08 0.999998572754
82.0642193564 0.0345434786563 9.33833116838e-09 1.11848064014e-08 0.999998582092
82.8991315429 0.0337438197611 9.21496270467e-09 1.09258854624e-08 0.99999859143
83.7425380326 0.033456735578 9.22951843143e-09 1.08329306954e-08 0.999998600645
84.5945252456 0.0331667306325 9.24260258103e-09 1.0739030217e-08 0.999998609874
85.4551804811 0.0328737752092 9.25416705759e-09 1.06441744057e-08 0.999998619117
86.3245919267 0.0325778392901 9.26416259843e-09 1.0548353542e-08 0.999998628371
87.2028486671 0.0322788925522 9.27253874843e-09 1.04515578075e-08 0.999998637635
88.0900406934 0.0319769043635 9.2792438337e-09 1.0353777284e-08 0.999998646908
88.986258912 0.0316718437808 9.28422493478e-09 1.02550019524e-08 0.999998656187
89.8915951545 0.0313636795459 9.28742785923e-09 1.01552216917e-08 0.999998665471
90.8061421867 0.0310888006192 9.2996917045e-09 1.00662188553e-08 0.999998674759
91.7299937181 0.0308160725335 9.31189370235e-09 9.97791243805e-09 0.999998684059
92.6632444116 0.0305405697427 9.3225344102e-09 9.8887076012e-09 0.99999869337
93.6059898932 0.0302622640174 9.33156347443e-09 9.79859520433e-09 0.999998702693
94.5583267619 0.0299811268408 9.33892932417e-09 9.70756601401e-09 0.999998712025
95.5203525993 0.029697129406 9.34457914452e-09 9.61561070289e-09 0.999998721363
96.49216598 0.029410242613 9.34845884919e-09 9.52271984873e-09 0.999998730708
97.4738664813 0.0291204370659 9.35051305251e-09 9.42888393341e-09 0.999998740057
98.4655546937 0.0288276830697 9.35068504095e-09 9.33409334198e-09 0.999998749407
99.467332231 0.028531950627 9.34891674393e-09 9.23833836169e-09 0.999998758758
100.479301741 0.0282237804678 9.34202773039e-09 9.13855618275e-09 0.999998768107
101.501566915 0.0279018896097 9.32944311787e-09 9.03433138922e-09 0.999998777449
102.534232501 0.02757672387 9.31452931233e-09 8.92904622431e-09 0.999998786778
103.577404311 0.0272482499304 9.29721760029e-09 8.82268989991e-09 0.999998796093
104.631189235 0.0269164341338 9.27743764857e-09 8.71525151816e-09 0.99999880539
105.695695248 0.0265812424803 9.25511746892e-09 8.60672007034e-09 0.999998814667
106.771031426 0.0262426406244 9.23018338203e-09 8.49708443571e-09 0.999998823922
107.857307955 0.0259005938712 9.20255998068e-09 8.38633338039e-09 0.999998833153
108.954636139 0.0255550671725 9.17217009215e-09 8.27445555624e-09 0.999998842355
110.063128417 0.0252100334754 9.14038804568e-09 8.16273736066e-09 0.999998851527
111.182898372 0.0249285403293 9.13028215972e-09 8.07159291125e-09 0.999998860668
112.314060741 0.0246441833033 9.11796494715e-09 7.9795211684e-09 0.999998869798
113.45673143 0.0243569332609 9.10337078843e-09 7.88651269795e-09 0.999998878916
114.611027522 0.0240667607686 9.08643251453e-09 7.79255796972e-09 0.999998888019
115.777067294 0.0237736360938 9.0670813731e-09 7.6976473566e-09 0.999998897106
116.954970223 0.0234775292014 9.045246994e-09 7.60177113352e-09 0.999998906173
118.144857006 0.0231784097506 9.02085735401e-09 7.50491947647e-09 0.999998915218
119.346849563 0.022876247092 8.9938387409e-09 7.4070824615e-09 0.999998924239
120.561071058 0.0225903917907 8.97181312333e-09 7.31452559323e-09 0.999998933233
121.787645907 0.0223244200739 8.95638554025e-09 7.2284068155e-09 0.999998942205
123.026699791 0.0220557423907 8.93861872791e-09 7.14141187496e-09 0.999998951161
124.27835967 0.0217843312107 8.91844425699e-09 7.05353185762e-09 0.9999989601
125.542753798 0.0215101587237 8.89579208927e-09 6.96475775883e-09 0.999998969018
126.820011729 0.0212331968366 8.87059054253e-09 6.87508048228e-09 0.999998977914
128.11026434 0.0209534171702 8.84276625483e-09 6.78449083915e-09 0.999998986784
129.413643837 0.0206707910568 8.81224414793e-09 6.69297954713e-09 0.999998995627
130.730283771 0.0204041636479 8.78707554672e-09 6.60664846337e-09 0.999999004439
132.060319052 0.0201501320963 8.76596228993e-09 6.52439578255e-09 0.999999013227
133.403885963 0.0198935160562 8.74237411731e-09 6.44130627217e-09 0.999999021992
134.761122174 0.0196342892331 8.71623962716e-09 6.3573714184e-09 0.999999030735
136.132166754 0.0193724250654 8.68748574601e-09 6.27258262082e-09 0.999999039451
137.517160188 0.0191078967209 8.65603769235e-09 6.18693119149e-09 0.999999048139
138.916244391 0.0188406770947 8.62181893949e-09 6.10040835411e-09 0.999999056795
140.32956272 0.0185792603091 8.58869043853e-09 6.01576441405e-09 0.999999065416
141.757259991 0.0183434916666 8.56597248927e-09 5.93942506654e-09 0.999999074005
143.199482495 0.0181053243404 8.54077175801e-09 5.86230905105e-09 0.999999082571
144.656378009 0.0178647339264 8.51301693601e-09 5.78440846584e-09 0.999999091112
146.128095815 0.0176216957725 8.4826350473e-09 5.7057153288e-09 0.999999099625
147.614786713 0.0173761849756 8.44955141243e-09 5.62622157659e-09 0.999999108108
149.116603038 0.0171281763793 8.41368961148e-09 5.54591906383e-09 0.999999116557
150.633698674 0.0168900725429 8.38113841515e-09 5.46882360568e-09 0.999999124971
152.166229072 0.016667047532 8.35461248203e-09 5.39661050883e-09 0.999999133352
153.714351262 0.0164417534895 8.32553033189e-09 5.323662724e-09 0.999999141707
155.278223875 0.0162141673307 8.29381919938e-09 5.24997277657e-09 0.999999150032
156.858007152 0.0159842657358 8.25940462255e-09 5.17553311586e-09 0.999999158326
158.453862968 0.0157520251477 8.22221040606e-09 5.10033611437e-09 0.999999166585
160.065954842 0.0155184861821 8.18271983594e-09 5.02471871222e-09 0.999999174807
161.694447959 0.0153077774119 8.15373523055e-09 4.95649348149e-09 0.99999918299
163.339509182 0.0150949249143 8.12216039566e-09 4.8875741349e-09 0.999999191144
165.001307075 0.0148799068792 8.08792203584e-09 4.81795361059e-09 0.999999199266
166.680011913 0.0146627012746 8.05094514992e-09 4.74762477485e-09 0.999999207354
168.375795706 0.0144432858446 8.01115299401e-09 4.67658042141e-09 0.999999215405
170.088832214 0.0142230237646 7.96924343613e-09 4.60526193185e-09 0.999999223416
171.819296964 0.0140261138347 7.93886935846e-09 4.54150461699e-09 0.999999231385
173.567367268 0.0138272005651 7.90590691629e-09 4.47709864234e-09 0.999999239324
175.333222244 0.0136262635742 7.87028316043e-09 4.41203740851e-09 0.99999924723
177.117042831 0.0134232822728 7.83192344614e-09 4.34631424896e-09 0.9999992551
178.91901181 0.0132182358624 7.79075139643e-09 4.27992242935e-09 0.999999262932
180.739313818 0.0130190895485 7.75144378244e-09 4.21544099744e-09 0.999999270723
182.578135376 0.0128297129938 7.71640594357e-09 4.15412290839e-09 0.999999278475
184.435664899 0.0126384097434 7.6786822291e-09 4.09218097596e-09 0.999999286191
186.31209272 0.012445160195 7.63819767389e-09 4.02960885325e-09 0.99999929387
188.207611107 0.0122499445474 7.59487557587e-09 3.96640012875e-09 0.999999301508
190.122414286 0.012054171458 7.54953222895e-09 3.90301091062e-09 0.999999309103
192.056698458 0.0118775378499 7.51458913497e-09 3.84581885045e-09 0.999999316652
194.010661821 0.0116991071913 7.47700507851e-09 3.78804492465e-09 0.999999324167
195.984504589 0.0115188611991 7.4367064502e-09 3.72968321339e-09 0.999999331644
197.978429012 0.0113367814044 7.39361793591e-09 3.67072773661e-09 0.999999339081
199.992639399 0.0111528491502 7.34766247979e-09 3.61117245341e-09 0.999999346474
202.027342138 0.0109845839239 7.31043331567e-09 3.55668998514e-09 0.999999353822
204.082745714 0.0108146711097 7.27057842467e-09 3.50167404563e-09 0.999999361132
206.159060737 0.0106430296215 7.22798189565e-09 3.44609838011e-09 0.999999368403
208.256499956 0.010469641872 7.18256805804e-09 3.38995729399e-09 0.999999375631
210.375278287 0.010297455544 7.13631460171e-09 3.3342052152e-09 0.999999382813
212.515612832 0.010137434716 7.09689321385e-09 3.28239219429e-09 0.99999938995
214.677722901 0.00997578585395 7.0547796928e-09 3.2300520335e-09 0.999999397047
216.861830036 0.00981249239446 7.00989979388e-09 3.17717936978e-09 0.999999404101
219.068158033 0.00964753760559 6.96217755882e-09 3.12376878549e-09 0.999999411111
221.296932963 0.00949155564711 6.91929985325e-09 3.07326350705e-09 0.999999418073
223.548383201 0.00934171735604 6.87935331141e-09 3.02474748196e-09 0.999999424993
225.822739441 0.00919035462696 6.83674370751e-09 2.97573786026e-09 0.999999431872
228.120234728 0.00903745195041 6.79139779644e-09 2.92622962015e-09 0.999999438709
230.441104474 0.00888501762291 6.74477707146e-09 2.87687302642e-09 0.9999994455
232.78558649 0.00873974531154 6.70199688353e-09 2.82983541639e-09 0.999999452245
235.153921003 0.00859299501592 6.65650316543e-09 2.78231925098e-09 0.999999458947
237.546350687 0.00844475169922 6.60822171606e-09 2.73431966142e-09 0.999999465603
239.963120682 0.0082950001716 6.5570766265e-09 2.6858317294e-09 0.999999472212
242.404478625 0.00815988029968 6.51589062699e-09 2.64208136993e-09 0.999999478769
244.870674671 0.00802363603899 6.47228088381e-09 2.59796694549e-09 0.999999485285
247.36196152 0.00788600564444 6.42597982937e-09 2.55340370583e-09 0.999999491757
249.878594442 0.00774697501365 6.37691411565e-09 2.50838708476e-09 0.999999498183
252.420831305 0.0076184016575 6.33488035353e-09 2.4667564166e-09 0.99999950456
254.988932603 0.00748912164053 6.29073765285e-09 2.42489693928e-09 0.999999510895
257.583161475 0.00735852634312 6.24392498164e-09 2.38261158832e-09 0.999999517185
260.203783742 0.00722738124523 6.19503736686e-09 2.34014821788e-09 0.999999523429
262.851067927 0.00710423302643 6.15143306157e-09 2.30027415078e-09 0.999999529624
265.525285285 0.00697983191144 6.1052043712e-09 2.25999440938e-09 0.999999535776
268.22670983 0.00685416515341 6.05627999621e-09 2.21930486639e-09 0.999999541881
270.955618368 0.00673161788959 6.008512582e-09 2.17962538204e-09 0.999999547937
273.712290515 0.0066160680345 5.96545562965e-09 2.14221158328e-09 0.999999553946
276.497008736 0.00649934258811 5.91982986505e-09 2.10441714072e-09 0.999999559911
279.310058369 0.00638142959009 5.87156557669e-09 2.06623818173e-09 0.999999565831
282.151727654 0.00626993175045 5.82766911953e-09 2.03013638193e-09 0.999999571703
285.022307764 0.00615976603355 5.78352246867e-09 1.99446590914e-09 0.99999957753
287.922092836 0.00604847950298 5.73681126128e-09 1.95843252895e-09 0.999999583314
290.851379996 0.00593830478052 5.68961619087e-09 1.92275914025e-09 0.999999589051
293.810469396 0.00583254171736 5.64513690859e-09 1.88851419933e-09 0.99999959474
296.799664241 0.00572570263263 5.59811160743e-09 1.85392085421e-09 0.999999600385
299.819270819 0.00561777657901 5.54847156989e-09 1.81897556027e-09 0.999999605984
302.869598537 0.00551810116199 5.50547377484e-09 1.78670173361e-09 0.999999611532
305.950959948 0.00541800643361 5.460604151e-09 1.75429213845e-09 0.999999617038
309.063670785 0.00531689335266 5.41321486833e-09 1.72155281169e-09 0.999999622498
312.208049994 0.00522107627487 5.36974290622e-09 1.69052827373e-09 0.999999627911
315.384419766 0.00512699366337 5.32662807809e-09 1.66006533727e-09 0.999999633281
318.593105568 0.00503195386591 5.28107557346e-09 1.6292924743e-09 0.999999638608
321.83443618 0.00493913464215 5.23639904813e-09 1.59923860919e-09 0.999999643889
325.108743727 0.00484784056283 5.19190020789e-09 1.56967856942e-09 0.999999649125
328.416363714 0.00475561766776 5.14494905026e-09 1.53981778912e-09 0.999999654317
331.757635055 0.00466640693267 5.09979705056e-09 1.51093231378e-09 0.999999659462
335.132900118 0.00457988413921 5.05616123414e-09 1.48291716499e-09 0.999999664562
338.542504749 0.00449248107252 5.01012795324e-09 1.45461699321e-09 0.999999669618
341.986798317 0.00440836826536 4.9663413564e-09 1.42738217204e-09 0.999999674628
345.466133742 0.0043264969281 4.92369607797e-09 1.40087311468e-09 0.999999679594
348.980867537 0.00424379264101 4.87871143848e-09 1.37409435713e-09 0.999999684518
352.53135984 0.00416497102944 4.83681079865e-09 1.34857276811e-09 0.999999689397
356.117974454 0.00408726878126 4.79486573837e-09 1.3234136169e-09 0.999999694234
359.741078884 0.0040087759991 4.75062971263e-09 1.2979984993e-09 0.999999699029
363.401044374 0.00393331992987 4.70863256691e-09 1.27356663665e-09 0.999999703779
367.098245942 0.00385739112978 4.66471747418e-09 1.24898170883e-09 0.999999708488
370.833062426 0.00378200401121 4.62008314213e-09 1.22457217166e-09 0.999999713153
374.605876515 0.00371047405933 4.57881760507e-09 1.20141154352e-09 0.999999717773
378.417074793 0.00363821636971 4.53532700739e-09 1.17801528174e-09 0.999999722351
382.267047775 0.00356843574111 4.49359679819e-09 1.15542106565e-09 0.999999726887
386.156189952 0.00350021085339 4.45252704685e-09 1.13333058169e-09 0.99999973138
390.084899826 0.00343140042829 4.40940406935e-09 1.11105050704e-09 0.999999735833
394.053579954 0.00336685564027 4.37047994167e-09 1.09015159974e-09 0.999999740242
398.062636991 0.0033016541808 4.32944629524e-09 1.0690400693e-09 0.999999744613
402.112481725 0.00323770277042 4.28878118711e-09 1.04833329129e-09 0.999999748942
406.203529126 0.00317487336446 4.24834187174e-09 1.02798980623e-09 0.999999753231
410.336198386 0.00311173086503 4.20621256598e-09 1.00754494488e-09 0.999999757479
414.510912961 0.00305166615716 4.16698894781e-09 9.88096639284e-10 0.999999761686
418.728100614 0.00299099035767 4.12568891681e-09 9.68450468807e-10 0.999999765853
422.988193463 0.0029326517659 4.08637388405e-09 9.49561061023e-10 0.999999769978
427.291628021 0.00287499000324 4.04678452854e-09 9.30890803213e-10 0.999999774065
431.638845239 0.00281821527867 4.00722792716e-09 9.12507758786e-10 0.999999778111
436.03029056 0.00276332313436 3.96915164224e-09 8.94734273576e-10 0.999999782119
440.466413954 0.00270825516953 3.92963069696e-09 8.76903859574e-10 0.999999786088
444.94766997 0.00265591683282 3.89289568698e-09 8.59957269761e-10 0.999999790017
449.474517785 0.00260304601173 3.85421802635e-09 8.4283826724e-10 0.99999979391
454.047421242 0.00255183297437 3.81682999732e-09 8.26256037239e-10 0.999999797765
458.666848908 0.0025003868704 3.77793011339e-09 8.0959834278e-10 0.999999801581
463.333274114 0.00245064285332 3.74044154373e-09 7.93491765726e-10 0.999999805359
468.047175008 0.00240129189352 3.70240515005e-09 7.77512456389e-10 0.9999998091
472.809034602 0.00235327314218 3.66528258315e-09 7.61964501803e-10 0.999999812802
477.619340823 0.00230605402184 3.62827954261e-09 7.46675459125e-10 0.999999816467
482.478586561 0.00225984016424 3.59174192965e-09 7.31711909696e-10 0.999999820096
487.387269722 0.00221459761694 3.55564478774e-09 7.17062860081e-10 0.999999823687
492.345893276 0.00217018844333 3.51979301035e-09 7.02683647893e-10 0.999999827243
497.354965311 0.00212678293069 3.48448807387e-09 6.88629410323e-10 0.999999830763
502.414999085 0.00208399742468 3.44912657765e-09 6.74775924218e-10 0.999999834247
507.526513076 0.002041951184 3.41392085266e-09 6.6116180427e-10 0.999999837696
512.690031039 0.00200047156645 3.37859872772e-09 6.47731150788e-10 0.99999984111
517.906082056 0.00195949359158 3.34306035243e-09 6.34462923802e-10 0.999999844489
523.175200592 0.0019195261863 3.30819079566e-09 6.21521908369e-10 0.999999847832
528.497926551 0.00188010309712 3.27321332843e-09 6.08757136628e-10 0.99999985114
533.874805328 0.00184188991091 3.23930956506e-09 5.96384118438e-10 0.999999854413
539.306387869 0.00180391880369 3.20480720458e-09 5.84089482817e-10 0.999999857653
544.793230722 0.00176740859792 3.17188931797e-09 5.72267871358e-10 0.999999860858
550.335896101 0.00173091710514 3.1380038274e-09 5.60452318958e-10 0.999999864029
555.934951937 0.00169593560403 3.10586586245e-09 5.49125685606e-10 0.999999867167
561.590971941 0.00166107231469 3.0729678435e-09 5.37837327949e-10 0.999999870273
567.30453566 0.00162707803896 3.04070296412e-09 5.26830347539e-10 0.999999873346
573.076228536 0.00159341760196 3.00809371858e-09 5.15931460517e-10 0.999999876387
578.906641971 0.00156001632948 2.97500044524e-09 5.05116488175e-10 0.999999879395
584.796373379 0.00152770896812 2.94302978269e-09 4.94655712474e-10 0.99999988237
590.746026256 0.00149561049209 2.91050714964e-09 4.84262571596e-10 0.999999885313
596.756210235 0.00146464698586 2.87924928565e-09 4.74236921714e-10 0.999999888224
602.827541154 0.00143410223559 2.84788571172e-09 4.64346860501e-10 0.999999891103
608.960641114 0.00140409708666 2.81666839286e-09 4.54631516393e-10 0.999999893951
615.156138547 0.00137503460891 2.78643136288e-09 4.45221399064e-10 0.999999896767
621.414668278 0.00134625185342 2.75586013749e-09 4.35901852787e-10 0.999999899554
627.736871591 0.00131828754695 2.72607089856e-09 4.26847311491e-10 0.99999990231
634.123396292 0.00129076350412 2.69630993963e-09 4.17935322821e-10 0.999999905036
640.574896781 0.00126344757542 2.66610039925e-09 4.09090719263e-10 0.999999907732
647.092034115 0.00123674490862 2.63630433053e-09 4.00444683307e-10 0.999999910398
653.675476074 0.00121048192352 2.60657279724e-09 3.91941011549e-10 0.999999913035
660.325897235 0.00118457931821 2.57674732822e-09 3.83554026886e-10 0.999999915641
667.043979038 0.00115957065407 2.54800949849e-09 3.75456490749e-10 0.999999918218
673.830409853 0.00113496106081 2.51930603308e-09 3.67488169463e-10 0.999999920766
680.685885055 0.00111072041507 2.49058207218e-09 3.59639309411e-10 0.999999923285
687.611107096 0.00108723144695 2.46271551827e-09 3.5203383448e-10 0.999999925776
694.606785571 0.00106419903719 2.43506883014e-09 3.44576188227e-10 0.999999928238
701.673637296 0.00104153460053 2.4074552341e-09 3.37237687703e-10 0.999999930674
708.812386379 0.00101941418707 2.38029798962e-09 3.30075336032e-10 0.999999933081
716.023764298 0.00099761044012 2.35308589307e-09 3.23015517568e-10 0.999999935461
723.308509968 0.000976064629494 2.32568830091e-09 3.16039216107e-10 0.999999937814
730.667369826 0.000954833343431 2.29824671385e-09 3.09164754312e-10 0.99999994014
738.101097901 0.000934219169456 2.2715065009e-09 3.02490106766e-10 0.999999942438
745.610455893 0.000914050850952 2.24507940137e-09 2.95959822421e-10 0.99999994471
753.196213254 0.000894253421435 2.2187996907e-09 2.89549627935e-10 0.999999946955
760.859147261 0.000874832365486 2.19269621245e-09 2.83261299158e-10 0.999999949174
768.600043102 0.000855930026751 2.16714527277e-09 2.77140925429e-10 0.999999951366
776.41969395 0.000837470991635 2.14198129469e-09 2.71164088638e-10 0.999999953534
784.318901052 0.00081936669787 2.11699751388e-09 2.65302113276e-10 0.999999955676
792.298473803 0.000801612892232 2.09219842559e-09 2.59553622196e-10 0.999999957793
800.359229834 0.000784187737512 2.06754210601e-09 2.53911544743e-10 0.999999959885
808.501995096 0.000766929716534 2.04261266381e-09 2.48323583396e-10 0.999999961952
816.72760394 0.000750050939878 2.01798229756e-09 2.42858417277e-10 0.999999963995
825.036899208 0.000733521289173 1.99358819732e-09 2.37506294381e-10 0.999999966013
833.430732317 0.000717338812002 1.96944201335e-09 2.32266582537e-10 0.999999968006
841.909963345 0.000701500355555 1.94555226847e-09 2.27138260899e-10 0.999999969976
850.47546112 0.000686003187997 1.92192873341e-09 2.22120444928e-10 0.999999971921
859.128103312 0.000670898279176 1.89873327722e-09 2.17229638111e-10 0.999999973843
867.868776517 0.000656144398028 1.87587047341e-09 2.12452490275e-10 0.999999975742
876.698376354 0.000641706303021 1.85325792365e-09 2.07777590591e-10 0.999999977618
885.617807551 0.00062757919343 1.83089835945e-09 2.03203384636e-10 0.999999979471
894.627984044 0.000613705930174 1.80864010613e-09 1.9871137139e-10 0.999999981302
903.729829064 0.00060001685584 1.78628777619e-09 1.94278996534e-10 0.999999983111
912.924275237 0.000586530687281 1.7639036262e-09 1.89912320383e-10 0.999999984897
922.212264677 0.000573347976066 1.74180100091e-09 1.85643900452e-10 0.999999986661
931.594749082 0.000560463201779 1.71998038349e-09 1.8147194929e-10 0.999999988403
941.072689834 0.000547870254866 1.69844016212e-09 1.77394488688e-10 0.999999990123
950.647058095 0.000535564471025 1.67718289823e-09 1.73410008398e-10 0.999999991821
960.318834907 0.000523537837435 1.65620037979e-09 1.69515913952e-10 0.999999993498
970.089011294 0.000511785268772 1.635493131e-09 1.65710558779e-10 0.999999995155
979.958588363 0.000500301285504 1.61506014644e-09 1.61992168664e-10 0.99999999679
989.928577405 0.000489079290345 1.59489645745e-09 1.58358607478e-10 0.999999998405
1000.0 0.00047810732 0.0 1.54806001633e-10 1.0
