0.001 2.2650870094e-32 3.16996831963e-34
0.00103578040552 2.58085124247e-32 3.16726812549e-34
0.00107284104845 2.89666951789e-32 3.16400546988e-34
0.00111122773622 3.2032832005e-32 3.16025685596e-34
0.00115098791524 3.47950420656e-32 3.15602474469e-34
0.0011921707296 3.71651372794e-32 3.15128397931e-34
0.00123482708175 3.91930228884e-32 3.14614260387e-34
0.00127900969548 4.04286663655e-32 3.14048060449e-34
0.00132477318104 4.13231959806e-32 3.13453816916e-34
0.00137217410267 4.15061080012e-32 3.12825507309e-34
0.00142127104851 4.12083746056e-32 3.12183250018e-34
0.00147212470297 4.05782951663e-32 3.11518879358e-34
0.00152479792182 3.93847588748e-32 3.10844921406e-34
0.00157935580979 3.80624348085e-32 3.10171092109e-34
0.00163586580112 3.64919717227e-32 3.09499396744e-34
0.00169439774285 3.48292558355e-32 3.08834093879e-34
0.0017550239812 3.31325142288e-32 3.08177785948e-34
0.00181781945094 3.14279855108e-32 3.07531511055e-34
0.00188286176805 2.97674579752e-32 3.06895969867e-34
0.00195023132564 2.81676396315e-32 3.06274912284e-34
0.00202001139333 2.66552988464e-32 3.05664034621e-34
0.00209228822013 2.51978854826e-32 3.05066757406e-34
0.0021671511411 2.38544693634e-32 3.0448175091e-34
0.00224469268775 2.25710890577e-32 3.03908399521e-34
0.00232500870238 2.13592770776e-32 3.03348553407e-34
0.00240819845658 2.02269186528e-32 3.02794509758e-34
0.00249436477392 1.91420872801e-32 3.02252201156e-34
0.00258361415704 1.81339679458e-32 3.01725561724e-34
0.00267605691927 1.71709650249e-32 3.01204417451e-34
0.00277180732103 1.62571467705e-32 3.00694627963e-34
0.00287098371099 1.54041880627e-32 3.00195726737e-34
0.0029737086724 1.45877853388e-32 2.99703136066e-34
0.00308010917459 1.38344804571e-32 2.99223427092e-34
0.00319031672989 1.31390467595e-32 2.98749272778e-34
0.00330446755622 1.25146142533e-32 2.98280785637e-34
0.00342270274539 1.20076350949e-32 2.97817563853e-34
0.00354516843759 1.16432675401e-32 2.97357062124e-34
0.00367201600191 1.15243043882e-32 2.96887165831e-34
0.00380340222352 1.17365366754e-32 2.96400371943e-34
0.00393948949742 1.23657774021e-32 2.95877068536e-34
0.00408044602917 1.35053818506e-32 2.95295221341e-34
0.00422644604278 1.51712744923e-32 2.94627637646e-34
0.00437766999609 1.73373886938e-32 2.93842785677e-34
0.00453430480377 1.98823556017e-32 2.92914388017e-34
0.00469654406838 2.2593581024e-32 2.91814011456e-34
0.00486458831968 2.5219033624e-32 2.90534184198e-34
0.00503864526243 2.74682131399e-32 2.89071798501e-34
0.00521893003317 2.90980552713e-32 2.87444516881e-34
0.00540566546612 2.98998523435e-32 2.85688780623e-34
0.00559908236859 2.98690948651e-32 2.83848015535e-34
0.00579941980626 2.91457829719e-32 2.81962399181e-34
0.00600692539869 2.78902353782e-32 2.80075523418e-34
0.00622185562536 2.62912232766e-32 2.78219194495e-34
0.00644447614271 2.45215380472e-32 2.76415175775e-34
0.00667506211244 2.27100022496e-32 2.74679393302e-34
0.00691389854167 2.09556597552e-32 2.73015437953e-34
0.00716128063519 1.93127388573e-32 2.71428576867e-34
0.00741751416034 1.78163589226e-32 2.69909818123e-34
0.00768291582492 1.65047998774e-32 2.68456501522e-34
0.00795781366869 1.54257555779e-32 2.67056476049e-34
0.00824254746878 1.46762841679e-32 2.65690703122e-34
0.0085374691597 1.44355609312e-32 2.64320868297e-34
0.00884294326833 1.48051445615e-32 2.62895531513e-34
0.00915934736443 1.58650213759e-32 2.61347949075e-34
0.0094870725274 1.75613660139e-32 2.59599909244e-34
0.00982652382959 1.96817072728e-32 2.5758321922e-34
0.010178120837 2.17566868427e-32 2.55260972247e-34
0.010542298128 2.33151823192e-32 2.5264322866e-34
0.0109195058301 2.40398943401e-32 2.49792940088e-34
0.0113102101767 2.38222517588e-32 2.46810007433e-34
0.0117148940833 2.26996093596e-32 2.43806505016e-34
0.0121340577442 2.10585168778e-32 2.40879914871e-34
0.0125682192509 1.9244057082e-32 2.38088723004e-34
0.0130179152323 1.7534769802e-32 2.35448480475e-34
0.0134837015183 1.62489095428e-32 2.32937557133e-34
0.0139661538265 1.55963844163e-32 2.30486009549e-34
0.0144658684739 1.58790338661e-32 2.27976120396e-34
0.014983463114 1.69305866918e-32 2.25266047804e-34
0.0155195775003 1.84965206947e-32 2.22234172998e-34
0.0160748742767 1.98918397897e-32 2.18832550211e-34
0.016650039797 2.04048399963e-32 2.15132457631e-34
0.0172457849728 1.99546235653e-32 2.11294571763e-34
0.0178628461526 1.86103726021e-32 2.07495718467e-34
0.0185019860316 1.70866199481e-32 2.03853232559e-34
0.0191639945947 1.59741180655e-32 2.00358739583e-34
0.0198496900926 1.58087915584e-32 1.96879083343e-34
0.0205599200535 1.65522821226e-32 1.93208576616e-34
0.0212955623304 1.7530688525e-32 1.89204650736e-34
0.0220575261863 1.79147890804e-32 1.84891103202e-34
0.0228467534179 1.73273059406e-32 1.80449128841e-34
0.0236642195199 1.61924254104e-32 1.76072048908e-34
0.0245109348906 1.54128610713e-32 1.71796756193e-34
0.0253879460806 1.55206109328e-32 1.6746220668e-34
0.0262963370866 1.6033704123e-32 1.62882799125e-34
0.0272372306912 1.60236686582e-32 1.58063120823e-34
0.0282117898504 1.53071548083e-32 1.53183296164e-34
0.0292212191316 1.46789358236e-32 1.48345249797e-34
0.0302667662019 1.47079870035e-32 1.43434232754e-34
0.0313497233702 1.47632633378e-32 1.38331981136e-34
0.0324714291853 1.42550010509e-32 1.33127675286e-34
0.0336332700892 1.38176091755e-32 1.27912435022e-34
0.0348366821319 1.37336208307e-32 1.22610018335e-34
0.0360831527454 1.33919903963e-32 1.17202297357e-34
0.037374222583 1.29966908496e-32 1.11752266105e-34
0.0387114874229 1.27440053543e-32 1.06245287195e-34
0.040096600141 1.23651890173e-32 1.00680172189e-34
0.0415312727539 1.20377389262e-32 9.5077486095e-35
0.0430172785347 1.16758902155e-32 8.94372082299e-35
0.0445564542049 1.12974234568e-32 8.37765685412e-35
0.0461507022047 1.09027701496e-32 7.81099030722e-35
0.0478019930445 1.04993740489e-32 7.2450451495e-35
0.0495123677401 1.00763233706e-32 6.68138353037e-35
0.051283940336 9.65075651839e-33 6.12152802224e-35
0.0531189005177 9.20651554157e-33 5.56710212889e-35
0.0550195163188 8.74007928322e-33 5.02047205939e-35
0.056988136924 8.26082872071e-33 4.48399997389e-35
0.0590271955728 7.75791337266e-33 3.96032500245e-35
0.0611392125669 7.24370660986e-33 3.45224616997e-35
0.0633267983856 6.71340589366e-33 2.96251325364e-35
0.0655926569119 6.15841241851e-33 2.49459401802e-35
0.0679395887751 5.58106393901e-33 2.05245941789e-35
0.0703704948121 4.98709294941e-33 1.6400941833e-35
0.0728883796529 4.37071713219e-33 1.26179385791e-35
0.0754963554343 3.7333274824e-33 9.22362975813e-36
0.0781976456468 3.07295833541e-33 6.27005115508e-36
0.0809955891185 2.38944091769e-33 3.81412515312e-36
0.0838936441423 1.68004523184e-33 1.9184311448e-36
0.08689539275 9.46049455764e-34 6.50956685822e-37
0.0900045451401 1.8581770683e-34 8.49476535326e-38
0.0932249442636 0.0 0.0
0.0965605705736 0.0 0.0
0.100015546946 0.0 0.0
0.103594143773 0.0 0.0
0.107300784247 0.0 0.0
0.111140049819 0.0 0.0
0.115116685871 0.0 0.0
0.119235607573 0.0 0.0
0.123501905964 0.0 0.0
0.127920854242 0.0 0.0
0.132497914281 0.0 0.0
0.137238743384 0.0 0.0
0.142149201275 0.0 0.0
0.14723535734 0.0 0.0
0.152503498132 0.0 0.0
0.157960135138 0.0 0.0
0.163612012829 0.0 0.0
0.169466116995 0.0 0.0
0.175529683383 0.0 0.0
0.181810206634 0.0 0.0
0.188315449555 0.0 0.0
0.195053452705 0.0 0.0
0.20203254434 0.0 0.0
0.209261350704 0.0 0.0
0.216748806691 0.0 0.0
0.22450416689 0.0 0.0
0.232537017021 0.0 0.0
0.240857285788 0.0 0.0
0.249475257145 0.0 0.0
0.258401583012 0.0 0.0
0.267647296439 0.0 0.0
0.277223825241 0.0 0.0
0.287143006127 0.0 0.0
0.297417099327 0.0 0.0
0.308058803749 0.0 0.0
0.31908127267 0.0 0.0
0.330498129999 0.0 0.0
0.342323487113 0.0 0.0
0.3545719603 0.0 0.0
0.367258688824 0.0 0.0
0.38039935364 0.0 0.0
0.394010196771 0.0 0.0
0.40810804139 0.0 0.0
0.422710312605 0.0 0.0
0.437835059006 0.0 0.0
0.453500974967 0.0 0.0
0.469727423754 0.0 0.0
0.486534461458 0.0 0.0
0.503942861787 0.0 0.0
0.521974141739 0.0 0.0
0.540650588199 0.0 0.0
0.559995285488 0.0 0.0
0.58003214389 0.0 0.0
0.600785929212 0.0 0.0
0.622282293388 0.0 0.0
0.644547806191 0.0 0.0
0.667609988071 0.0 0.0
0.691497344172 0.0 0.0
0.71623939956 0.0 0.0
0.741866735723 0.0 0.0
0.768411028367 0.0 0.0
0.795905086565 0.0 0.0
0.824382893315 0.0 0.0
0.853879647539 0.0 0.0
0.884431807591 0.0 0.0
0.916077136318 0.0 0.0
0.94885474774 0.0 0.0
0.982805155391 0.0 0.0
1.0179703224 0.0 0.0
1.05439371333 0.0 0.0
1.09212034797 0.0 0.0
