0.85973 1.0E-16
0.85983 9.9999997e-06
0.85993 3.9999999e-05
0.86003 0.00012
0.86013 0.00031999999
0.86023 0.00082000002
0.86033 0.0019700001
0.8604300001 0.0044200001
0.86053 0.0092799999
0.86063 0.01825
0.86073 0.03359
0.86083 0.057870001
0.86093 0.093379997
0.86103 0.14115
0.86113 0.20014
0.861230000007 0.26666
0.861330000001 0.33448
0.86143 0.39629
0.86153 0.44517
0.86163 0.47662
0.86173 0.48933
0.86183 0.48515
0.86193 0.46807
0.86203 0.44285
0.86213 0.41375
0.86223 0.3839
0.86233 0.35519
0.86243 0.32846
0.86253 0.30396
0.86263 0.28153
0.86273 0.26096
0.86283 0.24204
0.86293 0.22456
0.86303 0.20838
0.86313 0.19339
0.86323 0.17946
0.86333 0.16655
0.86343 0.15455
0.86353 0.14342
0.86363 0.13308
0.86373 0.12347
0.86383 0.11455
0.86393 0.10627
0.86403 0.098580003
0.86413 0.091449998
0.86423 0.084820002
0.86433 0.078670003
0.86443 0.072949998
0.86453 0.067649998
0.86463 0.062739998
0.86473 0.058169998
0.86483 0.053939998
0.86493 0.050009999
0.86503 0.046360001
0.86513 0.04298
0.86523 0.039840002
0.86533 0.036929999
0.86543 0.034230001
0.86553 0.03173
0.86563 0.029410001
0.86573 0.02726
0.86583 0.02526
0.86593 0.02341
0.86603 0.02169
0.86613 0.020099999
0.86623 0.01863
0.86633 0.01726
0.86643 0.016000001
0.86653 0.01482
0.86663 0.01373
0.86673 0.01272
0.86683 0.01179
0.86693 0.01092
0.86703 0.01012
0.86713 0.0093700001
0.86723 0.00868
0.86733 0.0080500003
0.86743 0.0074499999
0.86753 0.0068999999
0.86763 0.0063999998
0.86773 0.0059199999
0.86783 0.0054899999
0.86793 0.00508
0.86803 0.00471
0.86813 0.0043600001
0.86823 0.00404
0.86833 0.0037400001
0.86843 0.0034700001
0.86853 0.00321
0.86863 0.00297
0.86873 0.00275
0.86900 1.E-16
