0.001 2.89743211764e-35 4.03012633182e-35
0.00102115729094 2.89740229683e-35 4.03006846119e-35
0.00104276221283 2.89737082492e-35 4.0300294649e-35
0.00106482423634 2.89733930905e-35 4.02999919957e-35
0.00108735303251 2.89730573558e-35 4.02996930879e-35
0.00111035847697 2.89727222685e-35 4.0299383824e-35
0.00113385065431 2.89723768488e-35 4.02990614261e-35
0.00115783986248 2.89720367391e-35 4.02987269334e-35
0.0011823366173 2.89716987625e-35 4.0298386909e-35
0.0012073516571 2.89713448222e-35 4.02980403215e-35
0.00123289594737 2.89709660432e-35 4.02976833402e-35
0.00125898068562 2.89705721345e-35 4.02973249797e-35
0.00128561730627 2.89701896732e-35 4.0296962762e-35
0.00131281748565 2.89698177784e-35 4.02965991691e-35
0.00134059314714 2.89694286412e-35 4.02962208639e-35
0.00136895646638 2.89690106622e-35 4.02958427581e-35
0.00139791987662 2.8968568484e-35 4.02954600249e-35
0.00142749607415 2.89681529356e-35 4.02950735341e-35
0.0014576980239 2.89677269945e-35 4.02946782572e-35
0.00148853896509 2.89672951257e-35 4.02942729322e-35
0.00152003241704 2.89668423071e-35 4.02938648914e-35
0.00155219218512 2.89663616596e-35 4.02934559242e-35
0.00158503236677 2.89658851013e-35 4.02930363498e-35
0.0016185673577 2.89654148439e-35 4.02926111196e-35
0.00165281185818 2.89649235524e-35 4.02921775876e-35
0.00168778087953 2.89644325988e-35 4.02917379985e-35
0.00172348975063 2.89639190682e-35 4.02912896544e-35
0.00175995412471 2.89634003693e-35 4.02908405515e-35
0.00179718998616 2.89628633384e-35 4.02903807108e-35
0.00183521365756 2.89623095075e-35 4.02899124771e-35
0.00187404180684 2.89617503911e-35 4.0289435771e-35
0.00191369145458 2.89611944076e-35 4.02889551574e-35
0.00195417998144 2.89606200049e-35 4.02884672933e-35
0.00199552513585 2.89600378879e-35 4.02879686155e-35
0.00203774504172 2.89594266601e-35 4.02874616092e-35
0.00208085820642 2.89588098928e-35 4.02869462042e-35
0.00212488352889 2.89581749687e-35 4.02864238087e-35
0.00216984030791 2.89575300597e-35 4.02858997959e-35
0.00221574825059 2.89568875973e-35 4.02853526754e-35
0.00226262748097 2.89562204434e-35 4.02848024327e-35
0.00231049854886 2.89555468062e-35 4.02842490299e-35
0.00235938243886 2.89548563006e-35 4.02836792029e-35
0.00240930057955 2.8954115469e-35 4.02831044766e-35
0.00246027485286 2.89534008031e-35 4.02825114843e-35
0.00251232760371 2.8952667368e-35 4.02819161146e-35
0.00256548164974 2.89519166656e-35 4.02813127236e-35
0.0026197602914 2.89511612824e-35 4.02806983935e-35
0.00267518732206 2.89503531836e-35 4.02800702576e-35
0.00273178703854 2.89495501243e-35 4.02794327987e-35
0.00278958425169 2.89487463729e-35 4.02787818106e-35
0.0028486042973 2.8947908937e-35 4.02781215518e-35
0.00290887304717 2.89470495298e-35 4.02774508931e-35
0.00297041692053 2.89461678144e-35 4.0276765374e-35
0.00303326289551 2.89452789149e-35 4.02760679853e-35
0.00309743852108 2.89443895781e-35 4.02753595911e-35
0.00316297192902 2.89434686556e-35 4.02746424875e-35
0.00322989184635 2.89425200724e-35 4.02739096613e-35
0.00329822760783 2.89415540727e-35 4.02731598338e-35
0.0033680091689 2.89405690237e-35 4.02724018501e-35
0.00343926711876 2.89395497141e-35 4.0271630987e-35
0.0035120326938 2.8938540497e-35 4.02708418837e-35
0.00358633779128 2.89374926812e-35 4.02700391429e-35
0.00366221498332 2.89364263257e-35 4.0269225428e-35
0.00373969753119 2.89353504985e-35 4.02683923397e-35
0.00381881939987 2.89342197468e-35 4.02675465821e-35
0.00389961527294 2.89330841932e-35 4.02666871277e-35
0.00398212056781 2.89319333119e-35 4.02658106745e-35
0.0040663714512 2.89307585428e-35 4.02649147097e-35
0.00415240485504 2.89295608721e-35 4.02640087931e-35
0.00424025849265 2.89283151434e-35 4.0263084261e-35
0.00432997087522 2.89270517454e-35 4.02621534574e-35
0.00442158132876 2.89257794472e-35 4.02611755559e-35
0.00451513001133 2.89244845127e-35 4.02601991748e-35
0.00461065793059 2.892314924e-35 4.02592064448e-35
0.00470820696184 2.89217703959e-35 4.02581873019e-35
0.00480781986631 2.89203838479e-35 4.02571540729e-35
0.00490954030999 2.89189731299e-35 4.02561009697e-35
0.00501341288269 2.89175287835e-35 4.02550319589e-35
0.00511948311763 2.89160488999e-35 4.02539328756e-35
0.00522779751139 2.89145368926e-35 4.02528170913e-35
0.00533840354429 2.89130015183e-35 4.02516840565e-35
0.0054513497012 2.89114366958e-35 4.02505314269e-35
0.00556668549282 2.89098333958e-35 4.02493454623e-35
0.00568446147734 2.89081976742e-35 4.02481477623e-35
0.00580472928263 2.8906529004e-35 4.02469208924e-35
0.00592754162886 2.89048374264e-35 4.0245673665e-35
0.00605295235164 2.89030989127e-35 4.02444084667e-35
0.00618101642556 2.89013179412e-35 4.02431053728e-35
0.00631178998835 2.88995155129e-35 4.02417846467e-35
0.00644533036546 2.88976709666e-35 4.02404434479e-35
0.00658169609518 2.88958020311e-35 4.02390681931e-35
0.00672094695431 2.88938740506e-35 4.02376683671e-35
0.00686314398439 2.88918982112e-35 4.02362426673e-35
0.0070083495184 2.88898982399e-35 4.02347894899e-35
0.00715662720814 2.88878733765e-35 4.02333092864e-35
0.0073080420521 2.88858010817e-35 4.0231796528e-35
0.00746266042396 2.88836766101e-35 4.02302533652e-35
0.0076205501017 2.88814918131e-35 4.02287067497e-35
0.00778178029729 2.88792790956e-35 4.02269387855e-35
0.00794642168704 2.88770296808e-35 4.02254809695e-35
0.00811454644257 2.88747319545e-35 4.02237878144e-35
0.00828622826246 2.8872381818e-35 4.02220932619e-35
0.00846154240457 2.88699811928e-35 4.02203648112e-35
0.00864056571899 2.88675373617e-35 4.02186038451e-35
0.00882337668175 2.88650488448e-35 4.02168023479e-35
0.00901005542924 2.8862496342e-35 4.02149674606e-35
0.0092006837933 2.88599031091e-35 4.02130992308e-35
0.00939534533712 2.88572527242e-35 4.02111905583e-35
0.00959412539186 2.88545583778e-35 4.02092455256e-35
0.00979711109405 2.88518045888e-35 4.02072667867e-35
0.0100043914238 2.88489745895e-35 4.02052384742e-35
0.0102160572438 2.8846091681e-35 4.02031763249e-35
0.0104322013391 2.88431648529e-35 4.02010711074e-35
0.0106529184579 2.88401940327e-35 4.01989227593e-35
0.0108783053531 2.8837166038e-35 4.01967366016e-35
0.0111084608243 2.88340474465e-35 4.01945029051e-35
0.0113434857618 2.88308502577e-35 4.01922270481e-35
0.0115834831903 2.88276104491e-35 4.01899046941e-35
0.0118285583142 2.88243164161e-35 4.01875339035e-35
0.0120788185638 2.88209582759e-35 4.01851161866e-35
0.0123343736423 2.88175280198e-35 4.01826511306e-35
0.012595335574 2.88140101092e-35 4.01801365965e-35
0.0128618187531 2.8810431147e-35 4.01775688893e-35
0.0131339399944 2.88067945749e-35 4.01749543671e-35
0.013411818584 2.88030628651e-35 4.01722880298e-35
0.0136955763318 2.87992547855e-35 4.01695600663e-35
0.0139853376248 2.87953835734e-35 4.01667830957e-35
0.0142812294817 2.87914403743e-35 4.01639492277e-35
0.0145833816088 2.87874313457e-35 4.0161057207e-35
0.0148919264563 2.87833310822e-35 4.01581074166e-35
0.0152069992769 2.87791069891e-35 4.01550967868e-35
0.0155287381849 2.87748088866e-35 4.0152027948e-35
0.0158572842165 2.87704416107e-35 4.01488931552e-35
0.0161927813922 2.87660007761e-35 4.01456984062e-35
0.0165353767791 2.87614883275e-35 4.01424301505e-35
0.0168852205564 2.87568647167e-35 4.01391104777e-35
0.0172424660802 2.87521229462e-35 4.01357155816e-35
0.0176072699515 2.87472856474e-35 4.01322510231e-35
0.0179797920844 2.87423849364e-35 4.01287130009e-35
0.0183601957765 2.87373674863e-35 4.01251134465e-35
0.0187486477802 2.873225077e-35 4.01214329224e-35
0.019145318376 2.87270294417e-35 4.011768004e-35
0.0195503814469 2.87217070816e-35 4.01138489051e-35
0.0199640145551 2.87162857989e-35 4.01099377438e-35
0.0203863990192 2.87107821597e-35 4.0105952119e-35
0.0208177199944 2.87051394002e-35 4.01018709526e-35
0.021258166553 2.86993582539e-35 4.00977307103e-35
0.0217079317675 2.86934642152e-35 4.00934900695e-35
0.0221672127955 2.8687481138e-35 4.00891616522e-35
0.0226362109658 2.86813829648e-35 4.0084753534e-35
0.0231151318669 2.86751723535e-35 4.0080252448e-35
0.0236041854368 2.86688351714e-35 4.00756571162e-35
0.0241035860554 2.86623428069e-35 4.00709679568e-35
0.0246135526382 2.86557142961e-35 4.00661857727e-35
0.0251343087323 2.86489757124e-35 4.00613021503e-35
0.0256660826146 2.86421336858e-35 4.0056319844e-35
0.0262091073917 2.86351444733e-35 4.00512352681e-35
0.0267636211019 2.86279878995e-35 4.00460455978e-35
0.02732986682 2.86206817644e-35 4.00407518521e-35
0.0279080927636 2.86132414738e-35 4.00353492477e-35
0.0284985524016 2.86056641598e-35 4.00298356925e-35
0.029101504566 2.85979486649e-35 4.00242063038e-35
0.0297172135648 2.85901066488e-35 4.00184492764e-35
0.030345949298 2.85820772108e-35 4.00125612407e-35
0.030987987376 2.857387499e-35 4.00068080325e-35
0.0316436092404 2.8565503394e-35 4.00002221983e-35
0.0323131022874 2.85569752063e-35 3.99943460747e-35
0.0329967599935 2.8548311469e-35 3.99879448375e-35
0.0336948820446 2.85394738832e-35 3.99814405369e-35
0.0344077744671 2.85304674622e-35 3.99748201412e-35
0.0351357497619 2.85212641417e-35 3.99680641476e-35
0.0358791270419 2.85118653126e-35 3.99611689741e-35
0.0366382321712 2.85022815486e-35 3.99541318491e-35
0.0374133979086 2.84925293845e-35 3.99469502968e-35
0.038204964053 2.84825949957e-35 3.99396201599e-35
0.0390132775927 2.84724808037e-35 3.99321379015e-35
0.0398386928571 2.84621577134e-35 3.99245060225e-35
0.0406815716723 2.84516234397e-35 3.99167121459e-35
0.0415422835199 2.84408804852e-35 3.99087622564e-35
0.0424212056985 2.84299198897e-35 3.99006459763e-35
0.0433187234893 2.84187630916e-35 3.9892366125e-35
0.0442352303251 2.84073872741e-35 3.98839129557e-35
0.0451711279627 2.8395803838e-35 3.98752835836e-35
0.0461268266589 2.83839891968e-35 3.98664845885e-35
0.0471027453504 2.83719493787e-35 3.98574997317e-35
0.0480993118377 2.83596725249e-35 3.98483307266e-35
0.049116962972 2.83471548276e-35 3.9838974641e-35
0.0501561448475 2.83343838151e-35 3.98294232566e-35
0.0512173129962 2.83213827432e-35 3.98196773241e-35
0.0523009325882 2.83081303187e-35 3.980973162e-35
0.0534074786352 2.82946294103e-35 3.97995797658e-35
0.0545374361988 2.82808681231e-35 3.97892210289e-35
0.0556913006034 2.82668367662e-35 3.97786478786e-35
0.0568695776528 2.82525443634e-35 3.97678584485e-35
0.0580727838526 2.8237962292e-35 3.97568475768e-35
0.059301446636 2.82231234815e-35 3.97456090079e-35
0.0605561045954 2.82079837767e-35 3.97341421392e-35
0.0618373077182 2.81925688132e-35 3.97224368775e-35
0.0631456176283 2.81768520315e-35 3.97104795835e-35
0.0644816078317 2.81608366082e-35 3.96983053457e-35
0.0658458639686 2.81445200489e-35 3.96858643904e-35
0.0672389840695 2.81278930672e-35 3.96731705669e-35
0.0686615788177 2.81109589004e-35 3.96602158383e-35
0.0701142718168 2.8093690337e-35 3.96469948417e-35
0.0715976998644 2.80761100124e-35 3.96335029507e-35
0.0731125132307 2.80581770569e-35 3.9619735431e-35
0.0746593759442 2.80399315299e-35 3.9605685343e-35
0.0762389660821 2.8021318454e-35 3.95913455309e-35
0.0778519760681 2.80023732602e-35 3.95767144367e-35
0.0794991129757 2.79830625786e-35 3.95617828232e-35
0.081181098838 2.79633952954e-35 3.95465444979e-35
0.0828986709646 2.79433601812e-35 3.95309961749e-35
0.0846525822644 2.79229447308e-35 3.95150834629e-35
0.0864436015758 2.79021567797e-35 3.94989342059e-35
0.0882725140038 2.78809728025e-35 3.94824161125e-35
0.0901401212642 2.78594019246e-35 3.94655552012e-35
0.0920472420348 2.78374289836e-35 3.9448351107e-35
0.0939947123143 2.78150399373e-35 3.94307958076e-35
0.0959833857891 2.77922482189e-35 3.94128842718e-35
0.0980141342073 2.77690205134e-35 3.93946029771e-35
0.10008784776 2.77453811491e-35 3.93759536573e-35
0.102205435475 2.77212831611e-35 3.93569192955e-35
0.104367825608 2.7696761427e-35 3.93374984176e-35
0.106575966059 2.76717724118e-35 3.93176844587e-35
0.10883082478 2.76463331909e-35 3.92974671483e-35
0.111133390202 2.76204305475e-35 3.92768340372e-35
0.113484671671 2.75940440311e-35 3.92557886806e-35
0.115885699887 2.75671922614e-35 3.92343111025e-35
0.118337527354 2.75398303909e-35 3.92123987664e-35
0.120841228849 2.75119853563e-35 3.91900415057e-35
0.123397901885 2.74836281561e-35 3.91672301946e-35
0.126008667196 2.74547469112e-35 3.91439604525e-35
0.128674669228 2.74253602867e-35 3.91202138923e-35
0.131397076641 2.7395419568e-35 3.90959878854e-35
0.13417708282 2.73649630926e-35 3.90712719244e-35
0.137015906398 2.73339436675e-35 3.90460568762e-35
0.139914791792 2.7302368308e-35 3.90203324064e-35
0.142875009748 2.72702335502e-35 3.89940898566e-35
0.145897857897 2.72375082927e-35 3.89673147585e-35
0.148984661323 2.72042108461e-35 3.89400011805e-35
0.152136773148 2.71703078537e-35 3.89121379265e-35
0.155355575119 2.71358016076e-35 3.88837129481e-35
0.158642478221 2.71007036171e-35 3.8854716013e-35
0.161998923287 2.70649590081e-35 3.88251370888e-35
0.165426381638 2.70285928599e-35 3.87949639136e-35
0.168926355723 2.69915823643e-35 3.87641839398e-35
0.172500379778 2.69539059402e-35 3.87327924158e-35
0.176150020499 2.69155900992e-35 3.87007642809e-35
0.179876877731 2.68765864729e-35 3.86682284711e-35
0.183682585166 2.68369064081e-35 3.86347679725e-35
0.18756881106 2.67965386268e-35 3.86007969491e-35
0.191537258966 2.67554470083e-35 3.85661312314e-35
0.195589668479 2.67136537804e-35 3.85307769413e-35
0.199727815999 2.66711486943e-35 3.84947199959e-35
0.20395351551 2.66278845203e-35 3.8457942688e-35
0.208268619375 2.65838848751e-35 3.84204355465e-35
0.212675019148 2.65391358162e-35 3.83821837418e-35
0.217174646403 2.64935865704e-35 3.83431730829e-35
0.221769473581 2.6447295989e-35 3.83033898476e-35
0.226461514854 2.64002047239e-35 3.82628189499e-35
0.231252827009 2.63522842798e-35 3.82214455976e-35
0.23614551035 2.63035763536e-35 3.81792554746e-35
0.241141709615 2.62540505321e-35 3.81362323827e-35
0.246243614922 2.6203661337e-35 3.80923628502e-35
0.251453462724 2.61524213585e-35 3.80476297414e-35
0.256773536792 2.61003507941e-35 3.80020175414e-35
0.262206169214 2.60473879433e-35 3.79555102413e-35
0.267753741422 2.59935258054e-35 3.79081033434e-35
0.273418685228 2.59387973194e-35 3.78597444565e-35
0.279203483898 2.58831439341e-35 3.78104527652e-35
0.285110673238 2.5826554285e-35 3.7760198681e-35
0.2911428427 2.57690544709e-35 3.77089649504e-35
0.297302636527 2.57106033615e-35 3.76567347142e-35
0.303592754904 2.56511872135e-35 3.76034878862e-35
0.310015955145 2.55908010059e-35 3.75492084049e-35
0.316575052903 2.55294268985e-35 3.74938793775e-35
0.3232729234 2.54670648276e-35 3.74374728636e-35
0.330112502692 2.54036919854e-35 3.7379986084e-35
0.337096788953 2.53392838091e-35 3.73213876389e-35
0.34422884379 2.52738610035e-35 3.72616621086e-35
0.351511793587 2.5207378238e-35 3.72007869884e-35
0.358948830871 2.51398324403e-35 3.71387441533e-35
0.366543215716 2.50712209977e-35 3.70755133094e-35
0.374298277172 2.50015199831e-35 3.70110748321e-35
0.382217414719 2.49307137907e-35 3.69454067411e-35
0.390304099762 2.48588015464e-35 3.68784879561e-35
0.398561877154 2.4785763803e-35 3.68102966298e-35
0.406994366745 2.47115814038e-35 3.67408125509e-35
0.415605264972 2.46362507418e-35 3.66700130612e-35
0.424398346477 2.45597637237e-35 3.65978756796e-35
0.433377465766 2.44820890335e-35 3.65243782337e-35
0.442546558894 2.44032215296e-35 3.64494977735e-35
0.451909645193 2.43231566155e-35 3.63732133864e-35
0.461470829033 2.42418735274e-35 3.62954985751e-35
0.471234301621 2.41593626037e-35 3.62163317644e-35
0.481204342839 2.40756060289e-35 3.61356890079e-35
0.49138532312 2.39905960629e-35 3.6053546535e-35
0.501781705363 2.39043200648e-35 3.59698740433e-35
0.512398046889 2.38167675783e-35 3.58846766927e-35
0.523239001442 2.37279182122e-35 3.57978664341e-35
0.534309321224 2.36377586539e-35 3.57094764685e-35
0.545613858983 2.35462901263e-35 3.56194573527e-35
0.557157570136 2.34534911757e-35 3.55277869025e-35
0.568945514944 2.33593454689e-35 3.54344395502e-35
0.580982860731 2.32638447298e-35 3.53393891494e-35
0.593274884144 2.31669848533e-35 3.52426097441e-35
0.605826973472 2.30687475642e-35 3.51440749172e-35
0.618644631006 2.29691165963e-35 3.50437573077e-35
0.63173347545 2.28680914081e-35 3.49416307131e-35
0.645099244384 2.2765655098e-35 3.48376678598e-35
0.65874779678 2.26617930009e-35 3.47318426131e-35
0.672685115569 2.25564953355e-35 3.46241257305e-35
0.686917310268 2.24497657457e-35 3.45144910587e-35
0.70145061965 2.23415785152e-35 3.44029106586e-35
0.716291414486 2.22319197028e-35 3.42893565892e-35
0.731446200337 2.21207999399e-35 3.41738017716e-35
0.746921620402 2.20081951618e-35 3.40562265626e-35
0.76272445843 2.1894088412e-35 3.39365746686e-35
0.778861641701 2.17785000386e-35 3.38148455441e-35
0.795340244053 2.16613895905e-35 3.36910032291e-35
0.812167488989 2.15427654184e-35 3.35650182378e-35
0.829350752842 2.14226256448e-35 3.34368625712e-35
0.846897568008 2.13009370665e-35 3.33065078862e-35
0.864815626246 2.11777292614e-35 3.31739254296e-35
0.883112782057 2.1052958431e-35 3.30390867477e-35
0.901797056115 2.0926652699e-35 3.2901963235e-35
0.920876638796 2.07987839061e-35 3.27625277174e-35
0.940359893759 2.06693486213e-35 3.26207496087e-35
0.960255361616 2.05383561773e-35 3.24766044093e-35
0.980571763674 2.04057849688e-35 3.23300612262e-35
1.00131800576 2.02716471711e-35 3.2181093985e-35
1.02250318213 2.01359244259e-35 3.20297099208e-35
1.04413657943 1.99986278533e-35 3.18757591717e-35
1.06622768082 1.98597484345e-35 3.17193342027e-35
1.08878617007 1.9719284223e-35 3.15603695187e-35
1.11182193584 1.95772394081e-35 3.13988357357e-35
1.135345076 1.94336092771e-35 3.12347091993e-35
1.15936590209 1.92884015402e-35 3.10679607745e-35
1.18389494378 1.91416077757e-35 3.08985649801e-35
1.20894295354 1.89932332821e-35 3.07264971804e-35
1.23452091133 1.88432884698e-35 3.05517312493e-35
1.26064002942 1.86917701447e-35 3.03742446812e-35
1.28731175729 1.8538684179e-35 3.01940107523e-35
1.31454778666 1.83840321268e-35 3.00110071228e-35
1.34236005663 1.82278265344e-35 2.98252064664e-35
1.37076075889 1.80700698056e-35 2.96365999592e-35
1.39976234307 1.7910774753e-35 2.94451531343e-35
1.4293775222 1.77499483373e-35 2.92508491104e-35
1.45961927829 1.75875977831e-35 2.90536680181e-35
1.49050086802 1.7423734732e-35 2.88535912581e-35
1.52203582852 1.725837233e-35 2.86505972784e-35
1.55423798336 1.70915204155e-35 2.84446633052e-35
1.58712144856 1.69231950144e-35 2.82357720559e-35
1.6207006388 1.67534115474e-35 2.80239069947e-35
1.65499027373 1.6582184677e-35 2.78090562325e-35
1.69000538445 1.64095334263e-35 2.75912384306e-35
1.72576132005 1.62354749611e-35 2.73703429172e-35
1.76227375438 1.60600283364e-35 2.71464583323e-35
1.79955869291 1.58832150197e-35 2.69195426497e-35
1.83763247973 1.57050565218e-35 2.66895886947e-35
1.87651180474 1.55255747448e-35 2.64565902409e-35
1.91621371094 1.53447950255e-35 2.62205436055e-35
1.95675560191 1.51627402636e-35 2.59814461344e-35
1.99815524947 1.49794387267e-35 2.57392971498e-35
2.04043080142 1.47949243433e-35 2.54940914661e-35
2.08360078952 1.46092230354e-35 2.52458256573e-35
2.12768413762 1.44223630044e-35 2.49945045592e-35
2.17270016994 1.42343765046e-35 2.47401349192e-35
2.21866861955 1.40453012914e-35 2.44827265872e-35
2.26560963702 1.38551743023e-35 2.42222914524e-35
2.31354379926 1.36640230375e-35 2.39588423717e-35
2.36249211851 1.34718946146e-35 2.36923969787e-35
2.4124760516 1.32788277914e-35 2.34229745156e-35
2.46351750929 1.30848578843e-35 2.31506013561e-35
2.51563886596 1.28900321981e-35 2.28752866681e-35
2.56886296934 1.26943962207e-35 2.25970629694e-35
2.62321315055 1.24979891689e-35 2.23159520437e-35
2.67871323437 1.23008684906e-35 2.20319880405e-35
2.7353875496 1.21030717616e-35 2.17452082209e-35
2.79326093981 1.1904660343e-35 2.14556517836e-35
2.85235877417 1.17056751495e-35 2.11633670602e-35
2.91270695861 1.15061835854e-35 2.08683907673e-35
2.97433194714 1.13062266223e-35 2.05707841702e-35
3.03726075348 1.11058685927e-35 2.02705960343e-35
3.10152096289 1.09051704298e-35 1.99678744933e-35
3.16714074425 1.07041850607e-35 1.96626811597e-35
3.23414886241 1.05029749107e-35 1.93550831275e-35
3.30257469082 1.03016086237e-35 1.90451525292e-35
3.37244822439 1.01001484173e-35 1.87329623674e-35
3.44380009264 9.89865786208e-36 1.84185943697e-35
3.51666157312 9.69720592322e-36 1.81021340168e-35
3.59106460514 9.49586338599e-36 1.77836598456e-35
3.66704180376 9.29469729896e-36 1.74632630452e-35
3.74462647408 9.09378170522e-36 1.71410427938e-35
3.82385262584 8.8931903227e-36 1.68171029867e-35
3.90475498834 8.6929983343e-36 1.64915527476e-35
3.98736902566 8.49328089701e-36 1.61645053181e-35
4.0717309522 8.29411471881e-36 1.58360798915e-35
4.15787774857 8.09557768752e-36 1.55063913149e-35
4.24584717777 7.89775087933e-36 1.51755726505e-35
4.33567780177 7.70071586146e-36 1.48437579156e-35
4.42740899843 7.50455306676e-36 1.45110887789e-35
4.5210809787 7.30934470024e-36 1.41777118331e-35
4.61673480431 7.11517523897e-36 1.38437754288e-35
4.71441240573 6.92213051587e-36 1.35094358354e-35
4.81415660059 6.73029405581e-36 1.31748565927e-35
4.9160111124 6.53975364284e-36 1.28402062815e-35
5.02002058975 6.35059380467e-36 1.2505660205e-35
5.12623062587 6.16290478678e-36 1.21713951579e-35
5.23468777862 5.97677030656e-36 1.18375991963e-35
5.34543959091 5.79228163666e-36 1.15044614021e-35
5.45853461151 5.60952517898e-36 1.11721774894e-35
5.57402241637 5.42858793091e-36 1.08409496153e-35
5.69195363032 5.24956103161e-36 1.05109858609e-35
5.81237994926 5.07253023769e-36 1.01824980503e-35
5.93535416288 4.89758318486e-36 9.85569953317e-36
6.06093017771 4.72480749768e-36 9.53081068161e-36
6.18916304082 4.55428964371e-36 9.20806310464e-36
6.32010896392 4.38611453446e-36 8.88768365369e-36
6.45382534801 4.2203678321e-36 8.5699012768e-36
6.59037080855 4.05713399202e-36 8.25495202256e-36
6.72980520112 3.89649482744e-36 7.94308402039e-36
6.8721896477 3.73853143059e-36 7.63453315379e-36
7.01758656344 3.58332459644e-36 7.32953681492e-36
7.16605968402 3.43094859351e-36 7.02834915442e-36
7.31767409362 3.28148365674e-36 6.73121691733e-36
7.47249625339 3.13500086576e-36 6.43837757937e-36
7.63059403064 2.99157199367e-36 6.15007907041e-36
7.79203672856 2.85126527205e-36 5.8665749506e-36
7.9568951166 2.71414807477e-36 5.58809708013e-36
8.12524146153 2.58028259695e-36 5.31488472137e-36
8.29714955905 2.44972873753e-36 5.04717508935e-36
8.47269476621 2.32254265335e-36 4.78521941523e-36
8.65195403438 2.19877754938e-36 4.52921385719e-36
8.83500594305 2.07848298237e-36 4.27939802925e-36
9.0219307342 1.96170271592e-36 4.03596946983e-36
9.21281034755 1.84847784973e-36 3.7991427928e-36
9.4077284564 1.73884477058e-36 3.56911069799e-36
9.6067705044 1.63283476113e-36 3.34604570869e-36
9.81002374291 1.53047469759e-36 3.13013498677e-36
10.0175772693 1.43178581605e-36 2.92152176488e-36
10.2295220661 1.33678400107e-36 2.72035894475e-36
10.4459510406 1.24548045802e-36 2.52677271133e-36
10.6669590658 1.15787956949e-36 2.3408683314e-36
10.8926430222 1.07398088713e-36 2.16275065478e-36
11.1231018397 9.93776834054e-37 1.99247811834e-36
11.3584365414 9.17254270395e-37 1.83012933425e-36
11.5987502879 8.44393785644e-37 1.67571498092e-36
11.8441484222 7.75168996081e-37 1.52926280229e-36
12.0947385162 7.09547522825e-37 1.39075103726e-36
12.3506304178 6.47489511102e-37 1.26015456878e-36
12.6119362988 5.88949423838e-37 1.13741059963e-36
12.8787707043 5.33873801783e-37 1.02244123852e-36
13.151250603 4.82202953914e-37 9.15132564377e-37
13.4294954382 4.33870534791e-37 8.1536052479e-37
13.7136271803 3.88803040581e-37 7.22962435828e-37
14.0037703803 3.4692040006e-37 6.37760979247e-37
14.3000522245 3.08136178414e-37 5.59552021257e-37
14.6026025898 2.72357469665e-37 4.88104773181e-37
14.9115541012 2.39484996917e-37 4.23173454278e-37
15.2270421896 2.09413476936e-37 3.64484062587e-37
15.5492051513 1.82032334374e-37 3.11749266912e-37
15.8781842085 1.57225280728e-37 2.64662896856e-37
16.2141235713 1.34871512937e-37 2.22901314544e-37
16.557170501 1.14845405952e-37 1.86131479455e-37
16.9074753743 9.70173326041e-38 1.54009166309e-37
17.2651917498 8.12546079916e-38 1.26181720311e-37
17.6304764347 6.74214948089e-38 1.02294124645e-37
18.003489554 5.53802923935e-38 8.19902990397e-38
18.3843946203 4.49920455602e-38 6.49161784819e-38
18.773358606 3.61172557942e-38 5.07239491133e-38
19.1705520159 2.86169799215e-38 3.90756618382e-38
19.5761489623 2.23535404221e-38 2.96461522428e-38
19.9903272412 1.71918024746e-38 2.21266125131e-38
20.4132684106 1.30000955908e-38 1.62271459381e-38
20.8451578693 9.65130661957e-39 1.16801140429e-38
21.2861849389 7.02410583809e-39 8.2421265829e-39
21.7365429466 5.00411257656e-39 5.69584129602e-39
22.1964293096 3.48513728423e-39 3.85109318972e-39
22.6660456223 2.37021958358e-39 2.54535778394e-39
23.1455977439 1.57284390487e-39 1.64323607873e-39
23.6352958892 1.01785892259e-39 1.03530322174e-39
24.1353547207 6.42212352215e-40 6.35859751276e-40
24.6459934423 3.94855452762e-40 3.80055997495e-40
25.167435896 2.36299835099e-40 2.20505899918e-40
25.6999106594 1.37295288339e-40 1.23743251809e-40
26.2436511462 7.71577122552e-41 6.68480496571e-41
26.7988957087 4.17061229741e-41 3.45540134984e-41
27.365887742 2.15219148693e-41 1.69663574124e-41
27.9448757906 1.05095016158e-41 7.84627135518e-42
28.5361136579 4.80519003885e-42 3.38395581307e-42
29.1398605167 2.02987163329e-42 1.34630124281e-42
29.7563810235 7.79549530782e-43 4.89550848041e-43
30.385945434 2.69626976203e-43 1.62319266833e-43
31.0288297219 8.49098787836e-44 4.92455080079e-44
31.6853156997 2.55576252918e-44 1.32243749202e-44
32.3556911423 6.8140136191e-45 2.43382583866e-45
33.0402499133 1.78248577496e-46 5.16580111421e-47
33.7392920933 0.0 0.0
34.453124112 0.0 0.0
