0.001 4.03919334773e-38 1.37285556765e-37
0.00105520299189 4.03914529517e-38 1.37282748757e-37
0.0011134533541 4.03906874736e-38 1.37279081956e-37
0.00117491931059 4.03899702898e-38 1.37275821583e-37
0.00123977837176 4.03895204306e-38 1.37272352339e-37
0.00130821784717 4.03889240262e-38 1.37268717456e-37
0.00138043538639 4.03885013042e-38 1.37265016512e-37
0.00145663954983 4.03879807098e-38 1.37261534324e-37
0.00153705041109 4.03871900158e-38 1.37257743326e-37
0.00162190019248 4.03863857441e-38 1.37254054077e-37
0.00171143393566 4.03854495804e-38 1.37250367458e-37
0.00180591020934 4.03844300462e-38 1.37246628935e-37
0.00190560185599 4.03834793767e-38 1.37242120683e-37
0.0020107967798 4.03828587012e-38 1.37238530679e-37
0.00212179877813 4.03818962429e-38 1.37234345239e-37
0.00223892841889 4.03808017709e-38 1.37230268758e-37
0.00236252396625 4.03797952348e-38 1.37226148493e-37
0.00249294235761 4.03785328492e-38 1.37221645423e-37
0.00263056023437 4.03775317462e-38 1.37217315248e-37
0.00277577502966 4.03762513434e-38 1.37213027102e-37
0.00292900611613 4.03749803255e-38 1.37208203568e-37
0.00309069601702 4.03735070912e-38 1.37203526242e-37
0.00326131168419 4.03718721857e-38 1.37198725088e-37
0.00344134584666 4.03704875436e-38 1.37193666041e-37
0.00363131843354 4.03686797792e-38 1.37188776695e-37
0.0038317780756 4.03669802903e-38 1.37183460523e-37
0.00404330368965 4.03650100799e-38 1.37178006143e-37
0.00426650615045 4.03632261928e-38 1.37172535605e-37
0.00450203005489 4.03611461945e-38 1.37166784112e-37
0.00475055558352 4.03589188832e-38 1.37160897761e-37
0.0050128004649 4.03566357881e-38 1.37155369569e-37
0.00528952204833 4.03542010207e-38 1.37151674252e-37
0.00558151949109 4.03516537048e-38 1.37146754671e-37
0.00588963606632 4.0348952426e-38 1.3713150265e-37
0.00621476159835 4.03461585979e-38 1.3712743e-37
0.00655783503249 4.03431828055e-38 1.37121955193e-37
0.00691984714664 4.03401291036e-38 1.37114813514e-37
0.00730184341259 4.03365942864e-38 1.37107324143e-37
0.00770492701531 4.03332149709e-38 1.37099615422e-37
0.00813026203888 4.03294274302e-38 1.37091490802e-37
0.00857907682832 4.03256292272e-38 1.37083016594e-37
0.00905266753694 4.03215787339e-38 1.37074236852e-37
0.0095524018696 4.0317213514e-38 1.37065266698e-37
0.0100797230326 4.03128276223e-38 1.37056002039e-37
0.0106361539015 4.03080461685e-38 1.37046112575e-37
0.0112233014191 4.03030375979e-38 1.37036264073e-37
0.0118428612363 4.02976081374e-38 1.3702540327e-37
0.0124966226092 4.02920266675e-38 1.37014384874e-37
0.0131864735658 4.02860304641e-38 1.37002993669e-37
0.0139144063592 4.0279866494e-38 1.36990608859e-37
0.0146825232206 4.02732800252e-38 1.3697850237e-37
0.015493042431 4.02663704089e-38 1.36965430483e-37
0.0163483047267 4.02589698089e-38 1.36951754205e-37
0.01725078006 4.02515152681e-38 1.36937734216e-37
0.0182030747319 4.02433316812e-38 1.36922828536e-37
0.0192079389187 4.02347340626e-38 1.36907523344e-37
0.0202682746152 4.02258980141e-38 1.36889044013e-37
0.0213871440145 4.02164426897e-38 1.36874303113e-37
0.0225677783522 4.0206660499e-38 1.36856329655e-37
0.0238135872376 4.01958865601e-38 1.36837834523e-37
0.0251281685009 4.01849922409e-38 1.36818352362e-37
0.026515318583 4.01731923314e-38 1.367978561e-37
0.0279790434998 4.01613362501e-38 1.36776395071e-37
0.0295235704113 4.014811655e-38 1.36754037988e-37
0.0311533598294 4.01347195425e-38 1.36730574981e-37
0.0328731184996 4.01202592354e-38 1.3670589018e-37
0.0346878129937 4.01053019862e-38 1.36680000004e-37
0.0366026840532 4.00894758955e-38 1.36652860402e-37
0.0386232617243 4.00727833215e-38 1.36624429847e-37
0.0407553813283 4.00553883511e-38 1.3659438463e-37
0.0430052003134 4.00367213576e-38 1.36563035618e-37
0.0453792160377 4.00175413878e-38 1.36529986189e-37
0.0478842845328 3.99966818577e-38 1.36495299522e-37
0.0505276403038 3.99754240196e-38 1.36457230017e-37
0.0533169172219 3.99523831881e-38 1.36423147848e-37
0.0562601705712 3.99288319406e-38 1.36380412361e-37
0.0593659003112 3.99036705282e-38 1.3633793032e-37
0.0626430756249 3.98772801466e-38 1.36293371758e-37
0.0661011608209 3.98496658287e-38 1.36246611394e-37
0.0697501426659 3.98202015207e-38 1.3619739176e-37
0.0736005592262 3.97896889051e-38 1.36145657519e-37
0.0776635303006 3.97570202623e-38 1.36091150687e-37
0.0819507895343 3.97233679383e-38 1.36033750617e-37
0.0864747183047 3.96874660656e-38 1.35973363479e-37
0.0912483814784 3.9649918642e-38 1.35909929085e-37
0.0962855651415 3.96106362626e-38 1.35843107958e-37
0.101600816414 3.95687465044e-38 1.35772725764e-37
0.107209485459 3.95254631239e-38 1.35698743844e-37
0.113127769815 3.94793514382e-38 1.35621021758e-37
0.119372761176 3.94312456219e-38 1.3553869205e-37
0.125962494743 3.93808213183e-38 1.35452222343e-37
0.13291600132 3.93272750766e-38 1.35361365764e-37
0.140253362263 3.92716461587e-38 1.35265553165e-37
0.147995767483 3.9213198784e-38 1.35164641473e-37
0.156165576636 3.91511116537e-38 1.35058354128e-37
0.164786383697 3.90867164798e-38 1.34946449741e-37
0.173883085101 3.90189391624e-38 1.34828631526e-37
0.183481951639 3.8947354918e-38 1.3470456124e-37
0.193610704328 3.88727860883e-38 1.34574317657e-37
0.204298594469 3.87944514068e-38 1.34433831381e-37
0.215576488124 3.87119801085e-38 1.34291313809e-37
0.227476955251 3.86253960456e-38 1.34138550325e-37
0.240034363767 3.85351026525e-38 1.33977718231e-37
0.253284978805 3.84402236297e-38 1.33808343976e-37
0.267267067437 3.8340621505e-38 1.33629915169e-37
0.282021009194 3.82359448745e-38 1.3344196215e-37
0.297589412679 3.81267206114e-38 1.33244177675e-37
0.314017238615 3.80121706847e-38 1.33035788442e-37
0.331351929693 3.78922493767e-38 1.32816593108e-37
0.349643547582 3.77665875432e-38 1.32585214838e-37
0.368944917506 3.76349093809e-38 1.32341842279e-37
0.389311780796 3.74971105094e-38 1.32085581298e-37
0.410802955876 3.73529338229e-38 1.31815702807e-37
0.43348050812 3.7202031551e-38 1.31531567474e-37
0.457409929096 3.70441574443e-38 1.31232398315e-37
0.482660325704 3.68791435337e-38 1.30916965979e-37
0.509304619752 3.67065504207e-38 1.30585708879e-37
0.537419758548 3.65262133576e-38 1.30236882955e-37
0.567086937124 3.63378172419e-38 1.29869472521e-37
0.598391832717 3.61409845652e-38 1.29482768649e-37
0.631424852209 3.5935464977e-38 1.29075776527e-37
0.666281393207 3.5720973162e-38 1.28647443854e-37
0.703062119556 3.54970730364e-38 1.28196717028e-37
0.741873252043 3.52635536258e-38 1.2772248488e-37
0.782826875163 3.50200477254e-38 1.27223635197e-37
0.826041260807 3.47660912929e-38 1.26698855947e-37
0.871641209832 3.45016090672e-38 1.26146901755e-37
0.919758412474 3.422602326e-38 1.25566723281e-37
0.970531828663 3.39392292013e-38 1.249560998e-37
1.02410808933 3.36407040144e-38 1.24314354469e-37
1.08064191989 3.33302369111e-38 1.23639784637e-37
1.14029658703 3.30074348896e-38 1.22930701031e-37
1.20324437029 3.26718541454e-38 1.22185777189e-37
1.26966705951 3.23233314186e-38 1.21402669604e-37
1.3397564799 3.19615469431e-38 1.20580231692e-37
1.413715046 3.15862032157e-38 1.19716465222e-37
1.49175634623 3.1196970353e-38 1.18809493154e-37
1.57410575972 3.07934396823e-38 1.17857369197e-37
1.66100110721 3.03754179758e-38 1.16858015426e-37
1.75269333787 2.99428923374e-38 1.15809387253e-37
1.84944725399 2.94954428823e-38 1.14709355152e-37
1.95154227577 2.90327265842e-38 1.13555752558e-37
2.0592732482 2.85549382722e-38 1.12346545969e-37
2.17295129263 2.80617076341e-38 1.11078866696e-37
2.29290470522 2.75528683348e-38 1.09751389767e-37
2.41947990508 2.70285111587e-38 1.083609382e-37
2.55304243467 2.64885831436e-38 1.06905558155e-37
2.6939780155 2.59330289264e-38 1.05382546263e-37
2.84269366205 2.53620662736e-38 1.03789864356e-37
2.99961885724 2.47757576703e-38 1.02125108561e-37
3.1652067927 2.41742745231e-38 1.00385987818e-37
3.33993567762 2.35578272561e-38 9.85702629572e-38
3.52431011976 2.29268212135e-38 9.66758393239e-38
3.71886258274 2.22817272849e-38 9.47007307767e-38
3.92415492375 2.16228780914e-38 9.26431279302e-38
4.1407800162 2.09509733868e-38 9.05014047449e-38
4.36936346187 2.02665832935e-38 8.82741519306e-38
4.61056539764 1.95704575834e-38 8.59599680677e-38
4.86508240192 1.88635190624e-38 8.35593031097e-38
5.13364950632 1.8146647768e-38 8.10707285351e-38
5.41704231841 1.74209353699e-38 7.84948460943e-38
5.7160792616 1.6687553308e-38 7.58325502327e-38
6.03162393875 1.5947838004e-38 7.30852838525e-38
6.36458762615 1.52030501581e-38 7.02554524989e-38
6.71593190529 1.44548151147e-38 6.73458879673e-38
7.08667143983 1.37047660268e-38 6.43610285826e-38
7.47787690588 1.29545865383e-38 6.1306010187e-38
7.8906780841 1.2206134343e-38 5.81872788564e-38
8.32626712242 1.14614119955e-38 5.50125330031e-38
8.7859019789 1.07224797341e-38 5.1790950634e-38
9.27091005463 9.99149860744e-39 4.85332074094e-38
9.78269202723 9.27068549141e-39 4.52515184693e-38
10.3227258959 8.56237726804e-39 4.19597428469e-38
10.8925712499 7.868962363e-39 3.86733310625e-38
11.4938737723 7.19282710934e-39 3.54092505555e-38
12.128369993 6.53642989499e-39 3.21860228939e-38
12.7978923034 5.90217900503e-39 2.90233978916e-38
13.5043742485 5.29247529443e-39 2.59420606475e-38
14.2498561107 4.70964371943e-39 2.29634428146e-38
15.0364908021 4.15590818419e-39 2.01090842641e-38
15.8665500819 3.63336271748e-39 1.74002856758e-38
16.7424311175 3.14391278799e-39 1.48571674306e-38
17.6666634068 2.68924906271e-39 1.24982600414e-38
18.6419160836 2.27079577586e-39 1.03395522911e-38
19.6710056261 1.88964841134e-39 8.39375652912e-39
20.7569039902 1.54653825326e-39 6.66959274224e-39
21.902747193 1.24178823175e-39 5.17112001374e-39
23.1118443687 9.75251607961e-40 3.89727669697e-39
24.3876873261 7.46281427199e-40 2.84163478691e-39
25.7339606319 5.53693772909e-40 1.99238664302e-39
27.1545522521 3.95740045242e-40 1.33271497903e-39
28.65356478 2.7010402686e-40 8.41450415199e-40
30.2353272843 1.73907327292e-40 4.94073964471e-40
31.9044078113 1.03745833072e-40 2.64018033718e-40
33.6656265771 5.57606206844e-41 1.24192320722e-40
35.5240698881 2.57459141212e-41 4.86625180225e-41
37.4851048302 9.31180347425e-42 1.43418779891e-41
39.5543947684 2.10740188453e-42 2.53718642178e-42
41.7379157022 1.17180590576e-43 1.0954211108e-43
44.0419735244 0.0 0.0
