0.001 2.48539187879e-31 3.79819497317e-34
0.00103543440171 2.46852249581e-31 3.77022133176e-34
0.00107212440024 2.45120903309e-31 3.7414558577e-34
0.00111011448692 2.43343419241e-31 3.71188378845e-34
0.0011494507296 2.41518618197e-31 3.68148923259e-34
0.0011901808285 2.39648029165e-31 3.65025876432e-34
0.00123235417408 2.37730601472e-31 3.61817210662e-34
0.00127602190693 2.35765804321e-31 3.58522278623e-34
0.00132123697977 2.33752518786e-31 3.55139132146e-34
0.00136805422167 2.31689819375e-31 3.51666486976e-34
0.00141653040452 2.29577363127e-31 3.48103028229e-34
0.00146672431191 2.27414863364e-31 3.44447456113e-34
0.00151869681037 2.25200458928e-31 3.40698521096e-34
0.00157251092323 2.22934321918e-31 3.36855304086e-34
0.00162823190697 2.20615221398e-31 3.32916536506e-34
0.00168592733044 2.182440744e-31 3.28881285321e-34
0.00174566715672 2.15817970484e-31 3.2474869431e-34
0.001807523828 2.1333874776e-31 3.20517777255e-34
0.00187157235343 2.10805843083e-31 3.16188642642e-34
0.00193789040003 2.08217848685e-31 3.1175978482e-34
0.00200655838693 2.05573547227e-31 3.07231302863e-34
0.00207765958287 2.02871568548e-31 3.02602912636e-34
0.00215128020714 2.00114280462e-31 2.97874531649e-34
0.00222750953419 1.97301197426e-31 2.93046240005e-34
0.00230644000184 1.94432239213e-31 2.88118313066e-34
0.00238816732338 1.91507574364e-31 2.83091188123e-34
0.00247279060367 1.8852692711e-31 2.77965746339e-34
0.00256041245926 1.85489747039e-31 2.72742208264e-34
0.00265113914289 1.82397702226e-31 2.67422434862e-34
0.00274508067226 1.79249654362e-31 2.62007512279e-34
0.00284235096353 1.76047862031e-31 2.56499158792e-34
0.00294306796937 1.72791554894e-31 2.50899184443e-34
0.00304735382206 1.69479531886e-31 2.4520984194e-34
0.00315533498154 1.66114087503e-31 2.3943368727e-34
0.0032671423888 1.62697060032e-31 2.33573939126e-34
0.00338291162465 1.59229239993e-31 2.27633396012e-34
0.00350278307411 1.55711389931e-31 2.21615707378e-34
0.00362690209666 1.52145209312e-31 2.15524971942e-34
0.00375541920251 1.48531938857e-31 2.09365307245e-34
0.00388849023512 1.44873968792e-31 2.03141567573e-34
0.00402627656016 1.41170791149e-31 1.96858844488e-34
0.00416894526118 1.37425232711e-31 1.9052283215e-34
0.00431666934227 1.33640603803e-31 1.8413952939e-34
0.00446962793779 1.29818881996e-31 1.77715405445e-34
0.00462800652964 1.25962579784e-31 1.71257389091e-34
0.00479199717212 1.22075109161e-31 1.64772884452e-34
0.00496179872491 1.18157985985e-31 1.58269737819e-34
0.00513761709413 1.14214369403e-31 1.5175614186e-34
0.00531966548207 1.10248862101e-31 1.45241661266e-34
0.00550816464573 1.06264798707e-31 1.3873485393e-34
0.00570334316447 1.02266897739e-31 1.32245754089e-34
0.00590543771724 9.82573248434e-32 1.25784543314e-34
0.00611469336959 9.42416144891e-32 1.19362016692e-34
0.00633136387078 9.02246675674e-32 1.1298937012e-34
0.00655571196155 8.62120057369e-32 1.06677776318e-34
0.00678800969268 8.2206936742e-32 1.00439473318e-34
0.00702853875494 7.82164367988e-32 9.42866073148e-35
0.00727759082062 7.42463241317e-32 8.82317039363e-35
0.00753546789723 7.03017003018e-32 8.22875529593e-35
0.00780248269377 6.63895053329e-32 7.64671541113e-35
0.00807895899988 6.25168597071e-32 7.07835810627e-35
0.00836523207848 5.8689087071e-32 6.52499811841e-35
0.00866164907234 5.49148410096e-32 5.98795143635e-35
0.00896856942504 5.12003101702e-32 5.46851379007e-35
0.0092863653168 4.75540314448e-32 4.9679626339e-35
0.00961542211586 4.39828591632e-32 4.48753688074e-35
0.00995613884572 4.0495655432e-32 4.02843026527e-35
0.0103089286691 3.71001582237e-32 3.59176754395e-35
0.0106742193887 3.38045334369e-32 3.17860524213e-35
0.0110524539665 3.06175439169e-32 2.78989981955e-35
0.0114440910602 2.75475761805e-32 2.42649662815e-35
0.01184960558 2.46030620251e-32 2.08911088419e-35
0.0122694892642 2.17925509409e-32 1.77830776213e-35
0.0127042512756 1.91244425664e-32 1.49447687884e-35
0.0131544188187 1.66066805532e-32 1.23783003986e-35
0.0136205377794 1.42474640672e-32 1.00834660664e-35
0.0141031733866 1.20541691298e-32 8.05781305252e-36
0.0146029108977 1.00338134144e-32 6.29630094505e-36
0.0151203563086 8.19276832595e-33 4.79116340302e-36
0.0156561370881 6.53650485667e-33 3.53164326928e-36
0.0162109029389 5.06943812658e-33 2.50398989228e-36
0.0167853265857 3.79463150406e-33 1.69125533696e-36
0.0173801045907 2.71348766453e-33 1.07335060452e-36
0.0179959581986 1.82527631994e-33 6.27125252261e-37
0.0186336342105 1.12660969038e-33 3.26608939008e-37
0.0192939058904 6.10572328569e-34 1.43476486141e-37
0.0199775739023 2.6557511894e-34 4.78339990004e-38
0.0206854672812 7.32874417863e-35 9.52952057679e-39
0.0214184444383 4.35645257034e-36 4.41117085138e-40
0.0221773942026 0.0 0.0
0.0229632368976 0.0 0.0
0.0237769254584 0.0 0.0
0.0246194465865 0.0 0.0
0.0254918219467 0.0 0.0
0.0263951094059 0.0 0.0
0.0273304043158 0.0 0.0
0.0282988408412 0.0 0.0
0.0293015933355 0.0 0.0
0.0303398777644 0.0 0.0
0.031414953181 0.0 0.0
0.0325281232517 0.0 0.0
0.0336807378378 0.0 0.0
0.0348741946323 0.0 0.0
0.0361099408542 0.0 0.0
0.0373894750041 0.0 0.0
0.0387143486811 0.0 0.0
0.0400861684642 0.0 0.0
0.0415065978606 0.0 0.0
0.0429773593227 0.0 0.0
0.0445002363374 0.0 0.0
0.046077075588 0.0 0.0
0.047709789194 0.0 0.0
0.0494003570297 0.0 0.0
0.0511508291253 0.0 0.0
0.0529633281523 0.0 0.0
0.054840051998 0.0 0.0
0.0567832764302 0.0 0.0
0.0587953578577 0.0 0.0
0.0608787361866 0.0 0.0
0.0630359377803 0.0 0.0
0.0652695785217 0.0 0.0
0.0675823669865 0.0 0.0
0.0699771077268 0.0 0.0
0.0724567046724 0.0 0.0
0.0750241646523 0.0 0.0
0.0776826010406 0.0 0.0
0.0804352375317 0.0 0.0
0.08328541205 0.0 0.0
0.0862365807971 0.0 0.0
0.0892923224432 0.0 0.0
0.0924563424662 0.0 0.0
0.0957324776458 0.0 0.0
0.0991247007153 0.0 0.0
0.10263712518 0.0 0.0
0.106274010304 0.0 0.0
0.110039766276 0.0 0.0
0.113938959558 0.0 0.0
0.117976318422 0.0 0.0
0.122156738681 0.0 0.0
0.126485289631 0.0 0.0
0.130967220194 0.0 0.0
0.135607965285 0.0 0.0
0.140413152402 0.0 0.0
0.14538860845 0.0 0.0
0.150540366806 0.0 0.0
0.155874674636 0.0 0.0
0.161398000474 0.0 0.0
0.167117042058 0.0 0.0
0.173038734459 0.0 0.0
0.179170258487 0.0 0.0
0.1855190494 0.0 0.0
0.192092805922 0.0 0.0
0.198899499572 0.0 0.0
0.20594738434 0.0 0.0
0.213245006688 0.0 0.0
0.220801215917 0.0 0.0
0.2286251749 0.0 0.0
0.236726371188 0.0 0.0
0.24511462852 0.0 0.0
0.253800118732 0.0 0.0
0.262793374093 0.0 0.0
0.272105300077 0.0 0.0
0.281747188588 0.0 0.0
0.291730731649 0.0 0.0
0.302068035585 0.0 0.0
0.312771635702 0.0 0.0
0.323854511484 0.0 0.0
0.33533010234 0.0 0.0
0.347212323891 0.0 0.0
0.359515584855 0.0 0.0
0.372254804509 0.0 0.0
0.385445430791 0.0 0.0
0.399103459023 0.0 0.0
0.413245451313 0.0 0.0
0.42788855664 0.0 0.0
0.443050531643 0.0 0.0
0.458749762159 0.0 0.0
0.475005285515 0.0 0.0
0.491836813616 0.0 0.0
0.509264756846 0.0 0.0
0.527310248816 0.0 0.0
0.545995171998 0.0 0.0
0.565342184254 0.0 0.0
0.585374746315 0.0 0.0
0.606117150226 0.0 0.0
0.627594548811 0.0 0.0
0.649832986164 0.0 0.0
0.67285942924 0.0 0.0
0.69670180055 0.0 0.0
0.721389012022 0.0 0.0
0.746951000063 0.0 0.0
0.773418761857 0.0 0.0
0.800824392954 0.0 0.0
0.829201126193 0.0 0.0
0.858583371997 0.0 0.0
0.889006760101 0.0 0.0
0.920508182761 0.0 0.0
0.953125839486 0.0 0.0
0.986899283362 0.0 0.0
1.02186946902 0.0 0.0
