1.44048 0
1.44058 1400
1.44068 5600
1.44078 16800
1.44088 44800
1.44098 114800
1.44108 275800
1.44118 618800
1.44128 1.2992e+06
1.44138 2.555e+06
1.44148 4.7026e+06
1.44158 8.1018e+06
1.44168 1.30732e+07
1.44178 1.9761e+07
1.44188 2.80196e+07
1.44198 3.73324e+07
1.44208 4.68272e+07
1.44218 5.54806e+07
1.44228 6.23238e+07
1.44238 6.67268e+07
1.44248 6.85062e+07
1.44258 6.7921e+07
1.44268 6.55298e+07
1.44278 6.1999e+07
1.44288 5.7925e+07
1.44298 5.3746e+07
1.44308 4.97266e+07
1.44318 4.59844e+07
1.44328 4.25544e+07
1.44338 0

