1.44046 1.0E-16
1.44056 0.0001299999961
1.44066 0.000519999987
1.44076 0.00156
1.44086 0.00415999987
1.44096 0.01066000026
1.44106 0.0256100013
1.4411600001 0.0574600013
1.44126 0.1206399987
1.44136 0.23725
1.44146 0.43667
1.44156 0.752310013
1.44166 1.213939961
1.44176 1.83495
1.44186 2.60182
1.44196000001 3.46658
1.44206 4.34824
1.44216 5.15177
1.44226 5.78721
1.44236 6.19606
1.44246 6.36129
1.44256 6.30695
1.44266 6.08491
1.44276 5.75705
1.44286 5.37875
1.44296 4.9907
1.44306 4.61747
1.44316 4.26998
1.44326 3.95148
1.44336 3.65989
1.44346 3.39248
1.44356 3.14652
1.44366 2.91928
1.44376 2.70894
1.44386 2.51407
1.44396 2.33298
1.44406 2.16515
1.44416 2.00915
1.44426 1.86446
1.44436 1.73004
1.44446 1.60511
1.44456 1.48915
1.44466 1.38151
1.44476 1.281540039
1.44486 1.188849974
1.44496 1.102660026
1.44506 1.022710039
1.44516 0.948349974
1.44526 0.879449974
1.44536 0.815619974
1.44546 0.756209974
1.44556 0.701219974
1.44566 0.650129987
1.44576 0.602680013
1.44586 0.55874
1.44596 0.517920026
1.44606 0.480089987
1.44616 0.444990013
1.44626 0.41249
1.44636 0.382330013
1.44646 0.35438
1.44656 0.32838
1.44666 0.30433
1.44676 0.28197
1.44686 0.261299987
1.44696 0.24219
1.44706 0.22438
1.44716 0.208000013
1.44726 0.19266
1.44736 0.17849
1.44746 0.16536
1.44756 0.15327
1.44766 0.14196
1.44776 0.13156
1.44786 0.1218100013
1.44796 0.11284
1.44806 0.1046500039
1.44816 0.0968499987
1.44826 0.0896999987
1.44836 0.0831999974
1.44846 0.0769599987
1.44856 0.0713699987
1.44866 0.06604
1.44876 0.06123
1.44886 0.0566800013
1.44896 0.05252
1.44906 0.0486200013
1.44916 0.0451100013
1.44926 0.04173
1.44936 0.03861
1.44946 0.03575
1.45	1.E-16
