0.001 1.89048141535e-33 6.36010185892e-36
0.00103541841506 1.80627184089e-33 6.33926805738e-36
0.00107209129425 1.81047909657e-33 6.31815763376e-36
0.00111006306869 1.97462530361e-33 6.2952537237e-36
0.0011493797432 2.32624564462e-33 6.26820016354e-36
0.00119008895201 2.72380965627e-33 6.23561075312e-36
0.00123224001647 2.90494510775e-33 6.19770768948e-36
0.00127588400483 2.79878808696e-33 6.15808411472e-36
0.00132107379409 2.53848861304e-33 6.11963617345e-36
0.00136786413405 2.27131030407e-33 6.08379112016e-36
0.0014163117137 2.0563305445e-33 6.0502809918e-36
0.00146647522983 1.9004375112e-33 6.01869579245e-36
0.0015184154582 1.83015718827e-33 5.98783066522e-36
0.00157219532713 1.92303689589e-33 5.9556568438e-36
0.00162787999379 2.22572810551e-33 5.91884793918e-36
0.00168553692308 2.57497533523e-33 5.87477849973e-36
0.00174523596942 2.68067701809e-33 5.82475546445e-36
0.00180704946136 2.49849763773e-33 5.77375109636e-36
0.00187105228922 2.21219252841e-33 5.72562347735e-36
0.00193732199581 1.97617331066e-33 5.68144000875e-36
0.00200593887036 1.85200199288e-33 5.63957991002e-36
0.00207698604586 1.91650823165e-33 5.59687290347e-36
0.00215054959971 2.20841688803e-33 5.54851724773e-36
0.00222671865804 2.46034983435e-33 5.49184914017e-36
0.0023055855037 2.42402001132e-33 5.43047323553e-36
0.00238724568803 2.16347134618e-33 5.37070366931e-36
0.00247179814666 1.92013460976e-33 5.31572686916e-36
0.00255934531936 1.86422203174e-33 5.26293012267e-36
0.00264999327417 2.05302462664e-33 5.20629522592e-36
0.00274385183586 2.30442899028e-33 5.14111140646e-36
0.00284103471905 2.27103952593e-33 5.07024182655e-36
0.00294165966594 2.0117248684e-33 5.00156292041e-36
0.00304584858896 1.84671793199e-33 4.93748362479e-36
0.00315372771849 1.95814254784e-33 4.8720273062e-36
0.00326542775582 2.17906414316e-33 4.79838168392e-36
0.00338108403143 2.12273411954e-33 4.71908060284e-36
0.00350083666901 1.88109136253e-33 4.64267658161e-36
0.00362483075521 1.8516626497e-33 4.56885199832e-36
0.00375321651543 2.0566786911e-33 4.48888770954e-36
0.00388614949579 2.02569279091e-33 4.4023864132e-36
0.00402379075162 1.81987234302e-33 4.31800897001e-36
0.00416630704258 1.8553112692e-33 4.23452579382e-36
0.00431387103469 1.98011067225e-33 4.14429828629e-36
0.00446666150952 1.81561340553e-33 4.05184909523e-36
0.0046248635808 1.78680602889e-33 3.96097520826e-36
0.00478866891871 1.88646175176e-33 3.86506983719e-36
0.00495827598206 1.74930594822e-33 3.76676466314e-36
0.00513389025879 1.76928306092e-33 3.66824851826e-36
0.00531572451485 1.7640097404e-33 3.56582543943e-36
0.00550399905207 1.68460337145e-33 3.46230312229e-36
0.00569894197499 1.73176648599e-33 3.35612848907e-36
0.00590078946728 1.63643444013e-33 3.24772376447e-36
0.00610978607782 1.66298093816e-33 3.13778422281e-36
0.00632618501706 1.5888910394e-33 3.0255776604e-36
0.00655024846375 1.57940658315e-33 2.91238834186e-36
0.00678224788259 1.55079607141e-33 2.79659563317e-36
0.00702246435315 1.50231524923e-33 2.6796467305e-36
0.00727118891036 1.4765135797e-33 2.56150142832e-36
0.00752872289718 1.44058035946e-33 2.44170511522e-36
0.00779537832963 1.41193393795e-33 2.32040712405e-36
0.00807147827487 1.36847692763e-33 2.19798306512e-36
0.00835735724257 1.32914303691e-33 2.07499455235e-36
0.00865336159021 1.28928937599e-33 1.95138422609e-36
0.00895984994269 1.24710564987e-33 1.82740073869e-36
0.00927719362684 1.20550101528e-33 1.70326558666e-36
0.00960577712132 1.1591651372e-33 1.57933343946e-36
0.0099459985224 1.11594136373e-33 1.45587301253e-36
0.0102982700263 1.063218871e-33 1.3334239435e-36
0.0106630184285 1.0144635059e-33 1.21253633909e-36
0.011040685641 9.65241537522e-34 1.09326593669e-36
0.0114317292276 9.12787763197e-34 9.76108453043e-37
0.0118366229582 8.57621438611e-34 8.61748726901e-37
0.0122558573831 7.98826952245e-34 7.50955628412e-37
0.0126899404268 7.40153510494e-34 6.44368812798e-37
0.013139398004 6.78647199041e-34 5.42620467712e-37
0.0136047746561 6.1463725666e-34 4.46583421252e-37
0.0140866342117 5.50201541011e-34 3.57016515281e-37
0.014585560469 4.8307487888e-34 2.74747337379e-37
0.0151021579036 4.11983488646e-34 2.00954931265e-37
0.0156370524006 3.39298726675e-34 1.36818915307e-37
0.0161908920128 2.64026623373e-34 8.34862535456e-38
0.0167643477464 1.86060026043e-34 4.22881068373e-38
0.0173581143731 1.05303786872e-34 1.46721330422e-38
0.0179729112726 2.16880502082e-35 2.20854338446e-39
0.0186094833039 3.22829867273e-38 1.16731409567e-42
0.0192686017077 0.0 0.0
0.0199510650406 0.0 0.0
0.0206577001431 0.0 0.0
0.021389363141 0.0 0.0
0.0221469404827 0.0 0.0
0.022931350013 0.0 0.0
0.0237435420857 0.0 0.0
0.0245845007143 0.0 0.0
0.0254552447647 0.0 0.0
0.0263568291893 0.0 0.0
0.0272903463052 0.0 0.0
0.0282569271178 0.0 0.0
0.0292577426908 0.0 0.0
0.0302940055652 0.0 0.0
0.0313669712282 0.0 0.0
0.0324779396344 0.0 0.0
0.0336282567807 0.0 0.0
0.0348193163371 0.0 0.0
0.0360525613353 0.0 0.0
0.0373294859167 0.0 0.0
0.0386516371429 0.0 0.0
0.0400206168701 0.0 0.0
0.0414380836894 0.0 0.0
0.0429057549368 0.0 0.0
0.0444254087737 0.0 0.0
0.0459988863409 0.0 0.0
0.0476280939897 0.0 0.0
0.0493150055912 0.0 0.0
0.051061664928 0.0 0.0
0.0528701881702 0.0 0.0
0.0547427664392 0.0 0.0
0.0566816684625 0.0 0.0
0.0586892433225 0.0 0.0
0.0607679233021 0.0 0.0
0.0629202268321 0.0 0.0
0.0651487615418 0.0 0.0
0.0674562274188 0.0 0.0
0.06984542008 0.0 0.0
0.0723192341585 0.0 0.0
0.0748806668109 0.0 0.0
0.0775328213481 0.0 0.0
0.0802789109954 0.0 0.0
0.0831222627858 0.0 0.0
0.08606632159 0.0 0.0
0.0891146542908 0.0 0.0
0.0922709541046 0.0 0.0
0.0955390450552 0.0 0.0
0.0989228866075 0.0 0.0
0.102426578464 0.0 0.0
0.106054365534 0.0 0.0
0.109810643071 0.0 0.0
0.113699962006 0.0 0.0
0.117727034453 0.0 0.0
0.121896739423 0.0 0.0
0.126214128734 0.0 0.0
0.130684433132 0.0 0.0
0.135313068627 0.0 0.0
0.140105643055 0.0 0.0
0.145067962873 0.0 0.0
0.150206040194 0.0 0.0
0.155526100071 0.0 0.0
0.161034588036 0.0 0.0
0.166738177914 0.0 0.0
0.172643779906 0.0 0.0
0.178758548961 0.0 0.0
0.185089893444 0.0 0.0
0.191645484113 0.0 0.0
0.198433263414 0.0 0.0
0.2054614551 0.0 0.0
0.212738574196 0.0 0.0
0.220273437316 0.0 0.0
0.228075173346 0.0 0.0
0.236153234501 0.0 0.0
0.244517407778 0.0 0.0
0.253177826817 0.0 0.0
0.262144984171 0.0 0.0
0.271429744027 0.0 0.0
0.281043355361 0.0 0.0
0.290997465571 0.0 0.0
0.301304134589 0.0 0.0
0.311975849487 0.0 0.0
0.323025539614 0.0 0.0
0.334466592251 0.0 0.0
0.34631286884 0.0 0.0
0.358578721769 0.0 0.0
0.371279011769 0.0 0.0
0.384429125912 0.0 0.0
0.398044996255 0.0 0.0
0.412143119145 0.0 0.0
0.426740575204 0.0 0.0
0.44185505002 0.0 0.0
0.457504855579 0.0 0.0
0.473708952446 0.0 0.0
0.490486972742 0.0 0.0
0.507859243925 0.0 0.0
0.525846813419 0.0 0.0
0.544471474116 0.0 0.0
0.563755790775 0.0 0.0
0.583723127366 0.0 0.0
0.604397675372 0.0 0.0
0.625804483101 0.0 0.0
0.64796948603 0.0 0.0
0.670919538234 0.0 0.0
0.694682444912 0.0 0.0
0.719286996081 0.0 0.0
0.744763001457 0.0 0.0
0.771141326565 0.0 0.0
0.79845393014 0.0 0.0
0.826733902845 0.0 0.0
0.856015507362 0.0 0.0
0.886334219901 0.0 0.0
0.917726773184 0.0 0.0
0.95023120095 0.0 0.0
0.983886884029 0.0 0.0
1.01873459806 0.0 0.0
