0.001 1.62615493146e-35 3.60086756012e-37
0.00103695843163 1.6251121822e-35 3.59895170818e-37
0.00107528278894 1.62402978675e-35 3.59696587182e-37
0.00111502355438 1.62290681769e-35 3.59490804277e-37
0.00115623307619 1.62174673878e-35 3.59277594696e-37
0.00119896563729 1.62055225053e-35 3.59056601546e-37
0.00124327752682 1.61931879796e-35 3.58827602617e-37
0.0012892271143 1.61804161264e-35 3.58590506188e-37
0.00133687492647 1.61671847195e-35 3.58344572561e-37
0.00138628372704 1.61534834273e-35 3.58089907336e-37
0.00143751859939 1.61393026153e-35 3.57826033734e-37
0.00149064703227 1.61246550235e-35 3.57552760294e-37
0.0015457390087 1.61095300729e-35 3.5726950601e-37
0.00160286709818 1.60939337599e-35 3.56976228072e-37
0.00166210655225 1.60778045459e-35 3.56672219874e-37
0.00172353540363 1.60611254888e-35 3.56357326686e-37
0.00178723456901 1.60438714884e-35 3.56031197908e-37
0.00185328795565 1.60260294743e-35 3.55693489311e-37
0.00192178257186 1.60075932766e-35 3.55343662818e-37
0.00199280864165 1.59885304845e-35 3.54981238343e-37
0.0020664597236 1.5968803502e-35 3.54605495291e-37
0.00214283283402 1.59484289533e-35 3.54217414582e-37
0.00222202857482 1.59274071847e-35 3.53814797566e-37
0.00230415126599 1.59056737106e-35 3.53397947234e-37
0.00238930908303 1.58832327992e-35 3.52966333149e-37
0.00247761419943 1.58600557915e-35 3.52519403509e-37
0.00256918293443 1.58361120132e-35 3.52056632403e-37
0.00266413590627 1.58113877494e-35 3.51577311257e-37
0.00276259819103 1.57858482809e-35 3.51081417281e-37
0.00286469948741 1.57594936401e-35 3.50567930395e-37
0.00297057428756 1.57322634249e-35 3.50036331479e-37
0.00308036205429 1.57041616323e-35 3.4948601513e-37
0.00319420740468 1.56751410484e-35 3.48916441076e-37
0.00331226030067 1.56451913558e-35 3.48326886038e-37
0.00343467624655 1.5614275521e-35 3.47716770796e-37
0.00356161649379 1.55823620934e-35 3.47085331792e-37
0.00369324825349 1.55494346934e-35 3.46431942201e-37
0.00382974491657 1.55154527996e-35 3.45755827933e-37
0.00397128628225 1.54803924145e-35 3.45058786313e-37
0.00411805879481 1.54442128611e-35 3.44332221501e-37
0.00427025578925 1.54069010854e-35 3.43583880728e-37
0.0044280777459 1.53684127109e-35 3.42809525483e-37
0.00459173255454 1.53287167381e-35 3.42008528015e-37
0.00476143578824 1.52877746563e-35 3.41180071205e-37
0.0049374109873 1.52455513172e-35 3.40323392309e-37
0.00511988995373 1.52020482066e-35 3.39437412458e-37
0.00530911305656 1.51571686028e-35 3.38521400594e-37
0.0055053295485 1.5110922599e-35 3.37574357706e-37
0.00570879789424 1.50632565572e-35 3.36595300838e-37
0.00591978611093 1.50141471202e-35 3.35583406321e-37
0.00613857212121 1.49635515249e-35 3.34537517487e-37
0.00636544411928 1.49114048863e-35 3.33456684295e-37
0.00660070095059 1.4857720701e-35 3.32338996206e-37
0.00684465250541 1.48023582269e-35 3.31185935943e-37
0.00709762012709 1.47454003786e-35 3.29993866709e-37
0.00735993703533 1.46867160406e-35 3.28762536085e-37
0.00763194876508 1.46263054065e-35 3.27491095428e-37
0.00791401362175 1.45641560221e-35 3.26177743642e-37
0.00820650315315 1.45001415544e-35 3.24821889467e-37
0.00850980263889 1.44343052216e-35 3.23422164142e-37
0.00882431159794 1.43665791962e-35 3.21977338364e-37
0.00915044431485 1.42968588124e-35 3.20486225247e-37
0.00948863038549 1.42251757576e-35 3.18947523133e-37
0.0098393152829 1.41514846453e-35 3.1736140391e-37
0.0102029609441 1.40757004185e-35 3.15722671112e-37
0.0105800463786 1.39977739199e-35 3.14033928429e-37
0.0109710682994 1.39176818761e-35 3.12292517533e-37
0.0113765417771 1.3835390652e-35 3.10497203064e-37
0.0117970009186 1.37508646602e-35 3.08646576695e-37
0.0122329995706 1.36640365268e-35 3.0673943426e-37
0.0126851120489 1.35748672087e-35 3.04774418585e-37
0.0131539338953 1.34833083909e-35 3.0275019104e-37
0.0136400826619 1.33893090651e-35 3.00665596969e-37
0.0141441987244 1.32928397701e-35 2.98518883855e-37
0.014666946126 1.31938610375e-35 2.96309163406e-37
0.0152090134517 1.3092321241e-35 2.94035021416e-37
0.0157711147356 1.29881864132e-35 2.91695091636e-37
0.0163539904013 1.28814087041e-35 2.89288189547e-37
0.0169584082375 1.2771950581e-35 2.86813039857e-37
0.017585164409 1.26597927085e-35 2.84268349507e-37
0.0182350845056 1.25448812635e-35 2.81653444659e-37
0.0189090246297 1.24271775107e-35 2.78966097511e-37
0.0196078725237 1.23066471408e-35 2.76206100164e-37
0.0203325487399 1.21832715076e-35 2.73372068945e-37
0.0210840078524 1.20570177603e-35 2.70463113859e-37
0.0218632397152 1.19278503123e-35 2.67478107003e-37
0.0226712707656 1.17957571434e-35 2.64416316259e-37
0.0235091653762 1.16606980319e-35 2.61276771766e-37
0.0243780272576 1.15226781515e-35 2.58058889095e-37
0.0252790009113 1.13816497749e-35 2.54761858239e-37
0.0262132731383 1.12376136459e-35 2.51385202635e-37
0.0271820746015 1.10905782112e-35 2.47928448506e-37
0.0281866814473 1.09404924729e-35 2.44391438539e-37
0.0292284169866 1.07873903955e-35 2.40773578386e-37
0.0303086534376 1.06312607004e-35 2.37075073672e-37
0.0314288137336 1.04721069388e-35 2.33295865188e-37
0.0325903733973 1.03099488473e-35 2.2943620917e-37
0.0337948624845 1.01447980137e-35 2.25496462587e-37
0.0350438675992 9.97666767223e-36 2.21477121478e-37
0.0363390339841 9.80559114041e-36 2.17378963581e-37
0.0376820676872 9.63159954568e-36 2.13202880416e-37
0.0390747378097 9.45472625213e-36 2.08950052185e-37
0.0405188788357 9.27502053716e-36 2.04621709942e-37
0.042016393049 9.09253553916e-36 2.00219535987e-37
0.0435692530391 8.90733690235e-36 1.95745325122e-37
0.0451795042989 8.71946821835e-36 1.91201160691e-37
0.0468492679198 8.52904008788e-36 1.86589374584e-37
0.0485807433853 8.33611756571e-36 1.81912606297e-37
0.0503762114685 8.14076448136e-36 1.77173734156e-37
0.052238037236 7.94309804462e-36 1.72375996997e-37
0.054168673164 7.74323964156e-36 1.67522937723e-37
0.0561706623678 7.54130168847e-36 1.62618398649e-37
0.0582466419528 7.33741323537e-36 1.57666559485e-37
0.0603993464873 7.13171143466e-36 1.5267137027e-37
0.0626316116053 6.92434113642e-36 1.47639436797e-37
0.0649463777409 6.71546234676e-36 1.42574249979e-37
0.0673466940026 6.5052463564e-36 1.37481973409e-37
0.0698357221887 6.2938766284e-36 1.32368566124e-37
0.0724167409528 6.0815382175e-36 1.27240314312e-37
0.0750931501225 5.86843798222e-36 1.22103923598e-37
0.0778684751776 5.65479318227e-36 1.16966424717e-37
0.0807463718939 5.44082895678e-36 1.11835213331e-37
0.0837306311593 5.22677961879e-36 1.06718019007e-37
0.0868251839667 5.01289737757e-36 1.01622956438e-37
0.0900341065925 4.79944357879e-36 9.65583416892e-38
0.0933616259657 4.58669265176e-36 9.15329492613e-38
0.0968121252363 4.37493372683e-36 8.65557414962e-38
0.100390149548 4.16444738909e-36 8.16359206968e-38
0.104100412027 3.95554826229e-36 7.67829684562e-38
0.107947799988 3.74855142939e-36 7.20065031022e-38
0.111937381374 3.54377847705e-36 6.73162980722e-38
0.116074411431 3.34156034082e-36 6.27222207686e-38
0.12036433963 3.14224282603e-36 5.8234178306e-38
0.124812816848 2.94617136629e-36 5.38620526859e-38
0.129425702806 2.75370074413e-36 4.96156453367e-38
0.134209073795 2.56519317037e-36 4.55045843009e-38
0.139169230674 2.38100129269e-36 4.1538264168e-38
0.144312707171 2.20149687987e-36 3.77257573681e-38
0.149646278493 2.02703770889e-36 3.40757095342e-38
0.155176970246 1.85798598357e-36 3.05962562314e-38
0.160912067692 1.6946963609e-36 2.72949015705e-38
0.166859125345 1.5375193911e-36 2.41784321972e-38
0.173025976922 1.38679523659e-36 2.1252772133e-38
0.179420745661 1.24285211334e-36 1.85228916666e-38
0.186051855023 1.10600191769e-36 1.59926638158e-38
0.192928039788 9.7654243483e-37 1.36647580419e-38
0.200058357557 8.54742251974e-37 1.15405038597e-38
0.207452200687 7.40843609548e-37 9.61979795485e-39
0.215119308664 6.35060577445e-37 7.90097168137e-39
0.223069780926 5.37570361144e-37 6.38071369254e-39
0.231314090174 4.48510711409e-37 5.05393962061e-39
0.239863096162 3.67969378251e-37 3.91376673507e-39
0.248728060003 2.95982882298e-37 2.95145797613e-39
0.257920659004 2.32529951632e-37 2.15639492973e-39
0.267453002047 1.77519613375e-37 1.51612348255e-39
0.277337645539 1.30787949877e-37 1.0164234475e-39
0.287587609951 9.20860756467e-38 6.41453396507e-40
0.298216396973 6.1069747561e-38 3.73969123619e-40
0.309238007292 3.72853521859e-38 1.95646618091e-40
0.320666959044 2.01529816469e-38 8.75363536546e-41
0.332518306927 8.94045366796e-39 3.06856050685e-41
0.344807662041 2.72254299048e-39 7.02437696251e-42
0.357551212445 3.02263531544e-40 6.53222864267e-43
0.370765744486 0.0 0.0
0.384468664906 0.0 0.0
0.398678023774 0.0 0.0
0.41341253826 0.0 0.0
0.428691617292 0.0 0.0
0.444535387122 0.0 0.0
0.460964717836 0.0 0.0
0.478001250846 0.0 0.0
0.495667427396 0.0 0.0
0.513986518125 0.0 0.0
0.532982653716 0.0 0.0
0.552680856686 0.0 0.0
0.573107074344 0.0 0.0
0.59428821297 0.0 0.0
0.61625217326 0.0 0.0
0.639027887075 0.0 0.0
0.662645355552 0.0 0.0
0.687135688623 0.0 0.0
0.712531145995 0.0 0.0
0.738865179642 0.0 0.0
0.76617247787 0.0 0.0
0.794489011014 0.0 0.0
0.823852078812 0.0 0.0
0.854300359544 0.0 0.0
0.885873960977 0.0 0.0
0.918614473201 0.0 0.0
0.952565023407 0.0 0.0
0.987770332702 0.0 0.0
1.02427677501 0.0 0.0
1.06213243818 0.0 0.0
1.10138718728 0.0 0.0
1.14209273035 0.0 0.0
1.18430268644 0.0 0.0
1.22807265631 0.0 0.0
1.27346029562 0.0 0.0
1.3205253909 0.0 0.0
1.36932993828 0.0 0.0
