0.001 1.16568109888e-33 2.56524487895e-35
0.00103694552179 1.16492823328e-33 2.56387069882e-35
0.00107525601516 1.16414991913e-33 2.56244685117e-35
0.00111498190969 1.16334755582e-33 2.56097229065e-35
0.00115617549813 1.16251688503e-33 2.55944409172e-35
0.00119889100519 1.16165445098e-33 2.55785958516e-35
0.00124318465894 1.16076348972e-33 2.55621942397e-35
0.00128911476485 1.15984332579e-33 2.55451974164e-35
0.00133674178248 1.15889029799e-33 2.55275824562e-35
0.00138612840513 1.15790497718e-33 2.55093294753e-35
0.00143733964233 1.15688574424e-33 2.54904297719e-35
0.0014904429054 1.15583235661e-33 2.54708440246e-35
0.00154550809623 1.15474466553e-33 2.54505549335e-35
0.00160260769928 1.15361657972e-33 2.54294903279e-35
0.00166181687695 1.15245068562e-33 2.54077618937e-35
0.00172321356859 1.15124774131e-33 2.53852056615e-35
0.00178687859303 1.15000443857e-33 2.5361834365e-35
0.00185289575502 1.1487183262e-33 2.53376470325e-35
0.00192135195551 1.14738932771e-33 2.5312583287e-35
0.00199233730605 1.14601592699e-33 2.52866288332e-35
0.0020659452474 1.14459687298e-33 2.5259752577e-35
0.00214227267255 1.14313232564e-33 2.52318951268e-35
0.00222142005425 1.14161930951e-33 2.52030639637e-35
0.00230349157727 1.14005510621e-33 2.51732097565e-35
0.00238859527553 1.13843774805e-33 2.51422904752e-35
0.00247684317432 1.13676791752e-33 2.51102706247e-35
0.00256835143779 1.13504306177e-33 2.50771278318e-35
0.00266324052179 1.13326253845e-33 2.50428054092e-35
0.00276163533252 1.13142270994e-33 2.5007280977e-35
0.00286366539087 1.12952564586e-33 2.4970500345e-35
0.00296946500296 1.12756455034e-33 2.49324264682e-35
0.00307917343693 1.1255396234e-33 2.48930145813e-35
0.00319293510623 1.12344928484e-33 2.48522229347e-35
0.00331089975977 1.12129237513e-33 2.48100035348e-35
0.00343322267898 1.11906396777e-33 2.47663098491e-35
0.00356006488227 1.11676717123e-33 2.47210958176e-35
0.00369159333695 1.11439358175e-33 2.46743095591e-35
0.00382798117902 1.11194476427e-33 2.4625923908e-35
0.00396940794107 1.10942079703e-33 2.45757576004e-35
0.00411605978865 1.10681567265e-33 2.4523948601e-35
0.00426812976525 1.10412920282e-33 2.44703602789e-35
0.00442581804649 1.10135763809e-33 2.44149121209e-35
0.00458933220356 1.09849971407e-33 2.43575570776e-35
0.00475888747648 1.09555141702e-33 2.42982421189e-35
0.00493470705743 1.09251215626e-33 2.4236896612e-35
0.00511702238454 1.08937738984e-33 2.41734706456e-35
0.00530607344654 1.08614780677e-33 2.41078874979e-35
0.00550210909867 1.08281698687e-33 2.40400872271e-35
0.00570538739026 1.07938640391e-33 2.39700006642e-35
0.0059161759044 1.07585128136e-33 2.38975544243e-35
0.00613475211018 1.07220599784e-33 2.38226864154e-35
0.00636140372794 1.06845459109e-33 2.37453106446e-35
0.00659642910797 1.06458789644e-33 2.36653846288e-35
0.00684013762331 1.06060462234e-33 2.35827697659e-35
0.00709285007691 1.05650270209e-33 2.34974461347e-35
0.00735489912397 1.05227955923e-33 2.34093151535e-35
0.00762662970981 1.04793422697e-33 2.33182946229e-35
0.00790839952392 1.04345668537e-33 2.32243114289e-35
0.00820057947085 1.03885282415e-33 2.31272741278e-35
0.00850355415837 1.03411159777e-33 2.30270996329e-35
0.0088177224038 1.02923702402e-33 2.29237019033e-35
0.009143497759 1.02422104407e-33 2.28169957318e-35
0.00948130905468 1.0190634513e-33 2.27068855628e-35
0.00983160096494 1.01375943832e-33 2.25934026829e-35
0.0101948345926 1.00830445551e-33 2.24761337658e-35
0.0105714880762 1.00270104667e-33 2.23553008817e-35
0.0109620572192 9.96938220587e-34 2.22307045452e-35
0.0113670561431 9.91016682259e-34 2.21022549514e-35
0.0117870179635 9.84936558767e-34 2.19698574104e-35
0.0122224954925 9.78687609054e-34 2.18334178232e-35
0.012674061966 9.72270389709e-34 2.16928476716e-35
0.0131423117985 9.65684643714e-34 2.15480459574e-35
0.0136278613654 9.58924983757e-34 2.13989299518e-35
0.0141313498144 9.5198530127e-34 2.12453803274e-35
0.0146534399069 9.44864179731e-34 2.10873318981e-35
0.0151948188903 9.37560066831e-34 2.09246784031e-35
0.0157561994026 9.30069416316e-34 2.07573340762e-35
0.016338320411 9.22389765018e-34 2.05852050461e-35
0.0169419481837 9.14518520036e-34 2.04082041541e-35
0.0175678772995 9.06452739293e-34 2.02262397191e-35
0.018216931693 8.98188996446e-34 2.00392583042e-35
0.0188899657398 8.89725354602e-34 1.98471184149e-35
0.0195878653806 8.81059800026e-34 1.96497873977e-35
0.0203115492878 8.72189272193e-34 1.9447177559e-35
0.0210619700746 8.63112029375e-34 1.92392197935e-35
0.0218401155489 8.53825591028e-34 1.90258384309e-35
0.0226470100138 8.44329458365e-34 1.88069807497e-35
0.0234837156157 8.34621078541e-34 1.8582581232e-35
0.0243513337427 8.24699556447e-34 1.83525917678e-35
0.025251006474 8.14563154602e-34 1.81169668559e-35
0.0261839180839 8.04211363818e-34 1.7875667587e-35
0.0271512966 7.9364238416e-34 1.76286695396e-35
0.0281544154201 7.82857818235e-34 1.73759256212e-35
0.0291945949885 7.71856380511e-34 1.71174476436e-35
0.0302732045337 7.60637599645e-34 1.68532205416e-35
0.0313916638714 7.49202384054e-34 1.6583250227e-35
0.032551445273 7.37551956849e-34 1.63075511994e-35
0.0337540754036 7.25687196315e-34 1.60261558929e-35
0.0350011373318 7.1360933071e-34 1.57391016546e-35
0.0362942726137 7.01320566297e-34 1.54464400282e-35
0.0376351834534 6.88823322251e-34 1.51482394396e-35
0.0390256349437 6.7612053038e-34 1.48445855186e-35
0.0404674573898 6.6321484525e-34 1.45355748867e-35
0.0419625487185 6.50110486674e-34 1.42213202245e-35
0.0435128769765 6.36812504362e-34 1.39019476798e-35
0.045120482921 6.23323975534e-34 1.35776290379e-35
0.0467874827058 6.09652993814e-34 1.32485122271e-35
0.0485160706676 5.95803603278e-34 1.29147889764e-35
0.0503085222135 5.817808146e-34 1.25766834052e-35
0.0521671968171 5.6759349372e-34 1.22344137175e-35
0.0540945411238 5.53250053369e-34 1.18882395924e-35
0.0560930921715 5.38758845773e-34 1.15384382997e-35
0.0581654807305 5.24129291017e-34 1.1185310477e-35
0.0603144347662 5.09370639696e-34 1.08291816556e-35
0.06254278303 4.94494349107e-34 1.0470399098e-35
0.0648534587831 4.79511334018e-34 1.01093407365e-35
0.0672495036577 4.64434115647e-34 9.74640823571e-36
0.0697340716603 4.49275864359e-34 9.38202709185e-36
0.0723104333243 4.34049951132e-34 9.01665072206e-36
0.0749819800142 4.18771777281e-34 8.65075753508e-36
0.0777522283906 4.03456355874e-34 8.28485149255e-36
0.0806248250387 3.88119335563e-34 7.91945924868e-36
0.0836035512688 3.72779418273e-34 7.55514589169e-36
0.0866923280938 3.5745359865e-34 7.19247715302e-36
0.0898952213903 3.42160564385e-34 6.83205948401e-36
0.0932164472509 3.26920350302e-34 6.4745126812e-36
0.0966603775339 3.11753473133e-34 6.12047878104e-36
0.100231545618 2.96680712937e-34 5.7706240224e-36
0.103934652371 2.81724385599e-34 5.42560431373e-36
0.107774572334 2.66906548356e-34 5.08612469401e-36
0.111756360145 2.52251233876e-34 4.75287679007e-36
0.115885257184 2.3778194469e-34 4.42656340668e-36
0.120166698478 2.23523291286e-34 4.10788951662e-36
0.124606319855 2.09500191633e-34 3.79755856625e-36
0.12920996536 1.95738102483e-34 3.49626708546e-36
0.13398369495 1.82263258991e-34 3.20469952655e-36
0.138933792472 1.69100217247e-34 2.9235216179e-36
0.144066773928 1.5627612893e-34 2.6533771427e-36
0.149389396064 1.43816620604e-34 2.39487750883e-36
0.154908665251 1.31747502158e-34 2.14859639903e-36
0.160631846718 1.20094239804e-34 1.91506190131e-36
0.166566474111 1.08881706795e-34 1.69474983891e-36
0.17272035941 9.81343543169e-35 1.48808679362e-36
0.179101603211 8.78754690964e-35 1.29540139003e-36
0.185718605395 7.81274831607e-35 1.11696691024e-36
0.192580076177 6.89113001084e-35 9.52961676245e-37
0.199695047578 6.02460712278e-35 8.03470063776e-37
0.207072885309 5.21490462203e-35 6.68471178216e-37
0.214723301105 4.46351704427e-35 5.47833539523e-37
0.222656365505 3.77170516498e-35 4.41305894164e-37
0.230882521108 3.140412036e-35 3.48512136282e-37
0.239412596322 2.57023413417e-35 2.68946144959e-37
0.248257819616 2.06140365748e-35 2.01969508258e-37
0.2574298343 1.61371455421e-35 1.46809849988e-37
0.266940713852 1.22647751291e-35 1.02563867767e-37
0.276802977812 8.98459689433e-36 6.82031117748e-38
0.28702960826 6.27817921504e-36 4.25844817085e-38
0.297634066906 4.12015348683e-36 2.44666207018e-38
0.30863031281 2.47719132224e-36 1.25336298971e-38
0.320032820756 1.30667090225e-36 5.42856281856e-39
0.331856600308 5.54723840817e-37 1.79998639235e-39
0.344117215566 1.52900746816e-37 3.6786553249e-40
0.356830805651 1.14359287418e-38 2.25664511111e-41
0.370014105956 0.0 0.0
0.38368447017 0.0 0.0
0.397859893123 0.0 0.0
0.412559034473 0.0 0.0
0.42780124327 0.0 0.0
0.443606583424 0.0 0.0
0.459995860118 0.0 0.0
0.47699064719 0.0 0.0
0.494613315539 0.0 0.0
0.512887062565 0.0 0.0
0.53183594271 0.0 0.0
0.55148489912 0.0 0.0
0.571859796476 0.0 0.0
0.592987455047 0.0 0.0
0.614895685988 0.0 0.0
0.637613327952 0.0 0.0
0.661170285053 0.0 0.0
0.685597566225 0.0 0.0
0.710927326046 0.0 0.0
0.737192907061 0.0 0.0
0.764428883671 0.0 0.0
0.792671107649 0.0 0.0
0.821956755327 0.0 0.0
0.852324376541 0.0 0.0
0.883813945365 0.0 0.0
0.91646691274 0.0 0.0
0.950326261034 0.0 0.0
0.985436560617 0.0 0.0
1.02184402854 0.0 0.0
1.05959658936 0.0 0.0
1.09874393824 0.0 0.0
1.13933760635 0.0 0.0
1.18143102871 0.0 0.0
1.22507961452 0.0 0.0
1.27034082011 0.0 0.0
1.31727422456 0.0 0.0
1.36594160813 0.0 0.0
