0.001 1.51106277049e-33 1.66211468886e-35
0.00103616283832 1.50927089578e-33 1.66037347064e-35
0.00107363342752 1.50741896094e-33 1.65857162462e-35
0.00111245905957 1.50550411673e-33 1.65670763093e-35
0.00115268873668 1.50352433612e-33 1.65477768962e-35
0.0011943732331 1.50147843085e-33 1.6527806323e-35
0.00123756515922 1.49936667316e-33 1.65071456453e-35
0.00128231902798 1.49718800148e-33 1.64857692421e-35
0.00132869132366 1.49493881435e-33 1.64636509294e-35
0.00137674057318 1.49261887756e-33 1.64407712861e-35
0.00142652741994 1.49022498292e-33 1.64170957039e-35
0.00147811470038 1.48775471257e-33 1.63926079322e-35
0.00153156752331 1.48520582902e-33 1.63672771739e-35
0.00158695335203 1.48257661035e-33 1.63410750868e-35
0.00164434208952 1.47986369458e-33 1.63139753752e-35
0.00170380616665 1.47706542715e-33 1.62859481168e-35
0.00176542063358 1.47417843073e-33 1.62569632335e-35
0.00182926325452 1.47120116313e-33 1.62269911111e-35
0.00189541460584 1.46813133831e-33 1.61959991339e-35
0.00196395817778 1.46496475169e-33 1.61639577902e-35
0.00203498047983 1.46169961555e-33 1.61308572805e-35
0.0021085711499 1.45833320787e-33 1.60964653895e-35
0.00218482306748 1.45486307062e-33 1.6061143432e-35
0.00226383247083 1.45128509589e-33 1.60245510069e-35
0.00234569907846 1.44759683582e-33 1.59867234828e-35
0.00243052621498 1.44379581862e-33 1.59476244663e-35
0.00251842094152 1.4398786181e-33 1.59072260479e-35
0.00260949419085 1.43584198155e-33 1.58654784765e-35
0.00270386090737 1.43168284339e-33 1.58223501117e-35
0.00280164019221 1.42739756175e-33 1.57777827118e-35
0.00290295545351 1.42298456814e-33 1.57317494302e-35
0.00300793456222 1.4184390253e-33 1.56841976963e-35
0.00311671001348 1.41375825996e-33 1.56350904811e-35
0.00322941909378 1.40893674111e-33 1.5584374157e-35
0.00334620405434 1.4039744506e-33 1.55320082097e-35
0.00346721229054 1.39886414249e-33 1.54779423532e-35
0.00359259652802 1.39360424239e-33 1.54221243472e-35
0.00372251501542 1.38819215171e-33 1.53645129822e-35
0.00385713172406 1.38262302281e-33 1.53050477043e-35
0.00399661655498 1.3768921704e-33 1.52436868788e-35
0.00414114555328 1.37099587984e-33 1.51803724935e-35
0.00429090113039 1.36493148273e-33 1.51150533923e-35
0.00444607229421 1.35869427302e-33 1.50476764744e-35
0.00460685488775 1.35228126055e-33 1.49781852146e-35
0.00477345183621 1.34568774277e-33 1.49065248231e-35
0.0049460734032 1.33890928463e-33 1.48326292535e-35
0.00512493745599 1.33194382701e-33 1.47565123396e-35
0.00531026974061 1.32478459897e-33 1.46779783627e-35
0.00550230416668 1.31743076833e-33 1.45970767602e-35
0.00570128310265 1.30987759582e-33 1.45137227803e-35
0.0059074576817 1.3021198115e-33 1.44278566071e-35
0.00612108811873 1.29415236726e-33 1.43394194471e-35
0.00634244403871 1.28597091658e-33 1.4248354664e-35
0.00657180481703 1.27757371462e-33 1.41545940552e-35
0.0068094599321 1.26895679963e-33 1.40580912724e-35
0.00705570933067 1.26011584753e-33 1.39587793695e-35
0.00731086380643 1.251047253e-33 1.38566029692e-35
0.00757524539224 1.24174664422e-33 1.37515028046e-35
0.00784918776659 1.23220922683e-33 1.3643422632e-35
0.00813303667474 1.22243272199e-33 1.35323047789e-35
0.00842715036506 1.21241422613e-33 1.34180934006e-35
0.00873190004121 1.20214927049e-33 1.33007342054e-35
0.00904767033063 1.19163243389e-33 1.31801901165e-35
0.00937485976996 1.18086196247e-33 1.30563563531e-35
0.0097138813081 1.16983713075e-33 1.29292430531e-35
0.0100651628273 1.15855061811e-33 1.27987749131e-35
0.0104291476833 1.14700197296e-33 1.26649111531e-35
0.0108062952648 1.13518918943e-33 1.25276049122e-35
0.0111970815733 1.12310657748e-33 1.23868181933e-35
0.0116019998239 1.11075545161e-33 1.22425110444e-35
0.0120215610677 1.09813237074e-33 1.20946519467e-35
0.0124562948369 1.08523238724e-33 1.19432091026e-35
0.0129067498132 1.07206037799e-33 1.17881556644e-35
0.0133734945199 1.05861256328e-33 1.16294709283e-35
0.01385711804 1.0448851806e-33 1.14671179725e-35
0.0143582307593 1.03087575074e-33 1.13011407707e-35
0.0148774651368 1.01658547615e-33 1.11314767985e-35
0.0154154765031 1.00201680514e-33 1.09581459753e-35
0.0159729438875 9.87169730155e-34 1.07811553153e-35
0.0165505708748 9.72045149566e-34 1.06005112759e-35
0.0171490864935 9.56643873482e-34 1.04162471478e-35
0.0177692461357 9.40967141377e-34 1.02283812979e-35
0.0184118325107 9.25017734489e-34 1.0036951825e-35
0.019077656633 9.08798013625e-34 9.84202581479e-36
0.0197675588453 8.92311003123e-34 9.64359950254e-36
0.0204824098799 8.75560991608e-34 9.44179637906e-36
0.0212231119567 8.58551638764e-34 9.23667385288e-36
0.0219905999231 8.41288638777e-34 9.02831604763e-36
0.0227858424327 8.2377878064e-34 8.81682272046e-36
0.0236098431685 8.06026498625e-34 8.60230405022e-36
0.0244636421098 7.88038681457e-34 8.38484243439e-36
0.0253483168441 7.69825056232e-34 8.16469443955e-36
0.0262649839278 7.51393584229e-34 7.94188927513e-36
0.0272148002951 7.32753654957e-34 7.71662870776e-36
0.0281989647181 7.13916073664e-34 7.48909446296e-36
0.02921871932 6.94891691156e-34 7.2594770494e-36
0.0302753511427 6.75693041506e-34 7.02798624764e-36
0.0313701937711 6.56333774606e-34 6.79484534436e-36
0.0325046290165 6.36828349174e-34 6.56029435344e-36
0.0336800886603 6.17187386467e-34 6.32458872377e-36
0.0348980562611 5.97430464848e-34 6.08800805886e-36
0.0361600690274 5.77575235772e-34 5.85082469487e-36
0.0374677197572 5.57638996107e-34 5.61335868416e-36
0.038822658849 5.37641107661e-34 5.37592893653e-36
0.0402265963841 5.17601069147e-34 5.13887112678e-36
0.0416813042853 4.97541629338e-34 4.90253804735e-36
0.0431886185532 4.77483362839e-34 4.66729912385e-36
0.0447504415832 4.5745115962e-34 4.43354203919e-36
0.0463687445669 4.37468875823e-34 4.20165025266e-36
0.0480455699798 4.17562929005e-34 3.97204585908e-36
0.0497830341589 3.97761368253e-34 3.74514625194e-36
0.0515833299743 3.78088145149e-34 3.52138218173e-36
0.0534487295962 3.58575384152e-34 3.30119318217e-36
0.055381587363 3.39252017788e-34 3.08502607849e-36
0.0573843427527 3.20148943285e-34 2.87333170863e-36
0.0594595234617 3.01297124085e-34 2.66656283231e-36
0.0616097485953 2.8272941133e-34 2.46517204537e-36
0.0638377319726 2.64479349719e-34 2.26960810343e-36
0.0661462855527 2.4657908313e-34 2.08031348977e-36
0.0685383229826 2.29064593436e-34 1.89771964881e-36
0.0710168632753 2.11969668536e-34 1.72224426731e-36
0.0735850346199 1.95329142114e-34 1.55428606593e-36
0.0762460783297 1.79178193137e-34 1.39422106799e-36
0.0790033529328 1.63551121671e-34 1.24239727176e-36
0.0818603384117 1.4848293423e-34 1.0991298346e-36
0.0848206405945 1.34007295208e-34 9.64695463467e-37
0.0878879957065 1.20157308649e-34 8.39326949736e-37
0.0910662750855 1.06965189722e-34 7.23207955377e-37
0.0943594900678 9.44614700957e-35 6.16465013741e-37
0.0977717970511 8.26751152312e-35 5.19165517836e-37
0.10130750274 7.1632843683e-35 4.31308286751e-37
0.104971069582 6.13588771352e-35 3.52819648435e-37
0.1087671214 5.18745185231e-35 2.83547998284e-37
0.112700449226 4.31972050277e-35 2.23259207515e-37
0.116776017349 3.53405048564e-35 1.71632470657e-37
0.120998969585 2.83130090307e-35 1.28257802485e-37
0.125374635758 2.21178282761e-35 9.26345161098e-38
0.129908538441 1.67515896094e-35 6.41717664422e-38
0.134606399913 1.22032954103e-35 4.21915948981e-38
0.13947414939 8.45334362714e-36 2.5935785863e-38
0.144517930504 5.47207205554e-36 1.45748828886e-38
0.149744109059 3.2176682486e-36 7.22514844275e-39
0.155159281064 1.63355482648e-36 2.97128424335e-39
0.160770281059 6.4434033607e-37 9.00472965132e-40
0.16658419074 1.48568145399e-37 1.53151569848e-40
0.172608347896 4.76152045021e-39 3.32373794541e-42
0.178850355674 0.0 0.0
0.18531809217 0.0 0.0
0.192019720375 0.0 0.0
0.198963698477 0.0 0.0
0.206158790536 0.0 0.0
0.213614077547 0.0 0.0
0.221338968896 0.0 0.0
0.229343214242 0.0 0.0
0.237636915818 0.0 0.0
0.246230541184 0.0 0.0
0.255134936434 0.0 0.0
0.26436133989 0.0 0.0
0.273921396283 0.0 0.0
0.283827171449 0.0 0.0
0.294091167561 0.0 0.0
0.304726338905 0.0 0.0
0.31574610823 0.0 0.0
0.327164383692 0.0 0.0
0.338995576404 0.0 0.0
0.351254618624 0.0 0.0
0.363956982607 0.0 0.0
0.377118700124 0.0 0.0
0.390756382704 0.0 0.0
0.404887242595 0.0 0.0
0.419529114486 0.0 0.0
0.434700478024 0.0 0.0
0.450420481128 0.0 0.0
0.466708964163 0.0 0.0
0.483586484977 0.0 0.0
0.501074344847 0.0 0.0
0.519194615366 0.0 0.0
0.537970166298 0.0 0.0
0.557424694443 0.0 0.0
0.577582753543 0.0 0.0
0.598469785276 0.0 0.0
0.62011215136 0.0 0.0
0.64253716683 0.0 0.0
0.665773134509 0.0 0.0
0.68984938073 0.0 0.0
0.71479629235 0.0 0.0
0.740645355102 0.0 0.0
0.767429193331 0.0 0.0
0.795181611172 0.0 0.0
0.823937635211 0.0 0.0
0.853733558699 0.0 0.0
0.884606987351 0.0 0.0
0.916596886811 0.0 0.0
0.949743631833 0.0 0.0
0.984089057237 0.0 0.0
1.01967651071 0.0 0.0
1.0565509075 0.0 0.0
1.09475878715 0.0 0.0
1.13434837217 0.0 0.0
1.17536962895 0.0 0.0
