0.001 1.42075005603e-33 2.70626516443e-35
0.00103651035368 1.59598589135e-33 2.70449594671e-35
0.00107435371328 1.76669502155e-33 2.70257564325e-35
0.00111357874733 1.92091655059e-33 2.70020989468e-35
0.00115423590124 2.06606301571e-33 2.69763179452e-35
0.00119637746223 2.18160474604e-33 2.69475416552e-35
0.00124005762651 2.2830513145e-33 2.69166255759e-35
0.00128533256903 2.34957680356e-33 2.68832775663e-35
0.00133226051572 2.39846184062e-33 2.68478745913e-35
0.00138090181834 2.41450233992e-33 2.68107245276e-35
0.00143131903213 2.41236164978e-33 2.677127419e-35
0.00148357699622 2.38465480081e-33 2.67320562267e-35
0.00153774291706 2.34145018236e-33 2.66906263084e-35
0.00159388645483 2.28181078836e-33 2.66497531249e-35
0.00165207981301 2.21161849337e-33 2.66077284144e-35
0.00171239783129 2.13317252117e-33 2.65659598442e-35
0.00177491808175 2.04971304652e-33 2.65244348823e-35
0.00183972096867 1.96367698012e-33 2.64828930336e-35
0.0019068898319 1.87743139121e-33 2.64418895085e-35
0.00197651105409 1.79170012309e-33 2.64011171812e-35
0.00204867417173 1.70911712338e-33 2.6360220467e-35
0.00212347199031 1.62821330089e-33 2.63216188046e-35
0.0022010007037 1.55222164038e-33 2.62812942875e-35
0.00228136001784 1.47796333132e-33 2.62417406636e-35
0.00236465327896 1.4093361687e-33 2.62043434318e-35
0.0024509876065 1.34207625285e-33 2.61675058695e-35
0.00254047403088 1.28030122362e-33 2.61293040425e-35
0.00263322763625 1.21965055143e-33 2.60922720351e-35
0.00272936770857 1.16375296152e-33 2.60555729305e-35
0.00282901788893 1.10904859533e-33 2.60192679203e-35
0.00293230633262 1.05826390887e-33 2.5983755751e-35
0.00303936587391 1.00877613003e-33 2.59485596855e-35
0.00315033419693 9.62471227751e-34 2.591380908e-35
0.00326535401266 9.17544227635e-34 2.58781203426e-35
0.00338457324255 8.75265166958e-34 2.58447422557e-35
0.00350814520869 8.34424254999e-34 2.58120978222e-35
0.00363622883101 7.95800018699e-34 2.57783969946e-35
0.00376898883169 7.58624277641e-34 2.57451980463e-35
0.00390659594694 7.23259144992e-34 2.57122207035e-35
0.00404922714665 6.89405459708e-34 2.56799227641e-35
0.0041970658619 6.57103117447e-34 2.56483845891e-35
0.00435030222093 6.26283264047e-34 2.56174548218e-35
0.00450913329362 5.96715584353e-34 2.55866985896e-35
0.00467376334495 5.68659441814e-34 2.55554882611e-35
0.00484440409769 5.41649343053e-34 2.55255770788e-35
0.00502127500466 5.16113224033e-34 2.54961340487e-35
0.00520460353099 4.91413887539e-34 2.54662149766e-35
0.00539462544667 4.68160612887e-34 2.54370495007e-35
0.00559158512969 4.45574007323e-34 2.54081518133e-35
0.0057957358804 4.2442203702e-34 2.53795856312e-35
0.00600734024722 4.0379512532e-34 2.53516450581e-35
0.00622667036431 3.84564207614e-34 2.53247816555e-35
0.00645400830155 3.65732064699e-34 2.52974145175e-35
0.00668964642728 3.48245808976e-34 2.52711226429e-35
0.00693388778433 3.31118353918e-34 2.52439566274e-35
0.0071870464797 3.15178012499e-34 2.52180725145e-35
0.00744944808858 2.99625929454e-34 2.51921598265e-35
0.007721430073 2.85062897084e-34 2.51664266862e-35
0.00800334221587 2.70921974156e-34 2.51416396115e-35
0.00829554707079 2.57647518992e-34 2.51174960666e-35
0.0085984204283 2.44808207929e-34 2.50930435709e-35
0.00891235179921 2.32688179812e-34 2.50688585258e-35
0.00923774491551 2.21028069342e-34 2.50453094569e-35
0.00957501824957 2.10003918535e-34 2.50224075457e-35
0.00992460555234 1.99484748099e-34 2.49995040996e-35
0.0102869564112 1.89579928415e-34 2.49770805066e-35
0.010662536828 1.80336139619e-34 2.49550783014e-35
0.0110518298187 1.72044361841e-34 2.49325517133e-35
0.0114553360342 1.65460318635e-34 2.49115513938e-35
0.0118735744043 1.61845566474e-34 2.48891738025e-35
0.0123070828052 1.63695736139e-34 2.48671255968e-35
0.0127564187512 1.74738609317e-34 2.48423622618e-35
0.0132221601115 2.00542426441e-34 2.48145136637e-35
0.0137049058536 2.47360087929e-34 2.47799760823e-35
0.0142052768134 3.21487146069e-34 2.47344863275e-35
0.014723916494 4.26035614781e-34 2.46727736166e-35
0.0152614918927 5.59327743053e-34 2.45880557772e-35
0.0158186943593 7.12342540557e-34 2.44751957982e-35
0.0163962404851 8.6972505384e-34 2.43291809383e-35
0.0169948730243 1.01208048057e-33 2.41495129781e-35
0.0176153618491 1.12147678203e-33 2.39383251242e-35
0.0182585049404 1.18565885391e-33 2.37015572234e-35
0.0189251294134 1.20158248093e-33 2.34473882071e-35
0.0196160925817 1.1744316614e-33 2.31851005291e-35
0.0203322830596 1.11546995962e-33 2.29232146315e-35
0.0210746219052 1.03757908769e-33 2.26676655145e-35
0.0218440638046 9.5222033157e-34 2.24230855511e-35
0.0226415982999 8.67462020705e-34 2.2191649277e-35
0.0234682510617 7.87930003733e-34 2.19730249007e-35
0.0243250852082 7.15204041047e-34 2.17673182259e-35
0.0252132026724 6.49495220434e-34 2.15735265541e-35
0.0261337456193 5.90137463427e-34 2.13909830927e-35
0.0270878979148 5.36431041099e-34 2.1219513013e-35
0.0280768866481 4.87717378012e-34 2.10577013546e-35
0.0291019837098 4.43402070656e-34 2.09052285659e-35
0.0301645074278 4.03150473454e-34 2.07612121932e-35
0.0312658242625 3.66745660814e-34 2.06257009593e-35
0.0324073505644 3.35042688865e-34 2.04974868128e-35
0.0335905543953 3.09960518878e-34 2.03754789794e-35
0.0348169574165 2.98489873917e-34 2.02561718013e-35
0.0360881368458 3.09379091353e-34 2.01326171588e-35
0.0374057274857 3.56755735147e-34 1.99920596246e-35
0.0387714238258 4.45717348142e-34 1.98168861097e-35
0.0401869822223 5.66573483628e-34 1.95874115484e-35
0.0416542231565 6.88641072327e-34 1.92928555543e-35
0.0431750335761 7.77497543248e-34 1.89358853432e-35
0.0447513693221 8.01593087759e-34 1.8537489905e-35
0.0463852576436 7.71414476788e-34 1.81258542436e-35
0.0480787998057 6.9975335233e-34 1.77269505017e-35
0.049834173791 6.16108546592e-34 1.7356874478e-35
0.0516536371014 5.34834104458e-34 1.70213178191e-35
0.0535395296608 4.63397055751e-34 1.67197521819e-35
0.0554942768245 4.04714427098e-34 1.6447716789e-35
0.0575203924984 3.65107649707e-34 1.61977274393e-35
0.0596204823723 3.58679210183e-34 1.59540840364e-35
0.0617972472702 4.02322952026e-34 1.56883278978e-35
0.0640534866244 4.89973760252e-34 1.53654085472e-35
0.0663921020754 5.76863353417e-34 1.49651274595e-35
0.0688161012036 6.07705090919e-34 1.45042578482e-35
0.0713286013973 5.69721886929e-34 1.40293434556e-35
0.0739328338618 4.93195329567e-34 1.35848985667e-35
0.0766321477745 4.16799716284e-34 1.31902815233e-35
0.0794300145929 3.73228473795e-34 1.28351996574e-35
0.0823300325184 3.8652605197e-34 1.24809683282e-35
0.085335931124 4.49127010188e-34 1.20771294415e-35
0.0884515761508 4.91654623204e-34 1.16058586417e-35
0.0916809744795 4.63941653407e-34 1.11093827054e-35
0.0950282792833 3.9677618731e-34 1.06457124719e-35
0.0984977953694 3.62908593038e-34 1.02213570499e-35
0.102093984715 3.91976102903e-34 9.78419211239e-36
0.105821472205 4.16481829849e-34 9.29868052334e-36
0.109685051582 3.79030825709e-34 8.80331076803e-36
0.113689691609 3.45113806335e-34 8.33571567525e-36
0.117840542459 3.61942311028e-34 7.86228839697e-36
0.122142942342 3.51007155278e-34 7.3672699639e-36
0.126602424366 3.23178464417e-34 6.88184553679e-36
0.131224723656 3.26300695272e-34 6.39690859147e-36
0.136015784728 3.04269917487e-34 5.90865595874e-36
0.140981769135 2.97113672555e-34 5.42575602234e-36
0.146129063388 2.79839801946e-34 4.94529989791e-36
0.151464287175 2.68417173155e-34 4.4718166229e-36
0.156994301869 2.53453983252e-34 4.00439448777e-36
0.162726219356 2.38219281663e-34 3.54767422974e-36
0.168667411178 2.2273428146e-34 3.1035876356e-36
0.174825518014 2.06641705111e-34 2.67454513795e-36
0.181208459509 1.90059511797e-34 2.26341257348e-36
0.187824444455 1.72778809595e-34 1.87337958498e-36
0.194681981351 1.54930520227e-34 1.50799002557e-36
0.201789889345 1.36405834256e-34 1.17105070089e-36
0.209157309574 1.17177337116e-34 8.66837394252e-37
0.216793716921 9.72967950297e-35 5.9993949266e-37
0.224708932201 7.66378421082e-35 3.75406552184e-37
0.232913134791 5.5276977571e-35 1.98753102859e-37
0.241416875718 3.31102404598e-35 7.59629897303e-38
0.250231091235 1.01352966821e-35 1.36382259263e-38
0.259367116877 0.0 0.0
0.268836702047 0.0 0.0
0.27865202512 0.0 0.0
0.28882570911 0.0 0.0
0.299370837902 0.0 0.0
0.310300973074 0.0 0.0
0.321630171348 0.0 0.0
0.333373002658 0.0 0.0
0.345544568892 0.0 0.0
0.358160523314 0.0 0.0
0.371237090693 0.0 0.0
0.384791088173 0.0 0.0
0.398839946895 0.0 0.0
0.413401734417 0.0 0.0
0.428495177952 0.0 0.0
0.444139688449 0.0 0.0
0.460355385556 0.0 0.0
0.477163123501 0.0 0.0
0.494584517902 0.0 0.0
0.512641973575 0.0 0.0
0.531358713341 0.0 0.0
0.550758807895 0.0 0.0
0.570867206763 0.0 0.0
0.591709770385 0.0 0.0
0.613313303377 0.0 0.0
0.635705588999 0.0 0.0
0.658915424889 0.0 0.0
0.682972660096 0.0 0.0
0.707908233468 0.0 0.0
0.733754213444 0.0 0.0
0.76054383929 0.0 0.0
0.788311563851 0.0 0.0
0.817093097856 0.0 0.0
0.846925455847 0.0 0.0
0.877847003779 0.0 0.0
0.909897508363 0.0 0.0
0.943118188204 0.0 0.0
0.977551766816 0.0 0.0
1.01324252756 0.0 0.0
1.05023637061 0.0 0.0
1.08858087194 0.0 0.0
1.12832534458 0.0 0.0
1.16952090198 0.0 0.0
1.21222052375 0.0 0.0
1.2564791238 0.0 0.0
