0.38359 1.0E-16
0.38369 1.9999999e-05
0.38379 0.00022
0.38389 0.00187
0.38399 0.01152
0.38409 0.050650001
0.38419 0.15855
0.384289999995 0.35442
0.384389999996 0.57417
0.38449 0.69841
0.38459 0.68431
0.38469 0.60023
0.38479 0.52127
0.38489 0.46715
0.38499 0.42841
0.38509 0.39618
0.38519 0.3672
0.38529 0.3406
0.38539 0.31603
0.38549 0.2933
0.38559 0.27224
0.38569 0.25271
0.38579 0.2346
0.38589 0.21778
0.38599 0.20216
0.38609 0.18765
0.38619 0.17418
0.38629 0.16166
0.38639 0.15004
0.38649 0.13924
0.38659 0.12921
0.38669 0.11989
0.38679 0.11124
0.38689 0.1032
0.38699 0.095739998
0.38709 0.088809997
0.38719 0.082379997
0.38729 0.076410003
0.38739 0.070869997
0.38749 0.065729998
0.38759 0.06095
0.38769 0.05652
0.38779 0.052409999
0.38789 0.048590001
0.38799 0.045049999
0.38809 0.04177
0.38819 0.038720001
0.38829 0.0359
0.38839 0.03328
0.38849 0.030850001
0.38859 0.028589999
0.38869 0.0265
0.38879 0.024569999
0.38889 0.022770001
0.38899 0.0211
0.38909 0.01956
0.38919 0.01812
0.38929 0.016790001
0.38939 0.01556
0.38949 0.01442
0.38959 0.01336
0.38969 0.01238
0.38979 0.01147
0.38989 0.01063
0.38999 0.00985
0.39009 0.0091300001
0.39019 0.0084600002
0.39029 0.0078299996
0.39039 0.0072599999
0.39049 0.00673
0.39059 0.0062299999
0.39069 0.0057700002
0.39079 0.0053500002
0.39089 0.00495
0.39099 0.00459
0.39109 0.0042500002
0.39119 0.0039400002
0.39129 0.0036500001
0.39139 0.0033799999
0.39149 0.0031300001
0.39159 0.0029
0.39169 0.00269
0.39189 1.E-16
